0 0 -1 -6.12166
0.1 8.53846 7.53846 -5.51199
0.2 1.46154 0.461537 -4.96424
0.3 0 -1 -4.07566
0.4 0 -1 -3.07782
0.5 0 -1 -2.0798
0.6 0 -1 -1.07441
0.7 0 -1 -0.132855
0.8 12.6421 11.6421 0.212763
0.9 16.5254 15.5254 -0.160862
1 12.8722 11.8722 -0.670669
1.1 23.2146 22.2146 -1.45822
1.2 14.7457 13.7457 -2.23341
1.3 0 -1 -2.03425
1.4 5.66594 4.66594 -1.47181
1.5 22.0028 21.0028 -1.72846
1.6 2.33121 1.33121 -1.85708
1.7 0 -1 -1.0968
1.8 5.29401 4.29401 -0.413973
1.9 15.9281 14.9281 -0.422593
2 8.77789 7.77789 -0.589768
2.1 8.2391 7.2391 -0.604249
2.2 31.4554 30.4554 -1.49942
2.3 15.4335 14.4335 -2.80475
2.4 28.2695 27.2695 -3.97621
2.5 6.60254 5.60254 -4.61367
2.6 0 -1 -4.08265
2.7 6.22817 5.22817 -3.46658
2.8 16.4649 15.4649 -3.52724
2.9 7.30694 6.30694 -3.67528
3 8.87204 7.87204 -3.54172
3.1 11.128 10.128 -3.55105
3.2 15.1631 14.1631 -3.81969
3.3 7.2302 6.2302 -3.92102
3.4 8.20234 7.20234 -3.76115
3.5 13.5078 12.5078 -3.8205
3.6 9.94581 8.94581 -3.95323
3.7 5.9508 4.9508 -3.75385
3.8 5.0432 4.0432 -3.40655
3.9 22.4466 21.4466 -3.76643
4 17.8662 16.8662 -4.64625
4.1 7.10387 6.10387 -4.92646
4.2 8.33687 7.33687 -4.78976
4.3 16.773 15.773 -5.0058
4.4 10.1105 9.11051 -5.28416
4.5 5.01532 4.01532 -5.10652
4.6 12.2768 11.2768 -5.02546
4.7 17.7875 16.7875 -5.43616
4.8 7.24022 6.24022 -5.69731
4.9 13.0266 12.0266 -5.74227
5 10.7613 9.76129 -5.97397
5.1 23.9422 22.9422 -6.61549
5.2 2.26994 1.26994 -6.89343
5.3 9.10361 8.10361 -6.57916
5.4 11.1142 10.1142 -6.59006
5.5 19.7822 18.7822 -7.09227
5.6 11.4162 10.4162 -7.59855
5.7 8.58376 7.58376 -7.60275
5.8 0 -1 -7.04026
5.9 0 -1 -6.08008
6 0 -1 -5.10436
6.1 5.92734 4.92734 -4.39361
6.2 4.07266 3.07266 -3.87778
6.3 7.93827 6.93827 -3.51874
6.4 12.0617 11.0617 -3.44155
6.5 2.47058 1.47058 -3.23044
6.6 17.1491 16.1491 -3.17763
6.7 0.380352 -0.619648 -2.97626
6.8 0 -1 -2.08518
6.9 0 -1 -1.07628
7 0 -1 -0.0795222
7.1 0 -1 0.921719
7.2 0 -1 1.92194
7.3 0 -1 2.90812
7.4 3.55766 2.55766 3.69456
7.5 11.1819 10.1819 3.96504
7.6 12.9058 11.9058 3.80312
7.7 11.8228 10.8228 3.57109
7.8 10.5318 9.53184 3.49411
7.9 3.44042 2.44042 3.6844
8 24.1111 23.1111 3.32267
8.1 13.6695 12.6695 2.54506
8.2 12.4574 11.4574 2.15254
8.3 18.041 17.041 1.6062
8.4 22.7988 21.7988 0.593052
8.5 22.3024 21.3024 -0.648217
8.6 22.9699 21.9699 -1.86949
8.7 12.9745 11.9745 -2.63834
8.8 7.23492 6.23492 -2.66256
8.9 0 -1 -2.048
9 0 -1 -1.07846
9.1 0 -1 -0.112707
9.2 8.0133 7.0133 0.477107
9.3 9.14234 8.14234 0.690561
9.4 2.84436 1.84436 1.05876
9.5 11.6949 10.6949 1.22637
9.6 25.7434 24.7434 0.466717
9.7 12.6183 11.6183 -0.416155
9.8 18.6025 17.6025 -1.06267
9.9 22.1646 21.1646 -2.05381
10 18.2082 17.2082 -2.98096
10.1 2.68011 1.68011 -3.08418
10.2 10.9133 9.91334 -2.84566
10.3 12.9293 11.9293 -3.00115
10.4 14.4454 13.4454 -3.34
10.5 9.47084 8.47084 -3.53775
10.6 10.5292 9.52916 -3.51184
10.7 0 -1 -3.03089
10.8 0 -1 -2.08325
10.9 0.749708 -0.250292 -1.15778
11 10.0439 9.0439 -0.730219
11.1 18.4313 17.4313 -1.17001
11.2 30.9071 29.9071 -2.58391
11.3 26.7598 25.7598 -4.37873
11.4 20.1456 19.1456 -5.72054
11.5 12.9627 11.9627 -6.35211
11.6 2.67926 1.67926 -6.19014
11.7 7.32074 6.32074 -5.72947
11.8 5.5535 4.5535 -5.34281
11.9 5.40939 4.40939 -4.92492
12 9.03711 8.03711 -4.60207
12.1 0 -1 -4.03701
12.2 0 -1 -3.08228
12.3 0 -1 -2.07764
12.4 0 -1 -1.07887
12.5 0 -1 -0.078614
12.6 0 -1 0.921657
12.7 0 -1 1.92102
12.8 0 -1 2.91564
12.9 2.10847 1.10847 3.77622
13 7.89153 6.89153 4.32361
13.1 2.75737 1.75737 4.68715
13.2 30.5724 29.5724 3.9615
13.3 36.1501 35.1501 1.81438
13.4 25.0956 24.0956 -0.199101
13.5 16.9602 15.9602 -1.32114
13.6 10.3752 9.37522 -1.745
13.7 16.4589 15.4589 -2.18776
13.8 30.5664 29.5664 -3.46303
13.9 20.5529 19.5529 -4.90322
14 9.28644 8.28644 -5.40863
14.1 1.22442 0.224418 -5.02039
14.2 10.5733 9.57329 -4.69889
14.3 19.4267 18.4267 -5.05541
14.4 0 -1 -4.98992
14.5 0 -1 -4.08577
14.6 0 -1 -3.07794
14.7 0 -1 -2.07475
14.8 0 -1 -1.12341
14.9 9.28983 8.28983 -0.545459
15 0.710174 -0.289826 -0.0147562
15.1 4.29821 3.29821 0.650449
15.2 12.7327 11.7327 0.812591
15.3 12.9691 11.9691 0.630953
15.4 0.785816 -0.214184 0.875526
15.5 14.5127 13.5127 1.03873
15.6 17.0991 16.0991 0.566411
15.7 7.60244 6.60244 0.392626
15.8 0.263123 -0.736877 0.760761
15.9 37.9148 36.9148 -0.0589286
16 11.8221 10.8221 -1.31299
16.1 3.46159 2.46159 -1.29825
16.2 19.3968 18.3968 -1.46247
16.3 17.1416 16.1416 -2.1255
16.4 0 -1 -2.04437
16.5 8.43173 7.43173 -1.51327
16.6 1.56827 0.568271 -0.958312
16.7 0 -1 -0.0867674
16.8 4.01661 3.01661 0.642145
16.9 15.9834 14.9834 0.744661
17 0 -1 0.949563
17.1 9.68579 8.68579 1.43169
17.2 0.314215 -0.685785 1.94219
17.3 10.2501 9.25014 2.3417
17.4 13.7313 12.7313 2.21893
17.5 9.97144 8.97144 1.99471
17.6 21.9481 20.9481 1.31547
17.7 32.417 31.417 -0.199361
17.8 3.46646 2.46646 -0.983625
17.9 10.5606 9.56056 -0.818034
18 7.65506 6.65506 -0.64384
18.1 0 -1 -0.0431152
18.2 0.0290356 -0.970964 0.870499
18.3 9.97096 8.97096 1.41847
18.4 0 -1 1.97714
18.5 0 -1 2.82216
18.6 21.8027 20.8027 2.71416
18.7 24.7121 23.7121 1.59546
18.8 3.48518 2.48518 1.17786
18.9 6.95111 5.95111 1.51848
19 13.0489 12.0489 1.60885
19.1 0 -1 1.95616
19.2 7.17574 6.17574 2.45634
19.3 20.9809 19.9809 2.18227
19.4 1.84335 0.843351 2.11103
19.5 0 -1 2.91965
19.6 1.10707 0.107065 3.82721
19.7 8.89293 7.89293 4.33454
19.8 8.47106 7.47106 4.48908
19.9 10.7606 9.76055 4.56869
20 1.28734 0.287342 4.94596
20.1 9.48104 8.48104 5.31421
20.2 17.0071 16.0071 5.10895
20.3 2.99292 1.99292 5.09021
20.4 12.5318 11.5318 5.26509
20.5 9.30576 8.30576 5.17342
20.6 20.4947 19.4947 4.64989
20.7 22.4645 21.4645 3.58098
20.8 17.9641 16.9641 2.56066
20.9 19.1126 18.1126 1.6597
21 23.2727 22.2727 0.608969
21.1 10.9288 9.92876 -0.10398
21.2 16.1224 15.1224 -0.534498
21.3 17.8027 16.8027 -1.11356
21.4 0 -1 -0.998308
21.5 0 -1 -0.0866847
21.6 0 -1 0.907747
21.7 6.23792 5.23792 1.4629
21.8 30.1122 29.1122 0.802569
21.9 5.85263 4.85263 0.0530581
22 17.3206 16.3206 -0.152993
22.1 0.476702 -0.523298 0.0302049
22.2 1.06071 0.0607116 0.794793
22.3 15.3383 14.3383 0.987595
22.4 13.601 12.601 0.67941
22.5 1.06304 0.0630373 0.824176
22.6 21.6347 20.6347 0.702495
22.7 7.97732 6.97732 0.282638
22.8 15.8504 14.8504 0.0716616
22.9 4.46943 3.46943 0.0788668
23 9.00505 8.00505 0.373258
23.1 3.11 2.11 0.777023
23.2 6.89 5.89 1.27598
23.3 0 -1 1.93861
23.4 5.02187 4.02187 2.59271
23.5 14.9781 13.9781 2.69081
23.6 2.78836 1.78836 2.76795
23.7 17.2116 16.2116 2.79095
23.8 0 -1 2.96732
23.9 10.1576 9.1576 3.28669
24 25.045 24.045 2.66205
24.1 10.0202 9.0202 1.95061
24.2 14.7772 13.7772 1.62767
24.3 15.0529 14.0529 1.21699
24.4 4.94705 3.94705 1.18703
24.5 12.1452 11.1452 1.22227
24.6 23.1433 22.1433 0.579957
24.7 6.59757 5.59757 0.128897
24.8 8.11392 7.11392 0.354063
24.9 0 -1 0.901273
25 13.6461 12.6461 1.15772
25.1 16.6988 15.6988 0.735867
25.2 12.7053 11.7053 0.243397
25.3 16.9498 15.9498 -0.175215
25.4 0 -1 -0.0142487
25.5 4.12495 3.12495 0.638661
25.6 14.4814 13.4814 0.799766
25.7 1.39367 0.393667 1.05975
25.8 0 -1 1.90648
25.9 3.79238 2.79238 2.70288
26 6.20762 5.20762 3.24996
26.1 0 -1 3.92709
26.2 7.17664 6.17664 4.42606
26.3 29.0439 28.0439 3.71206
26.4 16.2781 15.2781 2.55818
26.5 16.0601 15.0601 1.79116
26.6 30.583 29.583 0.557754
26.7 10.8582 9.85819 -0.39475
26.8 0 -1 -0.0408326
26.9 1.49858 0.498583 0.783765
27 13.765 12.765 1.02337
27.1 14.7364 13.7364 0.68311
27.2 8.64153 7.64153 0.534161
27.3 5.69172 4.69172 0.728652
27.4 17.339 16.339 0.608052
27.5 8.32771 7.32771 0.383705
27.6 8.58199 7.58199 0.465678
27.7 13.0034 12.0034 0.403429
27.8 11.0474 10.0474 0.232823
27.9 7.36713 6.36713 0.341983
28 0 -1 0.909291
28.1 10.383 9.38298 1.30425
28.2 22.8532 21.8532 0.633567
28.3 32.903 31.903 -0.960421
28.4 3.86079 2.86079 -1.73528
28.5 0 -1 -1.07253
28.6 0 -1 -0.0960839
28.7 5.39903 4.39903 0.574231
28.8 16.522 15.522 0.542777
28.9 8.07895 7.07895 0.402985
29 0 -1 0.952665
29.1 0 -1 1.92337
29.2 0 -1 2.86659
29.3 13.0564 12.0564 3.18626
29.4 16.9436 15.9436 2.83186
29.5 0 -1 2.99777
29.6 0 -1 3.91394
29.7 0 -1 4.92693
29.8 0 -1 5.88024
29.9 8.54125 7.54125 6.48685
30 1.45875 0.458745 7.03769
30.1 0.343201 -0.656799 7.8599
30.2 10.7704 9.77038 8.30602
30.3 8.88642 7.88642 8.41885
30.4 1.54877 0.548771 8.77859
30.5 22.8695 21.8695 8.55612
30.6 14.5637 13.5637 7.85606
30.7 2.93299 1.93299 7.85142
30.8 18.2881 17.2881 7.77323
30.9 12.2004 11.2004 7.30894
31 14.8818 13.8818 6.97266
31.1 2.71466 1.71466 7.13179
31.2 0 -1 7.86649
31.3 13.2915 12.2915 8.21996
31.4 8.47894 7.47894 8.19261
31.5 8.80419 7.80419 8.29832
31.6 9.42533 8.42533 8.38877
31.7 8.91394 7.91394 8.50908
31.8 3.76621 2.76621 8.78313
31.9 20.6076 19.6076 8.61139
32 6.71222 5.71222 8.28184
32.1 16.5691 15.5691 8.05991
32.2 11.2744 10.2744 7.77241
32.3 3.95497 2.95497 7.86222
32.4 27.3539 26.3539 7.29271
32.5 20.4476 19.4476 6.09598
32.6 4.27436 3.27436 5.80922
32.7 6.12561 5.12561 6.19532
32.8 9.57783 8.57783 6.47205
32.9 0.422167 -0.577833 6.95196
33 8.07548 7.07548 7.46309
33.1 11.4206 10.4206 7.54027
33.2 10.504 9.50396 7.41088
33.3 18.1502 17.1502 7.05092
33.4 1.84977 0.849772 7.1
33.5 0.289899 -0.710101 7.86635
33.6 9.7101 8.7101 8.34759
33.7 13.4837 12.4837 8.26252
33.8 6.51626 5.51626 8.27809
33.9 8.9546 7.9546 8.35595
34 31.2565 30.2565 7.41416
34.1 19.7889 18.7889 6.01098
34.2 9.6886 8.6886 5.50088
34.3 6.38271 5.38271 5.54154
34.4 28.0407 27.0407 4.91105
34.5 5.88802 4.88802 4.35027
34.6 0 -1 4.93115
34.7 1.6176 0.617602 5.80752
34.8 8.3824 7.3824 6.27579
34.9 15.4291 14.4291 6.15407
35 8.06405 7.06405 6.01509
35.1 6.50689 5.50689 6.27832
35.2 0 -1 6.95526
35.3 0 -1 7.8742
35.4 9.21169 8.21169 8.45808
35.5 0.788314 -0.211686 9.00465
35.6 0 -1 9.92233
35.7 0 -1 10.9121
35.8 2.19289 1.19289 11.7807
35.9 9.0954 8.0954 12.1217
36 28.4186 27.4186 11.393
36.1 5.01131 4.01131 10.8081
36.2 5.28183 4.28183 11.1987
36.3 0 -1 11.9318
36.4 3.56598 2.56598 12.7184
36.5 6.43402 5.43402 13.128
36.6 31.1873 30.1873 12.2055
36.7 39.1924 38.1924 9.93541
36.8 12.5582 11.5582 8.37826
36.9 12.7979 11.7979 7.91073
37 28.6265 27.6265 6.81786
37.1 32.872 31.872 4.96155
37.2 2.76573 1.76573 4.20728
37.3 0 -1 4.91271
37.4 2.68822 1.68822 5.75527
37.5 7.31178 6.31178 6.25457
37.6 12.1489 11.1489 6.19804
37.7 31.7336 30.7336 5.13455
37.8 9.33326 8.33326 4.15124
37.9 15.4586 14.4586 3.74814
38 23.228 22.228 2.93179
38.1 8.09758 7.09758 2.38393
38.2 10.6638 9.66381 2.37348
38.3 9.33619 8.33619 2.43817
38.4 0 -1 2.96223
38.5 0 -1 3.91746
38.6 0 -1 4.92517
38.7 0 -1 5.88873
38.8 6.88953 5.88953 6.56468
38.9 3.11047 2.11047 7.06363
39 11.6828 10.6828 7.24274
39.1 22.9481 21.9481 6.59149
39.2 16.3981 15.3981 5.6534
39.3 18.9157 17.9157 4.91862
39.4 6.3936 5.3936 4.62636
39.5 14.1785 13.1785 4.56673
39.6 9.68863 8.68863 4.31994
39.7 28.746 27.746 3.44798
39.8 11.0486 10.0486 2.61777
39.9 0 -1 2.8903
40 15.0868 14.0868 3.14242
40.1 4.91323 3.91323 3.23927
40.2 0 -1 3.93643
40.3 1.50715 0.507155 4.78639
40.4 12.6989 11.6989 5.1156
40.5 5.79398 4.79398 5.27062
40.6 0 -1 5.94365
40.7 1.5296 0.529605 6.76773
40.8 15.853 14.853 6.97199
40.9 2.61744 1.61744 7.1127
41 3.64859 2.64859 7.71762
41.1 6.41957 5.41957 8.19834
41.2 12.8202 11.8202 8.22206
41.3 18.3824 17.3824 7.68301
41.4 18.6945 17.6945 6.94215
41.5 0.034668 -0.965332 7.00953
41.6 0 -1 7.88533
41.7 6.17191 5.17191 8.59959
41.8 3.82809 2.82809 9.10383
41.9 8.37904 7.37904 9.48491
42 8.12074 7.12074 9.64056
42.1 17.4575 16.4575 9.35491
42.2 16.0427 15.0427 8.80798
42.3 1.0218 0.0218004 8.84441
42.4 22.2485 21.2485 8.57717
42.5 27.4943 26.4943 7.28402
42.6 9.23533 8.23533 6.49722
42.7 2.37846 1.37846 6.7995
42.8 8.62365 7.62365 7.20677
42.9 12.9533 11.9533 7.13763
43 15.8345 14.8345 6.79341
43.1 0.210137 -0.789863 6.98247
43.2 5.0112 4.0112 7.63975
43.3 4.9888 3.9888 8.20177
43.4 0 -1 8.89337
43.5 10.5366 9.53665 9.34947
43.6 11.7019 10.7019 9.18989
43.7 31.1964 30.1964 8.10815
43.8 17.7945 16.7945 6.77414
43.9 13.4536 12.4536 6.15995
44 8.56359 7.56359 6.006
44.1 21.3248 20.3248 5.31713
44.2 52.6415 51.6415 2.86469
44.3 14.6851 13.6851 0.676954
44.4 8.10199 7.10199 0.322786
44.5 11.4766 10.4766 0.347699
44.6 8.5234 7.5234 0.361143
44.7 8.77716 7.77716 0.46745
44.8 11.2228 10.2228 0.499902
44.9 4.83195 3.83195 0.709549
45 5.24061 4.24061 1.1501
45.1 9.92744 8.92744 1.40199
45.2 9.10946 8.10946 1.466
45.3 10.1471 9.14714 1.50336
45.4 8.53645 7.53645 1.60354
45.5 2.20695 1.20695 2.05945
45.6 3.64788 2.64788 2.66526
45.7 17.1801 16.1801 2.67967
45.8 9.17203 8.17203 2.35424
45.9 23.792 22.792 1.68925
46 16.208 15.208 0.847184
46.1 0 -1 0.964657
46.2 5.52135 4.52135 1.61133
46.3 6.61581 5.61581 2.03212
46.4 7.86285 6.86285 2.3013
46.5 8.87475 7.87475 2.50782
46.6 1.12525 0.125251 3.01804
46.7 0 -1 3.92228
46.8 0 -1 4.9258
46.9 0 -1 5.87941
47 8.89483 7.89483 6.45345
47.1 6.15092 5.15092 6.67992
47.2 20.5814 19.5814 6.2771
47.3 29.4938 28.4938 4.91024
47.4 14.879 13.879 3.79915
47.5 0 -1 3.96512
47.6 4.95593 3.95593 4.60426
47.7 13.1917 12.1917 4.78649
47.8 2.77751 1.77751 4.93439
47.9 20.32 19.32 4.77972
48 8.75486 7.75486 4.43673
48.1 4.99783 3.99783 4.67848
48.2 5.00217 4.00217 5.19837
48.3 0 -1 5.90138
48.4 9.3828 8.3828 6.40312
48.5 10.6172 9.6172 6.46291
48.6 7.41073 6.41073 6.55959
48.7 10.9508 9.9508 6.51999
48.8 29.6143 28.6143 5.6532
48.9 2.02418 1.02418 5.06967
49 20.3172 19.3172 4.83698
49.1 13.719 12.719 4.28085
49.2 5.96387 4.96387 4.23416
49.3 8.19061 7.19061 4.53606
49.4 1.80939 0.809388 4.96742
49.5 18.2663 17.2663 4.93171
49.6 18.1419 17.1419 4.21291
49.7 13.5919 12.5919 3.64164
49.8 9.40581 8.40581 3.42497
49.9 19.7184 18.7184 2.91914
50 25.6908 24.6908 1.74075
50.1 15.1851 14.1851 0.805286
50.2 0.151739 -0.848261 0.875662
50.3 21.7963 20.7963 0.774463
50.4 8.05197 7.05197 0.400889
50.5 8.10635 7.10635 0.452183
50.6 19.009 18.009 0.188875
50.7 2.88465 1.88465 0.110664
50.8 9.55343 8.55343 0.410728
50.9 8.96399 7.96399 0.508685
51 12.8657 11.8657 0.402228
51.1 13.2319 12.2319 0.154272
51.2 6.52611 5.52611 0.148726
51.3 8.85885 7.85885 0.377844
51.4 4.75406 3.75406 0.623483
51.5 21.3144 20.3144 0.379628
51.6 3.93151 2.93151 0.22333
51.7 0 -1 0.892757
51.8 8.70052 7.70052 1.43503
51.9 11.2995 10.2995 1.50224
52 5.98476 4.98476 1.61409
52.1 14.846 13.846 1.47065
52.2 28.5206 27.5206 0.434295
52.3 10.6486 9.64864 -0.441671
52.4 5.54661 4.54661 -0.338352
52.5 7.2042 6.2042 -0.103643
52.6 29.1484 28.1484 -0.860893
52.7 18.8348 17.8348 -2.16031
52.8 18.1632 17.1632 -2.98249
52.9 1.10285 0.102851 -3.00606
53 15.1801 14.1801 -2.92598
53.1 18.4783 17.4783 -3.49549
53.2 11.8075 10.8075 -4.02902
53.3 16.4253 15.4253 -4.43536
53.4 8.10881 7.10881 -4.59487
53.5 0 -1 -4.08612
53.6 9.44046 8.44046 -3.6053
53.7 10.5595 9.55954 -3.50007
53.8 0 -1 -3.07601
53.9 9.51374 8.51374 -2.59481
54 9.19062 8.19062 -2.5284
54.1 18.6846 17.6846 -2.89768
54.2 11.975 10.975 -3.3754
54.3 10.4412 9.44116 -3.53212
54.4 10.195 9.19496 -3.57638
54.5 12.1077 11.1077 -3.67724
54.6 7.89229 6.89229 -3.62888
54.7 0 -1 -3.04443
54.8 0 -1 -2.09634
54.9 3.8175 2.8175 -1.29927
55 6.1825 5.1825 -0.750274
55.1 0 -1 -0.0619464
55.2 3.2377 2.2377 0.692826
55.3 15.5314 14.5314 0.725309
55.4 23.487 22.487 -0.0946987
55.5 10.008 9.00799 -0.804416
55.6 22.6006 21.6006 -1.42191
55.7 5.13528 4.13528 -1.7107
55.8 0.327838 -0.672162 -1.14639
55.9 14.8791 13.8791 -0.915692
56 12.8295 11.8295 -1.1748
56.1 1.96356 0.963564 -0.963727
56.2 8.07483 7.07483 -0.485629
56.3 1.92517 0.925166 0.0556166
56.4 0 -1 0.919528
56.5 3.63383 2.63383 1.63486
56.6 22.0585 21.0585 1.43644
56.7 9.03291 8.03291 0.931205
56.8 15.2748 14.2748 0.711724
56.9 3.23817 2.23817 0.725323
57 24.1058 23.1058 0.299311
57.1 20.9828 19.9828 -0.751488
57.2 1.67325 0.673247 -0.926275
57.3 6.02952 5.02952 -0.486704
57.4 25.1213 24.1213 -1.05384
57.5 31.1971 30.1971 -2.69273
57.6 12.4271 11.4271 -3.82389
57.7 6.98526 5.98526 -3.9148
57.8 13.5641 12.5641 -4.00301
57.9 23.2366 22.2366 -4.83193
58 25.732 24.732 -6.1418
58.1 5.70704 4.70704 -6.68598
58.2 2.45763 1.45763 -6.22893
58.3 10.0636 9.0636 -5.8519
58.4 7.47876 6.47876 -5.65748
58.5 0 -1 -5.04576
58.6 0 -1 -4.0922
58.7 2.76655 1.76655 -3.24772
58.8 7.23345 6.23345 -2.73796
58.9 7.21107 6.21107 -2.43777
59 9.40019 8.40019 -2.37454
59.1 28.673 27.673 -3.15373
59.2 4.71574 3.71574 -3.71156
59.3 1.74458 0.744579 -3.19609
59.4 8.25542 7.25542 -2.67429
59.5 6.34001 5.34001 -2.50128
59.6 31.6376 30.6376 -3.35988
59.7 19.2362 18.2362 -4.70986
59.8 6.43325 5.43325 -5.11922
59.9 15.4784 14.4784 -5.19196
60 1.2437 0.243699 -5.02788
60.1 9.63085 8.63085 -4.59536
60.2 0 -1 -4.05587
60.3 5.46054 4.46054 -3.37803
60.4 5.326 4.326 -2.90795
60.5 9.21346 8.21346 -2.5982
60.6 1.37496 0.374964 -2.14491
60.7 8.62504 7.62504 -1.65842
60.8 3.26652 2.26652 -1.22866
60.9 6.73348 5.73348 -0.776593
61 11.0154 10.0154 -0.683946
61.1 19.0195 18.0195 -1.12969
61.2 9.96509 8.96509 -1.50089
61.3 2.69189 1.69189 -1.21015
61.4 7.30811 6.30811 -0.699896
61.5 0.896912 -0.103088 -0.163753
61.6 16.1133 15.1133 -0.011978
61.7 8.61599 7.61599 -0.160943
61.8 6.50717 5.50717 0.0336731
61.9 7.86666 6.86666 0.298341
62 9.88837 8.88837 0.425221
62.1 9.55478 8.55478 0.408731
62.2 18.7149 17.7149 0.0772948
62.3 2.44125 1.44125 0.0094182
62.4 13.3497 12.3497 0.167328
62.5 6.05106 5.05106 0.293339
62.6 0 -1 0.90674
62.7 7.90044 6.90044 1.5145
62.8 2.09956 1.09956 2.06789
62.9 0 -1 2.89392
63 7.54947 6.54947 3.49524
63.1 12.4505 11.4505 3.45486
63.2 26.8999 25.8999 2.57436
63.3 13.1001 12.1001 1.65397
63.4 9.95127 8.95127 1.47526
63.5 0.0487302 -0.95127 1.9641
63.6 1.82829 0.828291 2.78677
63.7 8.17171 7.17171 3.33259
63.8 2.04087 1.04087 3.81601
63.9 10.7286 9.72858 4.07141
64 25.0274 24.0274 3.38745
64.1 12.2031 11.2031 2.62562
64.2 5.1484 4.1484 2.68804
64.3 4.8516 3.8516 3.18999
64.4 0 -1 3.89591
64.5 10.4953 9.49529 4.35269
64.6 9.50471 8.50471 4.38699
64.7 14.7257 13.7257 4.12417
64.8 20.9319 19.9319 3.45832
64.9 4.36806 3.36806 3.12325
65 24.9985 23.9985 2.54467
65.1 29.9611 28.9611 0.953088
65.2 18.9821 17.9821 -0.42146
65.3 6.03265 5.03265 -0.711517
65.4 3.90432 2.90432 -0.280654
65.5 6.09568 5.09568 0.243811
65.6 0 -1 0.950584
65.7 0 -1 1.89535
65.8 5.97282 4.97282 2.56727
65.9 12.0049 11.0049 2.7241
66 6.48503 5.48503 2.82796
66.1 5.53727 4.53727 3.21344
66.2 3.55717 2.55717 3.70689
66.3 13.1311 12.1311 3.89108
66.4 8.56766 7.56766 3.78099
66.5 23.9008 22.9008 3.13554
66.6 20.7141 19.7141 2.08326
66.7 0.129185 -0.870815 2.01782
66.8 0 -1 2.89698
66.9 5.19853 4.19853 3.59164
67 14.8015 13.8015 3.68504
67.1 0 -1 3.99112
67.2 1.26526 0.265259 4.7848
67.3 14.2044 13.2044 5.07062
67.4 4.53033 3.53033 5.21599
67.5 0 -1 5.92567
67.6 3.44069 2.44069 6.67394
67.7 17.9112 16.9112 6.56938
67.8 27.6356 26.6356 5.43192
67.9 12.7669 11.7669 4.46084
68 10.9812 9.98118 4.21189
68.1 7.26445 6.26445 4.33347
68.2 1.13248 0.132485 4.85259
68.3 8.86752 7.86752 5.36738
68.4 0 -1 5.96711
68.5 0 -1 6.88536
68.6 7.28051 6.28051 7.50617
68.7 12.7195 11.7195 7.49145
68.8 21.5281 20.5281 6.86451
68.9 8.47188 7.47188 6.40911
69 8.48321 7.48321 6.47321
69.1 11.5168 10.5168 6.52602
69.2 3.42173 2.42173 6.74227
69.3 13.5833 12.5833 6.80159
69.4 28.4555 27.4555 5.5742
69.5 61.2804 60.2804 2.3559
69.6 18.4116 17.4116 -0.411058
69.7 4.84748 3.84748 -0.772498
69.8 0 -1 -0.079159
69.9 6.27876 5.27876 0.517443
70 19.2023 18.2023 0.294607
70.1 15.5836 14.5836 -0.372294
70.2 12.0692 11.0692 -0.756318
70.3 8.49311 7.49311 -0.833309
70.4 15.6363 14.6363 -1.04784
70.5 12.7368 11.7368 -1.36965
70.6 0 -1 -1.02007
70.7 0 -1 -0.125062
70.8 9.49678 8.49678 0.401902
70.9 10.5032 9.50322 0.420145
71 16.8866 15.8866 0.0217691
71.1 21.5917 20.5917 -0.808405
71.2 9.10347 8.10347 -1.32671
71.3 8.86719 7.86719 -1.25711
71.4 3.55109 2.55109 -0.902744
71.5 8.68458 7.68458 -0.501965
71.6 1.31542 0.315418 -0.0165375
71.7 10.1433 9.14335 0.371554
71.8 9.85665 8.85665 0.428215
71.9 8.33792 7.33792 0.485669
72 14.3018 13.3018 0.329866
72.1 16.5115 15.5115 -0.105687
72.2 0.848842 -0.151158 0.0370521
72.3 0 -1 0.919924
72.4 0.919815 -0.0801845 1.81538
72.5 13.9694 12.9694 2.04624
72.6 20.9429 19.9429 1.31509
72.7 29.0134 28.0134 -0.0434724
72.8 5.15445 4.15445 -0.689663
72.9 1.2684 0.268399 -0.171746
73 8.7316 7.7316 0.359622
73.1 1.96728 0.967276 0.824871
73.2 8.03272 7.03272 1.32473
73.3 1.6638 0.663798 1.83695
73.4 8.3362 7.3362 2.34245
73.5 0 -1 2.9509
73.6 3.18733 2.18733 3.7233
73.7 6.81267 5.81267 4.27161
73.8 3.71108 2.71108 4.65248
73.9 24.4091 23.4091 4.29984
74 9.59151 8.59151 3.73673
74.1 2.28831 1.28831 4.05714
74.2 3.48048 2.48048 4.72563
74.3 6.87246 5.87246 5.20575
74.4 10.6089 9.6089 5.26215
74.5 26.8857 25.8857 4.47268
74.6 12.5633 11.5633 3.581
74.7 12.6885 11.6885 3.19237
74.8 23.8341 22.8341 2.34297
74.9 28.539 27.539 0.871393
75 9.70588 8.70588 -0.0714843
75.1 19.826 18.826 -0.622742
75.2 14.9958 13.9958 -1.27195
75.3 9.60629 8.60629 -1.58099
75.4 17.6545 16.6545 -1.89915
75.5 5.68881 4.68881 -2.08959
75.6 17.0504 16.0504 -2.20679
75.7 0 -1 -1.99337
75.8 0 -1 -1.12606
75.9 9.42175 8.42175 -0.638898
76 21.6788 20.6788 -1.20176
76.1 29.9939 28.9939 -2.62964
76.2 8.90553 7.90553 -3.4987
76.3 0 -1 -3.04224
76.4 0 -1 -2.12584
76.5 9.3726 8.3726 -1.55598
76.6 3.59431 2.59431 -1.24662
76.7 20.7579 19.7579 -1.43362
76.8 6.27521 5.27521 -1.65456
76.9 0 -1 -1.16416
77 22.842 21.842 -1.28175
77.1 13.7647 12.7647 -2.0032
77.2 13.3933 12.3933 -2.37756
77.3 5.80269 4.80269 -2.37459
77.4 17.2886 16.2886 -2.66995
77.5 35.1946 34.1946 -4.08826
77.6 5.52129 4.52129 -5.05989
77.7 8.86839 7.86839 -4.92649
77.8 7.3244 6.3244 -4.66732
77.9 0 -1 -4.04937
78 0 -1 -3.08018
78.1 1.22492 0.224916 -2.20797
78.2 15.0486 14.0486 -2.00566
78.3 12.9776 11.9776 -2.32832
78.4 9.40472 8.40472 -2.43092
78.5 4.44679 3.44679 -2.22227
78.6 21.2408 20.2408 -2.49728
78.7 13.7482 12.7482 -3.12733
78.8 6.97409 5.97409 -3.24805
78.9 15.9578 14.9578 -3.44062
79 17.8592 16.8592 -4.0054
79.1 3.2087 2.2087 -4.1522
79.2 22.9506 21.9506 -4.49687
79.3 14.6591 13.6591 -5.20715
79.4 0.29883 -0.70117 -4.99742
79.5 0 -1 -4.1576
79.6 17.0979 16.0979 -3.99557
79.7 12.9021 11.9021 -4.35083
79.8 0 -1 -4.0231
79.9 0 -1 -3.09582
80 3.11033 2.11033 -2.26299
80.1 7.79773 6.79773 -1.85861
80.2 20.4222 19.4222 -2.19862
80.3 8.66977 7.66977 -2.54079
80.4 0 -1 -2.13691
80.5 19.6895 18.6895 -2.11435
80.6 11.1059 10.1059 -2.556
80.7 10.7827 9.78269 -2.69077
80.8 8.42194 7.42194 -2.64863
80.9 9.67965 8.67965 -2.60097
81 17.1989 16.1989 -2.97355
81.1 25.1761 24.1761 -4.05992
81.2 24.488 23.488 -5.46403
81.3 17.0459 16.0459 -6.60604
81.4 27.5872 26.5872 -7.78628
81.5 8.82426 7.82426 -8.50852
81.6 0 -1 -8.04955
81.7 0 -1 -7.07316
81.8 0.20838 -0.79162 -6.16858
81.9 16.8325 15.8325 -5.95631
82 2.9591 1.9591 -5.8423
82.1 0 -1 -5.14204
82.2 14.8171 13.8171 -4.85035
82.3 7.38291 6.38291 -4.89547
82.4 7.8 6.8 -4.68328
82.5 6.92902 5.92902 -4.49152
82.6 21.3893 20.3893 -4.81988
82.7 1.68173 0.681726 -4.88955
82.8 0 -1 -4.12296
82.9 9.99637 8.99637 -3.6479
83 16.0669 15.0669 -3.90022
83.1 13.9368 12.9368 -4.32811
83.2 4.83813 3.83813 -4.30571
83.3 11.0012 10.0012 -4.17679
83.4 18.2171 17.2171 -4.57848
83.5 12.2085 11.2085 -5.03762
83.6 6.17552 5.17552 -4.99818
83.7 7.55957 6.55957 -4.68698
83.8 3.58937 2.58937 -4.28735
83.9 14.7547 13.7547 -4.24157
84 16.9876 15.9876 -4.71256
84.1 4.66831 3.66831 -4.7946
84.2 6.09654 5.09654 -4.42457
84.3 13.3211 12.3211 -4.41003
84.4 18.756 17.756 -4.95543
84.5 11.8264 10.8264 -5.39583
84.6 0 -1 -5.1
84.7 16.2428 15.2428 -4.98419
84.8 19.8502 18.8502 -5.68179
84.9 13.907 12.907 -6.32162
85 6.79643 5.79643 -6.42213
85.1 13.2036 12.2036 -6.39059
85.2 0 -1 -6.01532
85.3 0 -1 -5.09923
85.4 3.44239 2.44239 -4.27611
85.5 6.55761 5.55761 -3.7933
85.6 13.195 12.195 -3.76362
85.7 12.0271 11.0271 -3.98331
85.8 10.9647 9.96468 -4.16689
85.9 13.8132 12.8132 -4.32636
86 0 -1 -4.15189
86.1 29.1429 28.1429 -4.59442
86.2 10.8571 9.8571 -5.3909
86.3 0 -1 -5.06815
86.4 6.92709 5.92709 -4.49968
86.5 16.7562 15.7562 -4.66396
86.6 19.6837 18.6837 -5.42869
86.7 15.7311 14.7311 -6.11765
86.8 0.901963 -0.0980371 -5.97774
86.9 3.9271 2.9271 -5.34542
87 15.5305 14.5305 -5.30151
87.1 16.5938 15.5938 -5.85814
87.2 16.7636 15.7636 -6.48483
87.3 7.185 6.185 -6.63765
87.4 0 -1 -6.12335
87.5 16.3523 15.3523 -5.97731
87.6 17.952 16.952 -6.60735
87.7 15.6956 14.6956 -7.23529
87.8 5.63918 4.63918 -7.35265
87.9 12.5396 11.5396 -7.25571
88 3.51518 2.51518 -7.1109
88.1 20.8025 19.8025 -7.30955
88.2 7.5035 6.5035 -7.6422
88.3 8.26521 7.26521 -7.47083
88.4 1.73479 0.734795 -7.00429
88.5 12.5082 11.5082 -6.78221
88.6 16.7231 15.7231 -7.1024
88.7 0.768661 -0.231339 -7.035
88.8 15.9716 14.9716 -6.96506
88.9 18.1848 17.1848 -7.53462
89 5.84357 4.84357 -7.70565
89.1 0 -1 -7.07726
89.2 5.8849 4.8849 -6.45961
89.3 18.4301 17.4301 -6.60594
89.4 10.1192 9.11925 -6.95701
89.5 5.56581 4.56581 -6.76069
89.6 1.04971 0.0497145 -6.14736
89.7 8.95029 7.95029 -5.66805
89.8 9.82361 8.82361 -5.61796
89.9 20.1764 19.1764 -6.08631
90 12.5129 11.5129 -6.63835
90.1 7.73173 6.73173 -6.75177
90.2 18.0301 17.0301 -6.97865
90.3 1.72532 0.725325 -6.9062
90.4 0 -1 -6.12416
90.5 12.4009 11.4009 -5.83262
90.6 27.5991 26.5991 -6.63811
90.7 0.831206 -0.168794 -7.03658
90.8 9.16879 8.16879 -6.6447
90.9 5.36247 4.36247 -6.39367
91 20.0073 19.0073 -6.64085
91.1 11.4226 10.4226 -7.18567
91.2 19.8187 18.8187 -7.71776
91.3 3.9609 2.9609 -7.90247
91.4 13.4543 12.4543 -7.87911
91.5 18.155 17.155 -8.41105
91.6 19.2063 18.2063 -9.21941
91.7 8.61245 7.61245 -9.5574
91.8 0.264112 -0.735888 -9.10569
91.9 9.73589 8.73589 -8.58993
92 0 -1 -8.0698
92.1 9.63829 8.63829 -7.65328
92.2 18.5969 17.5969 -7.94249
92.3 3.82313 2.82313 -8.03436
92.4 7.94173 6.94173 -7.79569
92.5 26.1257 25.1257 -8.36447
92.6 3.87433 2.87433 -8.7632
92.7 0 -1 -8.06752
92.8 0 -1 -7.1152
92.9 8.10194 7.10194 -6.50757
93 5.78492 4.78492 -6.19338
93.1 12.094 11.094 -6.08985
93.2 9.08171 8.08171 -6.09599
93.3 4.93747 3.93747 -5.82864
93.4 9.49232 8.49232 -5.6436
93.5 23.565 22.565 -6.19341
93.6 6.94267 5.94267 -6.64582
93.7 5.51922 4.51922 -6.35245
93.8 4.48078 3.48078 -5.83689
93.9 2.39474 1.39474 -5.21848
94 9.00335 8.00335 -4.80096
94.1 8.60191 7.60191 -4.60071
94.2 0 -1 -4.09852
94.3 12.7885 11.7885 -3.7737
94.4 11.7682 10.7682 -3.93153
94.5 10.3616 9.3616 -4.02283
94.6 5.08179 4.08179 -3.83003
94.7 12.4646 11.4646 -3.76581
94.8 17.4479 16.4479 -4.13942
94.9 0.0874305 -0.912569 -3.9915
95 0 -1 -3.13851
95.1 12.6858 11.6858 -2.79358
95.2 17.3142 16.3142 -3.17299
95.3 4.82981 3.82981 -3.26664
95.4 5.17019 4.17019 -2.80821
95.5 1.42517 0.425174 -2.15991
95.6 8.57483 7.57483 -1.71846
95.7 15.5719 14.5719 -1.85014
95.8 7.89371 6.89371 -1.99189
95.9 6.53442 5.53442 -1.71625
96 0 -1 -1.09228
96.1 10.028 9.02798 -0.648048
96.2 14.5139 13.5139 -0.809102
96.3 10.9576 9.95764 -1.04403
96.4 6.8318 5.8318 -0.960359
96.5 7.66873 6.66873 -0.688586
96.6 7.84624 6.84624 -0.593077
96.7 32.8848 31.8848 -1.50997
96.8 9.26899 8.26899 -2.55214
96.9 21.27 20.27 -3.20963
97 20.4975 19.4975 -4.16133
97.1 8.39542 7.39542 -4.66382
97.2 17.1837 16.1837 -4.98125
97.3 12.6533 11.6533 -5.36508
97.4 0 -1 -5.02506
97.5 0 -1 -4.08042
97.6 0 -1 -3.11675
97.7 9.96824 8.96824 -2.67907
97.8 22.1561 21.1561 -3.20515
97.9 15.7079 14.7079 -4.03242
98 12.1678 11.1678 -4.40451
98.1 0 -1 -4.01919
98.2 0 -1 -3.15132
98.3 15.5687 14.5687 -2.93822
98.4 18.018 17.018 -3.52368
98.5 14.0268 13.0268 -4.11596
98.6 12.3276 11.3276 -4.43434
98.7 9.50016 8.50016 -4.54786
98.8 10.5588 9.5588 -4.49724
98.9 0.421915 -0.578085 -4.21114
99 35.2316 34.2316 -5.01754
99.1 29.0906 28.0906 -7.01474
99.2 18.746 17.746 -8.39576
99.3 6.50987 5.50987 -8.70753
99.4 8.86487 7.86487 -8.5661
99.5 14.7052 13.7052 -8.68813
99.6 6.42998 5.42998 -8.70835
99.7 4.30564 3.30564 -8.2956
99.8 5.69436 4.69436 -7.77575
99.9 0 -1 -7.04868
100 0 -1 -6.12166
