0.000000e+00 1.553150e+01 1.453150e+01 -2.756513e+00
1.000000e-01 9.786847e+00 8.786847e+00 -3.022721e+00
2.000000e-01 2.131534e-01 -7.868466e-01 -2.587712e+00
3.000000e-01 8.901053e+00 7.901053e+00 -2.083843e+00
4.000000e-01 8.805844e+00 7.805844e+00 -1.963939e+00
5.000000e-01 1.637171e+01 1.537171e+01 -2.178967e+00
6.000000e-01 6.385661e+00 5.385661e+00 -2.305728e+00
7.000000e-01 1.303392e+01 1.203392e+01 -2.366520e+00
8.000000e-01 1.988640e+01 1.888640e+01 -2.951628e+00
9.000000e-01 1.633010e+01 1.533010e+01 -3.770678e+00
1.000000e+00 2.233304e+01 2.133304e+01 -4.651367e+00
1.100000e+00 7.952273e+00 6.952273e+00 -5.171477e+00
1.200000e+00 1.764653e+01 1.664653e+01 -5.600453e+00
1.300000e+00 3.038768e+01 2.938768e+01 -6.810560e+00
1.400000e+00 2.768409e+00 1.768409e+00 -7.443371e+00
1.500000e+00 9.197388e+00 8.197388e+00 -7.181802e+00
1.600000e+00 8.608224e+00 7.608224e+00 -6.987341e+00
1.700000e+00 1.391776e+00 3.917761e-01 -6.532325e+00
1.800000e+00 8.236139e+00 7.236139e+00 -6.046673e+00
1.900000e+00 9.740438e+00 8.740438e+00 -5.964339e+00
2.000000e+00 2.018673e+01 1.918673e+01 -6.428652e+00
2.100000e+00 1.459328e+01 1.359328e+01 -7.114787e+00
2.200000e+00 1.306923e+01 1.206923e+01 -7.484061e+00
2.300000e+00 4.174182e+00 3.174182e+00 -7.371827e+00
2.400000e+00 8.333047e+00 7.333047e+00 -7.026571e+00
2.500000e+00 5.709894e+00 4.709894e+00 -6.708225e+00
2.600000e+00 5.957060e+00 4.957060e+00 -6.303767e+00
2.700000e+00 7.462722e+00 6.462722e+00 -6.056924e+00
2.800000e+00 2.253728e+01 2.153728e+01 -6.436024e+00
2.900000e+00 0.000000e+00 -1.000000e+00 -6.536826e+00
3.000000e+00 9.266301e+00 8.266301e+00 -6.100018e+00
3.100000e+00 5.845294e+00 4.845294e+00 -5.795361e+00
3.200000e+00 4.888405e+00 3.888405e+00 -5.333046e+00
3.300000e+00 0.000000e+00 -1.000000e+00 -4.578743e+00
3.400000e+00 0.000000e+00 -1.000000e+00 -3.600658e+00
3.500000e+00 4.550968e-01 -5.449032e-01 -2.668612e+00
3.600000e+00 9.544903e+00 8.544903e+00 -2.121915e+00
3.700000e+00 0.000000e+00 -1.000000e+00 -1.552665e+00
3.800000e+00 0.000000e+00 -1.000000e+00 -6.238181e-01
3.900000e+00 4.320535e+00 3.320535e+00 1.579234e-01
4.000000e+00 5.679465e+00 4.679465e+00 7.023086e-01
4.100000e+00 0.000000e+00 -1.000000e+00 1.430724e+00
4.200000e+00 0.000000e+00 -1.000000e+00 2.329504e+00
4.300000e+00 1.577440e+01 1.477440e+01 2.497707e+00
4.400000e+00 2.605510e+01 2.505510e+01 1.459710e+00
4.500000e+00 2.889796e+01 2.789796e+01 -1.600130e-01
4.600000e+00 1.115575e+01 1.015575e+01 -1.139541e+00
4.700000e+00 8.116785e+00 7.116785e+00 -1.162922e+00
4.800000e+00 2.856724e+00 1.856724e+00 -7.574170e-01
4.900000e+00 1.298104e+01 1.198104e+01 -6.448460e-01
5.000000e+00 2.526967e+01 2.426967e+01 -1.440003e+00
5.100000e+00 1.417392e+01 1.317392e+01 -2.446258e+00
5.200000e+00 2.982020e+01 2.882020e+01 -3.583989e+00
5.300000e+00 4.898448e+00 3.898448e+00 -4.231471e+00
5.400000e+00 4.069985e+00 3.069985e+00 -3.823188e+00
5.500000e+00 5.930015e+00 4.930015e+00 -3.280699e+00
5.600000e+00 0.000000e+00 -1.000000e+00 -2.601359e+00
5.700000e+00 6.610933e+00 5.610933e+00 -2.003467e+00
5.800000e+00 1.619967e+01 1.519967e+01 -2.118348e+00
5.900000e+00 1.636010e+01 1.536010e+01 -2.639969e+00
6.000000e+00 4.831314e+00 3.831314e+00 -2.777970e+00
6.100000e+00 2.037360e+01 1.937360e+01 -3.077941e+00
6.200000e+00 1.562438e+01 1.462438e+01 -3.720927e+00
6.300000e+00 0.000000e+00 -1.000000e+00 -3.535002e+00
6.400000e+00 0.000000e+00 -1.000000e+00 -2.603126e+00
6.500000e+00 0.000000e+00 -1.000000e+00 -1.625094e+00
6.600000e+00 5.744087e+00 4.744087e+00 -9.094301e-01
6.700000e+00 4.255913e+00 3.255913e+00 -3.567853e-01
6.800000e+00 0.000000e+00 -1.000000e+00 3.779864e-01
6.900000e+00 9.171220e+00 8.171220e+00 8.870991e-01
7.000000e+00 1.082878e+01 9.828780e+00 9.859438e-01
7.100000e+00 0.000000e+00 -1.000000e+00 1.439639e+00
7.200000e+00 2.276722e+00 1.276722e+00 2.246401e+00
7.300000e+00 7.723278e+00 6.723278e+00 2.768553e+00
7.400000e+00 7.007208e+00 6.007208e+00 3.021736e+00
7.500000e+00 1.471788e+01 1.371788e+01 2.902743e+00
7.600000e+00 2.002714e+01 1.902714e+01 2.218843e+00
7.700000e+00 1.685879e+01 1.585879e+01 1.406376e+00
7.800000e+00 1.414398e+01 1.314398e+01 8.709095e-01
7.900000e+00 7.245005e+00 6.245005e+00 8.227943e-01
8.000000e+00 0.000000e+00 -1.000000e+00 1.418053e+00
8.100000e+00 5.253852e+00 4.253852e+00 1.984451e+00
8.200000e+00 3.203707e+01 3.103707e+01 1.232127e+00
8.300000e+00 1.510202e+01 1.410202e+01 -1.560234e-02
8.400000e+00 1.847043e+01 1.747043e+01 -7.667607e-01
8.500000e+00 1.319198e+01 1.219198e+01 -1.286337e+00
8.600000e+00 5.944641e+00 4.944641e+00 -1.271224e+00
8.700000e+00 5.153552e+00 4.153552e+00 -8.636778e-01
8.800000e+00 7.728181e+00 6.728181e+00 -5.513489e-01
8.900000e+00 1.546401e+01 1.446401e+01 -6.768221e-01
9.000000e+00 1.233014e+01 1.133014e+01 -1.070616e+00
9.100000e+00 1.863796e+01 1.763796e+01 -1.552680e+00
9.200000e+00 2.362636e+00 1.362636e+00 -1.631274e+00
9.300000e+00 1.524043e+01 1.424043e+01 -1.590128e+00
9.400000e+00 1.308308e+01 1.208308e+01 -1.882030e+00
9.500000e+00 3.349237e+00 2.349237e+00 -1.777270e+00
9.600000e+00 1.453087e+01 1.353087e+01 -1.708398e+00
9.700000e+00 1.211990e+01 1.111990e+01 -1.924076e+00
9.800000e+00 0.000000e+00 -1.000000e+00 -1.569136e+00
9.900000e+00 5.636939e+00 4.636939e+00 -9.544198e-01
1.000000e+01 1.436306e+01 1.336306e+01 -8.842862e-01
1.010000e+01 7.846574e+00 6.846574e+00 -1.016819e+00
1.020000e+01 2.011419e+01 1.911419e+01 -1.440924e+00
1.030000e+01 1.836410e+01 1.736410e+01 -2.302264e+00
1.040000e+01 1.835000e+01 1.735000e+01 -3.134898e+00
1.050000e+01 1.391597e+01 1.291597e+01 -3.733219e+00
1.060000e+01 1.280183e+01 1.180183e+01 -4.141918e+00
1.070000e+01 2.171538e+01 2.071538e+01 -4.807589e+00
1.080000e+01 8.965154e+00 7.965154e+00 -5.297470e+00
1.090000e+01 7.926813e+00 6.926813e+00 -5.189201e+00
1.100000e+01 6.263395e+00 5.263395e+00 -5.010995e+00
1.110000e+01 3.003717e+01 2.903717e+01 -5.817834e+00
1.120000e+01 2.369943e+01 2.269943e+01 -7.269020e+00
1.130000e+01 0.000000e+00 -1.000000e+00 -7.527294e+00
1.140000e+01 6.182582e+00 5.182582e+00 -6.953406e+00
1.150000e+01 8.830653e+00 7.830653e+00 -6.696143e+00
1.160000e+01 1.434721e+01 1.334721e+01 -6.806741e+00
1.170000e+01 6.012364e+00 5.012364e+00 -6.793281e+00
1.180000e+01 4.627194e+00 3.627194e+00 -6.346005e+00
1.190000e+01 0.000000e+00 -1.000000e+00 -5.579442e+00
1.200000e+01 0.000000e+00 -1.000000e+00 -4.602228e+00
1.210000e+01 0.000000e+00 -1.000000e+00 -3.600806e+00
1.220000e+01 0.000000e+00 -1.000000e+00 -2.597650e+00
1.230000e+01 0.000000e+00 -1.000000e+00 -1.638535e+00
1.240000e+01 8.958400e+00 7.958400e+00 -1.121580e+00
1.250000e+01 1.699095e+01 1.599095e+01 -1.396856e+00
1.260000e+01 1.981568e+01 1.881568e+01 -2.144141e+00
1.270000e+01 9.366372e+00 8.366372e+00 -2.653395e+00
1.280000e+01 2.044196e+01 1.944196e+01 -3.119362e+00
1.290000e+01 4.426628e+00 3.426628e+00 -3.281580e+00
1.300000e+01 0.000000e+00 -1.000000e+00 -2.619936e+00
1.310000e+01 9.188388e+00 8.188388e+00 -2.201529e+00
1.320000e+01 3.037749e+01 2.937749e+01 -3.045506e+00
1.330000e+01 1.043413e+01 9.434125e+00 -3.932887e+00
1.340000e+01 0.000000e+00 -1.000000e+00 -3.592815e+00
1.350000e+01 6.412123e+00 5.412123e+00 -2.939475e+00
1.360000e+01 3.587877e+00 2.587877e+00 -2.404168e+00
1.370000e+01 4.273972e+00 3.273972e+00 -1.873011e+00
1.380000e+01 1.584301e+01 1.484301e+01 -1.844559e+00
1.390000e+01 1.001922e+01 9.019221e+00 -2.085181e+00
1.400000e+01 9.863801e+00 8.863801e+00 -2.067735e+00
1.410000e+01 0.000000e+00 -1.000000e+00 -1.552337e+00
1.420000e+01 1.087999e+00 8.799917e-02 -7.480214e-01
1.430000e+01 1.891200e+01 1.791200e+01 -6.830201e-01
1.440000e+01 7.941173e+00 6.941173e+00 -9.635171e-01
1.450000e+01 1.351698e+01 1.251698e+01 -1.133094e+00
1.460000e+01 1.964119e+01 1.864119e+01 -1.709312e+00
1.470000e+01 1.099891e+01 9.998912e+00 -2.262350e+00
1.480000e+01 1.983485e+01 1.883485e+01 -2.820033e+00
1.490000e+01 1.430706e+01 1.330706e+01 -3.491410e+00
1.500000e+01 1.786705e+01 1.686705e+01 -4.196827e+00
1.510000e+01 3.121585e+01 3.021585e+01 -5.611634e+00
1.520000e+01 2.564507e+01 2.464507e+01 -7.314186e+00
1.530000e+01 1.070406e+01 9.704064e+00 -8.218655e+00
1.540000e+01 2.134702e+01 2.034702e+01 -8.865780e+00
1.550000e+01 1.643522e+01 1.543522e+01 -9.676842e+00
1.560000e+01 1.054557e+01 9.545568e+00 -9.996544e+00
1.570000e+01 2.250412e-01 -7.749588e-01 -9.644651e+00
1.580000e+01 1.663789e+01 1.563789e+01 -9.486054e+00
1.590000e+01 7.005566e+00 6.005566e+00 -9.625699e+00
1.600000e+01 1.613150e+01 1.513150e+01 -9.863465e+00
1.610000e+01 2.133533e+01 2.033533e+01 -1.067903e+01
1.620000e+01 1.866467e+01 1.766467e+01 -1.158982e+01
1.630000e+01 4.703212e+00 3.703212e+00 -1.182262e+01
1.640000e+01 1.686919e+01 1.586919e+01 -1.203319e+01
1.650000e+01 2.945283e+01 2.845283e+01 -1.325110e+01
1.660000e+01 2.279654e+01 2.179654e+01 -1.479156e+01
1.670000e+01 1.764584e+01 1.664584e+01 -1.581506e+01
1.680000e+01 1.286316e+01 1.186316e+01 -1.645324e+01
1.690000e+01 2.960362e+01 2.860362e+01 -1.748824e+01
1.700000e+01 6.065612e+00 5.065612e+00 -1.815395e+01
1.710000e+01 0.000000e+00 -1.000000e+00 -1.763556e+01
1.720000e+01 1.170585e+01 1.070585e+01 -1.724259e+01
1.730000e+01 1.220537e+01 1.120537e+01 -1.735038e+01
1.740000e+01 6.088778e+00 5.088778e+00 -1.728571e+01
1.750000e+01 8.955383e+00 7.955383e+00 -1.702556e+01
1.760000e+01 1.044617e+00 4.461692e-02 -1.654468e+01
1.770000e+01 8.965080e+00 7.965080e+00 -1.610136e+01
1.780000e+01 1.103492e+01 1.003492e+01 -1.600448e+01
1.790000e+01 0.000000e+00 -1.000000e+00 -1.555181e+01
1.800000e+01 0.000000e+00 -1.000000e+00 -1.460408e+01
1.810000e+01 0.000000e+00 -1.000000e+00 -1.360057e+01
1.820000e+01 0.000000e+00 -1.000000e+00 -1.259678e+01
1.830000e+01 0.000000e+00 -1.000000e+00 -1.165456e+01
1.840000e+01 1.262132e+01 1.162132e+01 -1.130824e+01
1.850000e+01 1.657352e+01 1.557352e+01 -1.168467e+01
1.860000e+01 1.311926e+01 1.211926e+01 -1.220634e+01
1.870000e+01 2.321046e+01 2.221046e+01 -1.302168e+01
1.880000e+01 1.847858e+01 1.747858e+01 -1.399833e+01
1.890000e+01 5.996867e+00 4.996867e+00 -1.422041e+01
1.900000e+01 0.000000e+00 -1.000000e+00 -1.357883e+01
1.910000e+01 0.000000e+00 -1.000000e+00 -1.260210e+01
1.920000e+01 1.545897e+00 5.458971e-01 -1.175591e+01
1.930000e+01 1.647610e+01 1.547610e+01 -1.158208e+01
1.940000e+01 1.978004e+00 9.780040e-01 -1.143377e+01
1.950000e+01 4.574032e+00 3.574032e+00 -1.094028e+01
1.960000e+01 2.407816e+01 2.307816e+01 -1.128916e+01
1.970000e+01 1.134781e+01 1.034781e+01 -1.195983e+01
1.980000e+01 8.489251e+00 7.489251e+00 -1.199719e+01
1.990000e+01 4.745180e+00 3.745180e+00 -1.172288e+01
2.000000e+01 1.676557e+01 1.576557e+01 -1.181608e+01
2.010000e+01 1.565067e+01 1.465067e+01 -1.232508e+01
2.020000e+01 4.349327e+00 3.349327e+00 -1.232321e+01
2.030000e+01 3.717183e+00 2.717183e+00 -1.187186e+01
2.040000e+01 2.144435e+01 2.044435e+01 -1.206755e+01
2.050000e+01 9.629515e+00 8.629515e+00 -1.256769e+01
2.060000e+01 1.590193e+01 1.490193e+01 -1.290330e+01
2.070000e+01 1.485059e+01 1.385059e+01 -1.340358e+01
2.080000e+01 1.381439e+01 1.281439e+01 -1.379740e+01
2.090000e+01 4.754208e+00 3.754208e+00 -1.378128e+01
2.100000e+01 1.442129e+01 1.342129e+01 -1.372087e+01
2.110000e+01 1.466540e+00 4.665403e-01 -1.349157e+01
2.120000e+01 8.846673e+00 7.846673e+00 -1.314325e+01
2.130000e+01 2.208710e+01 2.108710e+01 -1.363530e+01
2.140000e+01 2.060571e+01 1.960571e+01 -1.471180e+01
2.150000e+01 1.792234e+01 1.692234e+01 -1.555129e+01
2.160000e+01 5.381875e-01 -4.618125e-01 -1.561580e+01
2.170000e+01 2.642012e+01 2.542012e+01 -1.599197e+01
2.180000e+01 1.357988e+01 1.257988e+01 -1.678972e+01
2.190000e+01 0.000000e+00 -1.000000e+00 -1.658096e+01
2.200000e+01 8.520861e+00 7.520861e+00 -1.613342e+01
2.210000e+01 2.371118e+01 2.271118e+01 -1.671537e+01
2.220000e+01 2.571209e+01 2.471209e+01 -1.806459e+01
2.230000e+01 1.426879e+01 1.326879e+01 -1.902842e+01
2.240000e+01 7.787085e+00 6.787085e+00 -1.918879e+01
2.250000e+01 7.972551e+00 6.972551e+00 -1.897529e+01
2.260000e+01 2.027449e+00 1.027449e+00 -1.849149e+01
2.270000e+01 8.478009e+00 7.478009e+00 -1.814808e+01
2.280000e+01 2.716137e+01 2.616137e+01 -1.878438e+01
2.290000e+01 4.360618e+00 3.360618e+00 -1.928604e+01
2.300000e+01 7.634435e+00 6.634435e+00 -1.903850e+01
2.310000e+01 1.443563e+01 1.343563e+01 -1.910262e+01
2.320000e+01 1.229286e+01 1.129286e+01 -1.940301e+01
2.330000e+01 9.904827e+00 8.904827e+00 -1.950461e+01
2.340000e+01 6.823415e+00 5.823415e+00 -1.940115e+01
2.350000e+01 1.704472e+01 1.604472e+01 -1.960321e+01
2.360000e+01 1.520768e+01 1.420768e+01 -2.012592e+01
2.370000e+01 6.656434e+00 5.656434e+00 -2.020272e+01
2.380000e+01 0.000000e+00 -1.000000e+00 -1.956945e+01
2.390000e+01 0.000000e+00 -1.000000e+00 -1.864227e+01
2.400000e+01 8.417861e+00 7.417861e+00 -1.803956e+01
2.410000e+01 4.567566e+00 3.567566e+00 -1.766428e+01
2.420000e+01 7.014573e+00 6.014573e+00 -1.723131e+01
2.430000e+01 0.000000e+00 -1.000000e+00 -1.656794e+01
2.440000e+01 0.000000e+00 -1.000000e+00 -1.560867e+01
2.450000e+01 1.889678e+00 8.896775e-01 -1.473424e+01
2.460000e+01 8.110322e+00 7.110322e+00 -1.418338e+01
2.470000e+01 0.000000e+00 -1.000000e+00 -1.359513e+01
2.480000e+01 7.441291e+00 6.441291e+00 -1.301038e+01
2.490000e+01 7.641023e+00 6.641023e+00 -1.272606e+01
2.500000e+01 8.231491e+00 7.231491e+00 -1.252709e+01
2.510000e+01 8.862863e+00 7.862863e+00 -1.237325e+01
2.520000e+01 7.823331e+00 6.823331e+00 -1.219827e+01
2.530000e+01 6.374080e+00 5.374080e+00 -1.190387e+01
2.540000e+01 3.625920e+00 2.625920e+00 -1.138784e+01
2.550000e+01 9.216165e-01 -7.838352e-02 -1.071904e+01
2.560000e+01 1.905181e+01 1.805181e+01 -1.069041e+01
2.570000e+01 1.000274e+01 9.002741e+00 -1.100604e+01
2.580000e+01 2.383590e-02 -9.761641e-01 -1.056145e+01
2.590000e+01 9.070813e-01 -9.291873e-02 -9.686463e+00
2.600000e+01 9.092919e+00 8.092919e+00 -9.209640e+00
2.610000e+01 1.543204e+01 1.443204e+01 -9.392736e+00
2.620000e+01 1.318783e+01 1.218783e+01 -9.735288e+00
2.630000e+01 1.380134e+00 3.801338e-01 -9.524260e+00
2.640000e+01 1.156046e+01 1.056046e+01 -9.232372e+00
2.650000e+01 1.177666e+01 1.077666e+01 -9.317996e+00
2.660000e+01 7.643720e+00 6.643720e+00 -9.345038e+00
2.670000e+01 1.668053e+01 1.568053e+01 -9.510800e+00
2.680000e+01 2.338631e+00 1.338631e+00 -9.405353e+00
2.690000e+01 0.000000e+00 -1.000000e+00 -8.600471e+00
2.700000e+01 1.608088e+00 6.080883e-01 -7.739967e+00
2.710000e+01 1.461533e+01 1.361533e+01 -7.595221e+00
2.720000e+01 2.281047e+01 2.181047e+01 -8.297199e+00
2.730000e+01 9.661123e-01 -3.388772e-02 -8.457045e+00
2.740000e+01 2.365284e+00 1.365284e+00 -7.758669e+00
2.750000e+01 8.080319e+00 7.080319e+00 -7.270457e+00
2.760000e+01 9.554397e+00 8.554397e+00 -7.127539e+00
2.770000e+01 9.405682e+00 8.405682e+00 -7.073371e+00
2.780000e+01 1.063751e+01 9.637511e+00 -7.099363e+00
2.790000e+01 1.477908e+01 1.377908e+01 -7.323110e+00
2.800000e+01 5.177732e+00 4.177732e+00 -7.268229e+00
2.810000e+01 5.485697e-01 -4.514303e-01 -6.693851e+00
2.820000e+01 1.759957e+01 1.659957e+01 -6.541651e+00
2.830000e+01 1.851858e+00 8.518583e-01 -6.425031e+00
2.840000e+01 0.000000e+00 -1.000000e+00 -5.590716e+00
2.850000e+01 0.000000e+00 -1.000000e+00 -4.712190e+00
2.860000e+01 2.551722e+01 2.451722e+01 -4.989690e+00
2.870000e+01 2.396837e+01 2.296837e+01 -6.273046e+00
2.880000e+01 1.039744e+01 9.397445e+00 -7.003506e+00
2.890000e+01 8.051918e+00 7.051918e+00 -6.958525e+00
2.900000e+01 2.065050e+00 1.065050e+00 -6.461918e+00
2.910000e+01 0.000000e+00 -1.000000e+00 -5.591927e+00
2.920000e+01 0.000000e+00 -1.000000e+00 -4.620630e+00
2.930000e+01 4.829765e+00 3.829765e+00 -3.892165e+00
2.940000e+01 1.172822e+01 1.072822e+01 -3.712176e+00
2.950000e+01 1.344201e+01 1.244201e+01 -3.873051e+00
2.960000e+01 0.000000e+00 -1.000000e+00 -3.541891e+00
2.970000e+01 0.000000e+00 -1.000000e+00 -2.605354e+00
2.980000e+01 1.843467e+00 8.434667e-01 -1.800247e+00
2.990000e+01 2.432224e+01 2.332224e+01 -2.089882e+00
3.000000e+01 2.045271e+01 1.945271e+01 -3.139295e+00
3.010000e+01 3.381590e+00 2.381590e+00 -3.346433e+00
3.020000e+01 1.372253e+00 3.722528e-01 -2.699303e+00
3.030000e+01 8.627747e+00 7.627747e+00 -2.203437e+00
3.040000e+01 1.094413e+01 9.944125e+00 -2.239250e+00
3.050000e+01 2.842961e+01 2.742961e+01 -3.125539e+00
3.060000e+01 1.260179e+01 1.160179e+01 -4.071100e+00
3.070000e+01 8.524164e+00 7.524164e+00 -4.221539e+00
3.080000e+01 9.500312e+00 8.500312e+00 -4.087166e+00
3.090000e+01 0.000000e+00 -1.000000e+00 -3.566623e+00
3.100000e+01 3.214391e+00 2.214391e+00 -2.837702e+00
3.110000e+01 1.548159e+01 1.448159e+01 -2.722484e+00
3.120000e+01 1.130402e+01 1.030402e+01 -3.093032e+00
3.130000e+01 2.808399e+01 2.708399e+01 -4.011910e+00
3.140000e+01 1.191601e+01 1.091601e+01 -4.918544e+00
3.150000e+01 1.151135e+01 1.051135e+01 -5.219545e+00
3.160000e+01 1.812212e+01 1.712212e+01 -5.612384e+00
3.170000e+01 3.142903e+00 2.142903e+00 -5.709073e+00
3.180000e+01 1.482553e+01 1.382553e+01 -5.623186e+00
3.190000e+01 2.398106e+00 1.398106e+00 -5.413924e+00
3.200000e+01 1.946439e+00 9.464394e-01 -4.731487e+00
3.210000e+01 8.053561e+00 7.053561e+00 -4.213388e+00
3.220000e+01 6.632572e+00 5.632572e+00 -3.954804e+00
3.230000e+01 1.262596e+01 1.162596e+01 -3.892268e+00
3.240000e+01 6.883650e+00 5.883650e+00 -3.887168e+00
3.250000e+01 1.603685e+01 1.503685e+01 -4.021993e+00
3.260000e+01 7.820966e+00 6.820966e+00 -4.178613e+00
3.270000e+01 9.306396e+00 8.306396e+00 -4.037977e+00
3.280000e+01 6.936045e-01 -3.063955e-01 -3.523814e+00
3.290000e+01 0.000000e+00 -1.000000e+00 -2.600115e+00
3.300000e+01 1.333459e+00 3.334591e-01 -1.751857e+00
3.310000e+01 1.848853e+01 1.748853e+01 -1.699663e+00
3.320000e+01 1.049986e+01 9.499860e+00 -2.062572e+00
3.330000e+01 1.004531e+01 9.045313e+00 -2.145149e+00
3.340000e+01 1.153904e+01 1.053904e+01 -2.207045e+00
3.350000e+01 8.093798e+00 7.093798e+00 -2.144431e+00
3.360000e+01 0.000000e+00 -1.000000e+00 -1.565281e+00
3.370000e+01 0.000000e+00 -1.000000e+00 -6.036705e-01
3.380000e+01 0.000000e+00 -1.000000e+00 4.007009e-01
3.390000e+01 0.000000e+00 -1.000000e+00 1.398154e+00
3.400000e+01 0.000000e+00 -1.000000e+00 2.402929e+00
3.410000e+01 0.000000e+00 -1.000000e+00 3.364840e+00
3.420000e+01 7.327217e+00 6.327217e+00 4.021204e+00
3.430000e+01 2.672783e+00 1.672783e+00 4.552780e+00
3.440000e+01 3.902280e+00 2.902280e+00 5.183657e+00
3.450000e+01 6.097720e+00 5.097720e+00 5.725939e+00
3.460000e+01 0.000000e+00 -1.000000e+00 6.377996e+00
3.470000e+01 1.246500e+01 1.146500e+01 6.645658e+00
3.480000e+01 2.810162e+01 2.710162e+01 5.719377e+00
3.490000e+01 1.910008e+01 1.810008e+01 4.486219e+00
3.500000e+01 6.917526e+00 5.917526e+00 4.137743e+00
3.510000e+01 7.389985e+00 6.389985e+00 4.341518e+00
3.520000e+01 1.212459e+01 1.112459e+01 4.411793e+00
3.530000e+01 3.901204e+00 2.901204e+00 4.649168e+00
3.540000e+01 0.000000e+00 -1.000000e+00 5.395446e+00
3.550000e+01 6.622261e+00 5.622261e+00 5.927799e+00
3.560000e+01 2.894661e+01 2.794661e+01 5.305373e+00
3.570000e+01 4.431132e+00 3.431132e+00 4.714728e+00
3.580000e+01 8.909336e+00 7.909336e+00 4.946048e+00
3.590000e+01 5.696505e+00 4.696505e+00 5.150184e+00
3.600000e+01 2.462011e+01 2.362011e+01 4.726282e+00
3.610000e+01 7.740505e-01 -2.259495e-01 4.522132e+00
3.620000e+01 1.102219e+01 1.002219e+01 4.647851e+00
3.630000e+01 4.020210e+01 3.920210e+01 3.305673e+00
3.640000e+01 8.775719e+00 7.775719e+00 1.976531e+00
3.650000e+01 1.118425e+01 1.018425e+01 1.822931e+00
3.660000e+01 8.815754e+00 7.815754e+00 1.895349e+00
3.670000e+01 0.000000e+00 -1.000000e+00 2.420853e+00
3.680000e+01 4.582837e+00 3.582837e+00 3.095574e+00
3.690000e+01 1.514522e+01 1.414522e+01 3.202803e+00
3.700000e+01 2.719474e-01 -7.280526e-01 3.491124e+00
3.710000e+01 5.093901e-01 -4.906099e-01 4.275145e+00
3.720000e+01 1.928562e+01 1.828562e+01 4.387658e+00
3.730000e+01 2.049856e-01 -7.950144e-01 4.490848e+00
3.740000e+01 3.505794e+00 2.505794e+00 5.158161e+00
3.750000e+01 1.235148e+01 1.135148e+01 5.430759e+00
3.760000e+01 4.142725e+00 3.142725e+00 5.663822e+00
3.770000e+01 0.000000e+00 -1.000000e+00 6.414603e+00
3.780000e+01 0.000000e+00 -1.000000e+00 7.396285e+00
3.790000e+01 1.042014e+00 4.201427e-02 8.309202e+00
3.800000e+01 8.957986e+00 7.957986e+00 8.807731e+00
3.810000e+01 8.790843e+00 7.790843e+00 9.001621e+00
3.820000e+01 2.543783e+00 1.543783e+00 9.317369e+00
3.830000e+01 2.395599e+01 2.295599e+01 9.056377e+00
3.840000e+01 4.709379e+00 3.709379e+00 8.716306e+00
3.850000e+01 8.936382e+00 7.936382e+00 8.873745e+00
3.860000e+01 1.877716e+01 1.777716e+01 8.600529e+00
3.870000e+01 2.286459e+00 1.286459e+00 8.599757e+00
3.880000e+01 0.000000e+00 -1.000000e+00 9.403333e+00
3.890000e+01 0.000000e+00 -1.000000e+00 1.039997e+01
3.900000e+01 0.000000e+00 -1.000000e+00 1.139962e+01
3.910000e+01 0.000000e+00 -1.000000e+00 1.239877e+01
3.920000e+01 0.000000e+00 -1.000000e+00 1.339267e+01
3.930000e+01 3.035133e+00 2.035133e+00 1.416656e+01
3.940000e+01 1.677300e+01 1.577300e+01 1.427075e+01
3.950000e+01 1.918668e-01 -8.081332e-01 1.448984e+01
3.960000e+01 0.000000e+00 -1.000000e+00 1.538584e+01
3.970000e+01 1.711233e+00 7.112331e-01 1.628291e+01
3.980000e+01 8.601115e+00 7.601115e+00 1.672219e+01
3.990000e+01 1.716852e+01 1.616852e+01 1.654316e+01
4.000000e+01 2.519129e+00 1.519129e+00 1.656238e+01
4.010000e+01 8.989196e+00 7.989196e+00 1.693035e+01
4.020000e+01 6.208286e+00 5.208286e+00 1.717923e+01
4.030000e+01 1.166536e+01 1.066536e+01 1.730675e+01
4.040000e+01 3.137157e+00 2.137157e+00 1.761151e+01
4.050000e+01 0.000000e+00 -1.000000e+00 1.840159e+01
4.060000e+01 2.289090e+00 1.289090e+00 1.924969e+01
4.070000e+01 7.710910e+00 6.710910e+00 1.975828e+01
4.080000e+01 9.770329e+00 8.770329e+00 1.983769e+01
4.090000e+01 2.392954e+01 2.292954e+01 1.919822e+01
4.100000e+01 1.562866e+01 1.462866e+01 1.831063e+01
4.110000e+01 1.112620e+01 1.012620e+01 1.793128e+01
4.120000e+01 9.545270e+00 8.545270e+00 1.789686e+01
4.130000e+01 7.195690e+00 6.195690e+00 1.801464e+01
4.140000e+01 1.478731e+01 1.378731e+01 1.793125e+01
4.150000e+01 8.016998e+00 7.016998e+00 1.786660e+01
4.160000e+01 3.033269e+00 2.033269e+00 1.815485e+01
4.170000e+01 2.669852e+01 2.569852e+01 1.772432e+01
4.180000e+01 1.104424e+01 1.004424e+01 1.695872e+01
4.190000e+01 9.223968e+00 8.223968e+00 1.689975e+01
4.200000e+01 0.000000e+00 -1.000000e+00 1.744652e+01
4.210000e+01 7.516194e-01 -2.483806e-01 1.828088e+01
4.220000e+01 1.594063e+01 1.494063e+01 1.851979e+01
4.230000e+01 3.307750e+00 2.307750e+00 1.858755e+01
4.240000e+01 1.317790e+01 1.217790e+01 1.863724e+01
4.250000e+01 2.432766e+01 2.332766e+01 1.785553e+01
4.260000e+01 1.671931e+01 1.571931e+01 1.685086e+01
4.270000e+01 1.577513e+01 1.477513e+01 1.621491e+01
4.280000e+01 1.083953e+01 9.839532e+00 1.583761e+01
4.290000e+01 2.011574e+01 1.911574e+01 1.528535e+01
4.300000e+01 1.497255e+01 1.397255e+01 1.462547e+01
4.310000e+01 5.576789e+00 4.576789e+00 1.455373e+01
4.320000e+01 8.495390e+00 7.495390e+00 1.481214e+01
4.330000e+01 7.614943e+00 6.614943e+00 1.501044e+01
4.340000e+01 1.243957e+01 1.143957e+01 1.491245e+01
4.350000e+01 2.963994e+01 2.863994e+01 1.389210e+01
4.360000e+01 1.649370e+01 1.549370e+01 1.272420e+01
4.370000e+01 3.811847e+00 2.811847e+00 1.266090e+01
4.380000e+01 0.000000e+00 -1.000000e+00 1.338056e+01
4.390000e+01 6.743016e+00 5.743016e+00 1.405194e+01
4.400000e+01 3.256984e+00 2.256984e+00 1.452365e+01
4.410000e+01 1.606029e+01 1.506029e+01 1.452463e+01
4.420000e+01 1.945385e+01 1.845385e+01 1.379619e+01
4.430000e+01 2.147082e+01 2.047082e+01 1.281095e+01
4.440000e+01 1.347771e+01 1.247771e+01 1.195636e+01
4.450000e+01 3.660796e+01 3.560796e+01 1.046127e+01
4.460000e+01 2.659982e+01 2.559982e+01 8.415347e+00
4.470000e+01 2.632955e+01 2.532955e+01 6.746728e+00
4.480000e+01 1.807011e+01 1.707011e+01 5.541953e+00
4.490000e+01 1.674991e+01 1.574991e+01 4.737086e+00
4.500000e+01 2.183090e+01 2.083090e+01 3.780117e+00
4.510000e+01 2.572595e+01 2.472595e+01 2.512242e+00
4.520000e+01 7.623129e+00 6.623129e+00 1.868709e+00
4.530000e+01 6.326194e+00 5.326194e+00 2.091822e+00
4.540000e+01 3.673806e+00 2.673806e+00 2.587214e+00
4.550000e+01 8.209744e+00 7.209744e+00 2.863394e+00
4.560000e+01 2.912217e+01 2.812217e+01 2.141443e+00
4.570000e+01 4.977827e+00 3.977827e+00 1.508821e+00
4.580000e+01 1.040261e+01 9.402609e+00 1.594368e+00
4.590000e+01 1.577967e+01 1.477967e+01 1.269227e+00
4.600000e+01 2.574684e+01 2.474684e+01 3.051221e-01
4.610000e+01 5.761132e+00 4.761132e+00 -1.981954e-01
4.620000e+01 2.010928e+00 1.010928e+00 2.751820e-01
4.630000e+01 7.989072e+00 6.989072e+00 8.096303e-01
4.640000e+01 1.760148e+00 7.601478e-01 1.252402e+00
4.650000e+01 2.056659e+01 1.956659e+01 1.163474e+00
4.660000e+01 7.673261e+00 6.673261e+00 8.822766e-01
4.670000e+01 0.000000e+00 -1.000000e+00 1.426255e+00
4.680000e+01 9.547101e-01 -4.528985e-02 2.307375e+00
4.690000e+01 9.045290e+00 8.045290e+00 2.855613e+00
4.700000e+01 0.000000e+00 -1.000000e+00 3.444613e+00
4.710000e+01 0.000000e+00 -1.000000e+00 4.383578e+00
4.720000e+01 2.423395e+00 1.423395e+00 5.254582e+00
4.730000e+01 7.576605e+00 6.576605e+00 5.664870e+00
4.740000e+01 2.660480e+01 2.560480e+01 5.053804e+00
4.750000e+01 1.097225e+01 9.972246e+00 4.302355e+00
4.760000e+01 2.422955e+00 1.422955e+00 4.566491e+00
4.770000e+01 1.181803e+00 1.818030e-01 5.219348e+00
4.780000e+01 3.007528e+01 2.907528e+01 4.624687e+00
4.790000e+01 3.304864e+01 3.204864e+01 2.738932e+00
4.800000e+01 5.694275e+00 4.694275e+00 1.833127e+00
4.810000e+01 0.000000e+00 -1.000000e+00 2.368581e+00
4.820000e+01 1.134550e+01 1.034550e+01 2.748384e+00
4.830000e+01 1.742587e+01 1.642587e+01 2.442354e+00
4.840000e+01 1.228631e+00 2.286310e-01 2.540521e+00
4.850000e+01 0.000000e+00 -1.000000e+00 3.397540e+00
4.860000e+01 0.000000e+00 -1.000000e+00 4.404451e+00
4.870000e+01 0.000000e+00 -1.000000e+00 5.352439e+00
4.880000e+01 1.075239e+01 9.752393e+00 5.795792e+00
4.890000e+01 1.458706e+01 1.358706e+01 5.600164e+00
4.900000e+01 9.925567e+00 8.925567e+00 5.414972e+00
4.910000e+01 4.734979e+00 3.734979e+00 5.645479e+00
4.920000e+01 7.400652e+00 6.400652e+00 6.011116e+00
4.930000e+01 9.247455e+00 8.247455e+00 6.151586e+00
4.940000e+01 1.771222e+01 1.671222e+01 5.823807e+00
4.950000e+01 1.440789e+01 1.340789e+01 5.294062e+00
4.960000e+01 6.684490e+00 5.684490e+00 5.232790e+00
4.970000e+01 4.547295e+00 3.547295e+00 5.612342e+00
4.980000e+01 8.709793e+00 7.709793e+00 5.980384e+00
4.990000e+01 1.290207e+00 2.902068e-01 6.459384e+00
5.000000e+01 1.134814e+01 1.034814e+01 6.730687e+00
5.010000e+01 2.199808e+01 2.099808e+01 6.188388e+00
5.020000e+01 6.653782e+00 5.653782e+00 5.832727e+00
5.030000e+01 0.000000e+00 -1.000000e+00 6.411514e+00
5.040000e+01 4.493443e+00 3.493443e+00 7.042638e+00
5.050000e+01 3.002121e+01 2.902121e+01 6.317442e+00
5.060000e+01 3.263739e+01 3.163739e+01 4.400162e+00
5.070000e+01 1.354457e+01 1.254457e+01 3.073771e+00
5.080000e+01 1.778920e+01 1.678920e+01 2.406809e+00
5.090000e+01 1.819560e+01 1.719560e+01 1.711308e+00
5.100000e+01 3.318590e+00 2.318590e+00 1.594539e+00
5.110000e+01 1.236532e+01 1.136532e+01 1.704722e+00
5.120000e+01 1.763468e+01 1.663468e+01 1.343161e+00
5.130000e+01 0.000000e+00 -1.000000e+00 1.452132e+00
5.140000e+01 6.353232e+00 5.353232e+00 2.034864e+00
5.150000e+01 8.563503e+00 7.563503e+00 2.343156e+00
5.160000e+01 6.258852e+00 5.258852e+00 2.588711e+00
5.170000e+01 8.824412e+00 7.824412e+00 2.863550e+00
5.180000e+01 2.462411e+00 1.462411e+00 3.246227e+00
5.190000e+01 1.446291e+01 1.346291e+01 3.430346e+00
5.200000e+01 3.074683e+00 2.074683e+00 3.544422e+00
5.210000e+01 1.725856e+01 1.625856e+01 3.497106e+00
5.220000e+01 9.717723e+00 8.717723e+00 3.254421e+00
5.230000e+01 5.858626e+00 4.858626e+00 3.332692e+00
5.240000e+01 2.411786e+01 2.311786e+01 2.919932e+00
5.250000e+01 3.047231e+00 2.047231e+00 2.654961e+00
5.260000e+01 5.324771e+00 4.324771e+00 2.994846e+00
5.270000e+01 2.945976e+01 2.845976e+01 2.395300e+00
5.280000e+01 7.211898e+00 6.211898e+00 1.613438e+00
5.290000e+01 1.776036e+01 1.676036e+01 1.334490e+00
5.300000e+01 2.432183e-01 -7.567817e-01 1.473684e+00
5.310000e+01 5.482981e+00 4.482981e+00 2.095474e+00
5.320000e+01 4.517019e+00 3.517019e+00 2.654534e+00
5.330000e+01 0.000000e+00 -1.000000e+00 3.418363e+00
5.340000e+01 0.000000e+00 -1.000000e+00 4.386148e+00
5.350000e+01 3.075780e+00 2.075780e+00 5.215729e+00
5.360000e+01 6.924220e+00 5.924220e+00 5.717840e+00
5.370000e+01 9.420319e+00 8.420319e+00 5.930156e+00
5.380000e+01 6.575572e+00 5.575572e+00 6.147944e+00
5.390000e+01 5.674592e+00 4.674592e+00 6.504138e+00
5.400000e+01 8.329518e+00 7.329518e+00 6.835708e+00
5.410000e+01 1.658540e+00 6.585396e-01 7.319511e+00
5.420000e+01 8.341460e+00 7.341460e+00 7.769647e+00
5.430000e+01 1.095435e+01 9.954351e+00 7.850360e+00
5.440000e+01 1.142845e+01 1.042845e+01 7.637900e+00
5.450000e+01 3.078784e+01 2.978784e+01 6.605647e+00
5.460000e+01 1.489033e+01 1.389033e+01 5.435071e+00
5.470000e+01 9.996073e+00 8.996073e+00 5.143210e+00
5.480000e+01 1.942967e+00 9.429675e-01 5.540588e+00
5.490000e+01 0.000000e+00 -1.000000e+00 6.408485e+00
5.500000e+01 3.004004e-01 -6.995996e-01 7.323395e+00
5.510000e+01 1.338522e+01 1.238522e+01 7.669347e+00
5.520000e+01 6.314383e+00 5.314383e+00 7.785332e+00
5.530000e+01 0.000000e+00 -1.000000e+00 8.357764e+00
5.540000e+01 1.531066e+01 1.431066e+01 8.540427e+00
5.550000e+01 1.961537e+01 1.861537e+01 7.936693e+00
5.560000e+01 5.073966e+00 4.073966e+00 7.739810e+00
5.570000e+01 1.138719e+00 1.387189e-01 8.316740e+00
5.580000e+01 8.861281e+00 7.861281e+00 8.847815e+00
5.590000e+01 0.000000e+00 -1.000000e+00 9.433492e+00
5.600000e+01 2.391036e+00 1.391036e+00 1.024099e+01
5.610000e+01 7.608964e+00 6.608964e+00 1.076529e+01
5.620000e+01 6.410318e+00 5.410318e+00 1.106418e+01
5.630000e+01 1.216890e+01 1.116890e+01 1.106297e+01
5.640000e+01 2.625503e+01 2.525503e+01 1.016277e+01
5.650000e+01 2.516576e+01 2.416576e+01 8.782159e+00
5.660000e+01 0.000000e+00 -1.000000e+00 8.484910e+00
5.670000e+01 5.676129e+00 4.676129e+00 9.085682e+00
5.680000e+01 4.323871e+00 3.323871e+00 9.645308e+00
5.690000e+01 0.000000e+00 -1.000000e+00 1.041790e+01
5.700000e+01 0.000000e+00 -1.000000e+00 1.138501e+01
5.710000e+01 3.202488e+00 2.202488e+00 1.221075e+01
5.720000e+01 6.991412e+00 5.991412e+00 1.268691e+01
5.730000e+01 1.254995e+01 1.154995e+01 1.275423e+01
5.740000e+01 7.256154e+00 6.256154e+00 1.275218e+01
5.750000e+01 1.636576e+01 1.536576e+01 1.249784e+01
5.760000e+01 2.363424e+01 2.263424e+01 1.162478e+01
5.770000e+01 9.170975e+00 8.170975e+00 1.092708e+01
5.780000e+01 2.652567e+01 2.552567e+01 1.010780e+01
5.790000e+01 1.824680e+01 1.724680e+01 8.970871e+00
5.800000e+01 1.765622e+01 1.665622e+01 8.066564e+00
5.810000e+01 2.815997e+01 2.715997e+01 6.862166e+00
5.820000e+01 1.024036e+01 9.240363e+00 6.042326e+00
5.830000e+01 0.000000e+00 -1.000000e+00 6.409359e+00
5.840000e+01 7.174015e+00 6.174015e+00 6.969457e+00
5.850000e+01 1.497929e+01 1.397929e+01 6.930924e+00
5.860000e+01 7.846698e+00 6.846698e+00 6.859943e+00
5.870000e+01 0.000000e+00 -1.000000e+00 7.415202e+00
5.880000e+01 6.177045e+00 5.177045e+00 7.946174e+00
5.890000e+01 2.975435e+01 2.875435e+01 7.303948e+00
5.900000e+01 4.068608e+00 3.068608e+00 6.748081e+00
5.910000e+01 0.000000e+00 -1.000000e+00 7.350759e+00
5.920000e+01 1.302901e+01 1.202901e+01 7.667760e+00
5.930000e+01 1.697099e+01 1.597099e+01 7.296552e+00
5.940000e+01 4.091044e+00 3.091044e+00 7.207486e+00
5.950000e+01 1.343417e+01 1.243417e+01 7.320461e+00
5.960000e+01 2.474785e+00 1.474785e+00 7.573514e+00
5.970000e+01 3.788489e+00 2.788489e+00 8.183884e+00
5.980000e+01 6.211511e+00 5.211511e+00 8.733702e+00
5.990000e+01 0.000000e+00 -1.000000e+00 9.381065e+00
6.000000e+01 9.796209e+00 8.796209e+00 9.892359e+00
6.010000e+01 3.391594e+00 2.391594e+00 1.027265e+01
6.020000e+01 6.812197e+00 5.812197e+00 1.066664e+01
6.030000e+01 1.863811e+01 1.763811e+01 1.044551e+01
6.040000e+01 1.136189e+01 1.036189e+01 1.004651e+01
6.050000e+01 2.370039e+00 1.370039e+00 1.029185e+01
6.060000e+01 7.629961e+00 6.629961e+00 1.078724e+01
6.070000e+01 0.000000e+00 -1.000000e+00 1.144308e+01
6.080000e+01 0.000000e+00 -1.000000e+00 1.231757e+01
6.090000e+01 1.719304e+01 1.619304e+01 1.248198e+01
6.100000e+01 1.280696e+01 1.180696e+01 1.208946e+01
6.110000e+01 6.974777e+00 5.974777e+00 1.209462e+01
6.120000e+01 3.025223e+00 2.025223e+00 1.251563e+01
6.130000e+01 1.556326e+01 1.456326e+01 1.252641e+01
6.140000e+01 2.225526e+01 2.125526e+01 1.179532e+01
6.150000e+01 2.181482e+00 1.181482e+00 1.159409e+01
6.160000e+01 3.842703e+00 2.842703e+00 1.217809e+01
6.170000e+01 6.157297e+00 5.157297e+00 1.273155e+01
6.180000e+01 0.000000e+00 -1.000000e+00 1.338139e+01
6.190000e+01 9.828290e+00 8.828290e+00 1.387617e+01
6.200000e+01 6.907188e+00 5.907188e+00 1.408024e+01
6.210000e+01 8.366012e+00 7.366012e+00 1.431476e+01
6.220000e+01 5.266193e+00 4.266193e+00 1.462034e+01
6.230000e+01 9.632318e+00 8.632318e+00 1.487362e+01
6.240000e+01 6.527390e+00 5.527390e+00 1.509985e+01
6.250000e+01 3.472610e+00 2.472610e+00 1.560602e+01
6.260000e+01 2.466220e-01 -7.533780e-01 1.632363e+01
6.270000e+01 1.728942e+01 1.628942e+01 1.645307e+01
6.280000e+01 1.215420e+01 1.115420e+01 1.609829e+01
6.290000e+01 5.472290e+00 4.472290e+00 1.618367e+01
6.300000e+01 4.837462e+00 3.837462e+00 1.666473e+01
6.310000e+01 0.000000e+00 -1.000000e+00 1.742100e+01
6.320000e+01 0.000000e+00 -1.000000e+00 1.838976e+01
6.330000e+01 2.404350e+00 1.404350e+00 1.924279e+01
6.340000e+01 7.595650e+00 6.595650e+00 1.979068e+01
6.350000e+01 0.000000e+00 -1.000000e+00 2.043586e+01
6.360000e+01 0.000000e+00 -1.000000e+00 2.138463e+01
6.370000e+01 2.996324e+00 1.996324e+00 2.221721e+01
6.380000e+01 7.003676e+00 6.003676e+00 2.276242e+01
6.390000e+01 0.000000e+00 -1.000000e+00 2.343581e+01
6.400000e+01 2.839776e-01 -7.160224e-01 2.433443e+01
6.410000e+01 9.716022e+00 8.716022e+00 2.488967e+01
6.420000e+01 0.000000e+00 -1.000000e+00 2.541587e+01
6.430000e+01 7.611824e+00 6.611824e+00 2.592244e+01
6.440000e+01 2.187038e+01 2.087038e+01 2.542267e+01
6.450000e+01 3.509892e+01 3.409892e+01 2.368220e+01
6.460000e+01 2.569459e+01 2.469459e+01 2.172122e+01
6.470000e+01 2.096091e+01 1.996091e+01 2.037224e+01
6.480000e+01 1.424752e+01 1.324752e+01 1.956485e+01
6.490000e+01 2.057552e+01 1.957552e+01 1.881331e+01
6.500000e+01 1.394034e+01 1.294034e+01 1.819230e+01
6.510000e+01 1.942766e+00 9.427661e-01 1.827198e+01
6.520000e+01 1.774455e+01 1.674455e+01 1.832881e+01
6.530000e+01 1.533685e+00 5.336848e-01 1.829775e+01
6.540000e+01 3.074638e+01 2.974638e+01 1.765905e+01
6.550000e+01 1.820418e+01 1.720418e+01 1.632427e+01
6.560000e+01 2.823226e+01 2.723226e+01 1.485648e+01
6.570000e+01 3.961873e+01 3.861873e+01 1.265292e+01
6.580000e+01 1.240900e+01 1.140900e+01 1.111532e+01
6.590000e+01 1.151057e+01 1.051057e+01 1.063619e+01
6.600000e+01 4.272293e+01 4.172293e+01 8.951029e+00
6.610000e+01 3.510480e+01 3.410480e+01 6.376729e+00
6.620000e+01 2.353216e+00 1.353216e+00 5.372455e+00
6.630000e+01 1.787694e+01 1.687694e+01 5.239810e+00
6.640000e+01 1.332019e+01 1.232019e+01 4.701001e+00
6.650000e+01 2.581173e+01 2.481173e+01 3.786510e+00
6.660000e+01 9.543613e+00 8.543613e+00 3.124395e+00
6.670000e+01 1.324467e+00 3.244669e-01 3.500183e+00
6.680000e+01 0.000000e+00 -1.000000e+00 4.405379e+00
6.690000e+01 0.000000e+00 -1.000000e+00 5.378668e+00
6.700000e+01 5.903682e+00 4.903682e+00 6.003356e+00
6.710000e+01 2.255947e+01 2.155947e+01 5.618738e+00
6.720000e+01 1.967299e+01 1.867299e+01 4.625995e+00
6.730000e+01 1.060159e+01 9.601591e+00 4.133615e+00
6.740000e+01 1.262261e+00 2.622614e-01 4.512664e+00
6.750000e+01 0.000000e+00 -1.000000e+00 5.337699e+00
6.760000e+01 1.465038e+01 1.365038e+01 5.595475e+00
6.770000e+01 1.522053e+01 1.422053e+01 5.219838e+00
6.780000e+01 5.539550e+00 4.539550e+00 5.170101e+00
6.790000e+01 7.646947e+00 6.646947e+00 5.442481e+00
6.800000e+01 1.189155e+01 1.089155e+01 5.510661e+00
6.810000e+01 5.051042e+00 4.051042e+00 5.687768e+00
6.820000e+01 5.745827e+00 4.745827e+00 6.027587e+00
6.830000e+01 2.266150e+01 2.166150e+01 5.661925e+00
6.840000e+01 1.159267e+01 1.059267e+01 5.088253e+00
6.850000e+01 0.000000e+00 -1.000000e+00 5.416519e+00
6.860000e+01 7.567038e+00 6.567038e+00 5.924856e+00
6.870000e+01 2.112644e+01 2.012644e+01 5.520935e+00
6.880000e+01 2.266401e+01 2.166401e+01 4.411480e+00
6.890000e+01 1.864251e+01 1.764251e+01 3.356530e+00
6.900000e+01 1.741894e+01 1.641894e+01 2.506236e+00
6.910000e+01 2.332755e+01 2.232755e+01 1.481911e+00
6.920000e+01 1.786861e+01 1.686861e+01 5.343044e-01
6.930000e+01 1.384897e+00 3.848966e-01 5.156149e-01
6.940000e+01 6.431908e+00 5.431908e+00 1.064120e+00
6.950000e+01 3.568092e+00 2.568092e+00 1.576116e+00
6.960000e+01 7.647038e+00 6.647038e+00 1.989375e+00
6.970000e+01 9.622971e+00 8.622971e+00 2.128083e+00
6.980000e+01 1.399736e+01 1.299736e+01 1.950819e+00
6.990000e+01 1.393490e+01 1.293490e+01 1.608726e+00
7.000000e+01 7.056409e+00 6.056409e+00 1.553031e+00
7.010000e+01 8.202695e+00 7.202695e+00 1.746303e+00
7.020000e+01 9.538627e+00 8.538627e+00 1.913948e+00
7.030000e+01 0.000000e+00 -1.000000e+00 2.443699e+00
7.040000e+01 0.000000e+00 -1.000000e+00 3.370707e+00
7.050000e+01 6.403250e+00 5.403250e+00 4.012027e+00
7.060000e+01 1.543325e+01 1.443325e+01 3.925987e+00
7.070000e+01 2.164050e+01 2.064050e+01 3.074227e+00
7.080000e+01 2.762139e+01 2.662139e+01 1.732045e+00
7.090000e+01 8.901604e+00 7.901604e+00 9.020843e-01
7.100000e+01 1.480690e+01 1.380690e+01 6.474866e-01
7.110000e+01 9.464556e+00 8.464556e+00 4.915378e-01
7.120000e+01 5.728542e+00 4.728542e+00 6.709811e-01
7.130000e+01 1.363397e+01 1.263397e+01 6.071193e-01
7.140000e+01 2.922985e+01 2.822985e+01 -4.231925e-01
7.150000e+01 1.304823e+01 1.204823e+01 -1.422758e+00
7.160000e+01 4.087949e+00 3.087949e+00 -1.345537e+00
7.170000e+01 0.000000e+00 -1.000000e+00 -5.968953e-01
7.180000e+01 4.412859e+00 3.412859e+00 9.200245e-02
7.190000e+01 1.824704e+01 1.724704e+01 3.236699e-02
7.200000e+01 7.340101e+00 6.340101e+00 -1.471957e-01
7.210000e+01 0.000000e+00 -1.000000e+00 4.118722e-01
7.220000e+01 4.634804e+00 3.634804e+00 1.091917e+00
7.230000e+01 1.536520e+01 1.436520e+01 1.190730e+00
7.240000e+01 0.000000e+00 -1.000000e+00 1.458853e+00
7.250000e+01 3.492519e+00 2.492519e+00 2.184608e+00
7.260000e+01 6.507481e+00 5.507481e+00 2.749281e+00
7.270000e+01 0.000000e+00 -1.000000e+00 3.375796e+00
7.280000e+01 1.112520e+01 1.012520e+01 3.801244e+00
7.290000e+01 1.118063e+01 1.018063e+01 3.629052e+00
7.300000e+01 3.224768e+01 3.124768e+01 2.577870e+00
7.310000e+01 5.446487e+00 4.446487e+00 1.816962e+00
7.320000e+01 3.285820e+00 2.285820e+00 2.165500e+00
7.330000e+01 1.671418e+01 1.571418e+01 2.252987e+00
7.340000e+01 0.000000e+00 -1.000000e+00 2.477857e+00
7.350000e+01 0.000000e+00 -1.000000e+00 3.392529e+00
7.360000e+01 0.000000e+00 -1.000000e+00 4.401850e+00
7.370000e+01 0.000000e+00 -1.000000e+00 5.376683e+00
7.380000e+01 6.422396e+00 5.422396e+00 5.983115e+00
7.390000e+01 2.016440e+01 1.916440e+01 5.753816e+00
7.400000e+01 5.912805e+00 4.912805e+00 5.499217e+00
7.410000e+01 1.011616e+01 9.116158e+00 5.580342e+00
7.420000e+01 1.712947e+01 1.612947e+01 5.329445e+00
7.430000e+01 2.547769e-01 -7.452231e-01 5.480641e+00
7.440000e+01 2.579559e+00 1.579559e+00 6.232177e+00
7.450000e+01 7.420441e+00 6.420441e+00 6.738221e+00
7.460000e+01 1.125056e+01 1.025056e+01 6.779187e+00
7.470000e+01 1.991794e+01 1.891794e+01 6.285922e+00
7.480000e+01 8.831507e+00 7.831507e+00 5.933472e+00
7.490000e+01 1.737057e+00 7.370575e-01 6.241662e+00
7.500000e+01 2.335764e+01 2.235764e+01 5.990443e+00
7.510000e+01 1.490531e+01 1.390531e+01 5.262085e+00
7.520000e+01 0.000000e+00 -1.000000e+00 5.421833e+00
7.530000e+01 7.800929e+00 6.800929e+00 6.001350e+00
7.540000e+01 2.199071e+00 1.199071e+00 6.476144e+00
7.550000e+01 1.594807e+01 1.494807e+01 6.535205e+00
7.560000e+01 1.691553e+01 1.591553e+01 5.953085e+00
7.570000e+01 1.713641e+01 1.613641e+01 5.322728e+00
7.580000e+01 2.477244e+00 1.477244e+00 5.308418e+00
7.590000e+01 9.748392e+00 8.748392e+00 5.633562e+00
7.600000e+01 7.774364e+00 6.774364e+00 5.832334e+00
7.610000e+01 0.000000e+00 -1.000000e+00 6.435739e+00
7.620000e+01 2.894440e+00 1.894440e+00 7.074084e+00
7.630000e+01 3.732913e+01 3.632913e+01 6.212050e+00
7.640000e+01 1.120124e+01 1.020124e+01 4.915967e+00
7.650000e+01 1.656362e+01 1.556362e+01 4.459910e+00
7.660000e+01 2.129158e+00 1.129158e+00 4.527027e+00
7.670000e+01 9.882424e+00 8.882424e+00 4.880590e+00
7.680000e+01 3.887213e+00 2.887213e+00 5.211937e+00
7.690000e+01 9.329227e+00 8.329227e+00 5.512307e+00
7.700000e+01 1.165878e+01 1.065878e+01 5.422067e+00
7.710000e+01 2.450431e+01 2.350431e+01 4.734396e+00
7.720000e+01 6.204758e-01 -3.795242e-01 4.546923e+00
7.730000e+01 5.895262e-01 -4.104738e-01 5.317662e+00
7.740000e+01 9.410474e+00 8.410474e+00 5.857017e+00
7.750000e+01 4.361146e+00 3.361146e+00 6.199691e+00
7.760000e+01 5.638854e+00 4.638854e+00 6.680330e+00
7.770000e+01 4.156071e+00 3.156071e+00 7.193900e+00
7.780000e+01 5.843929e+00 4.843929e+00 7.651353e+00
7.790000e+01 1.379044e+01 1.279044e+01 7.624234e+00
7.800000e+01 2.598820e+01 2.498820e+01 6.638291e+00
7.810000e+01 3.162647e+01 3.062647e+01 4.892530e+00
7.820000e+01 1.478198e+01 1.378198e+01 3.602540e+00
7.830000e+01 1.487264e+01 1.387264e+01 2.962850e+00
7.840000e+01 2.866319e+01 2.766319e+01 1.877702e+00
7.850000e+01 1.027708e+01 9.277077e+00 1.044987e+00
7.860000e+01 1.641694e+00 6.416944e-01 1.282394e+00
7.870000e+01 1.538908e+01 1.438908e+01 1.456564e+00
7.880000e+01 2.969223e+00 1.969223e+00 1.626181e+00
7.890000e+01 0.000000e+00 -1.000000e+00 2.361198e+00
7.900000e+01 9.902161e+00 8.902161e+00 2.872599e+00
7.910000e+01 7.359215e+00 6.359215e+00 3.051221e+00
7.920000e+01 8.247016e+00 7.247016e+00 3.269880e+00
7.930000e+01 4.491608e+00 3.491608e+00 3.663864e+00
7.940000e+01 0.000000e+00 -1.000000e+00 4.387781e+00
7.950000e+01 7.279590e+00 6.279590e+00 4.973289e+00
7.960000e+01 1.370987e+01 1.270987e+01 4.947786e+00
7.970000e+01 1.719801e+01 1.619801e+01 4.401041e+00
7.980000e+01 2.181253e+01 2.081253e+01 3.526575e+00
7.990000e+01 9.548760e+00 8.548760e+00 2.961427e+00
8.000000e+01 1.335573e+01 1.235573e+01 2.762540e+00
8.010000e+01 1.095404e+01 9.954042e+00 2.599954e+00
8.020000e+01 6.141466e+00 5.141466e+00 2.685657e+00
8.030000e+01 1.555135e+01 1.455135e+01 2.545946e+00
8.040000e+01 2.407176e+01 2.307176e+01 1.554403e+00
8.050000e+01 3.454870e+01 3.354870e+01 -2.724197e-01
8.060000e+01 2.021191e+01 1.921191e+01 -1.941521e+00
8.070000e+01 1.616329e+01 1.516329e+01 -2.848323e+00
8.080000e+01 1.871775e+01 1.771775e+01 -3.570375e+00
8.090000e+01 1.073524e+01 9.735236e+00 -4.006251e+00
8.100000e+01 7.875972e+00 6.875972e+00 -4.058156e+00
8.110000e+01 2.212403e+01 2.112403e+01 -4.455472e+00
8.120000e+01 0.000000e+00 -1.000000e+00 -4.535693e+00
8.130000e+01 8.551384e+00 7.551384e+00 -4.070589e+00
8.140000e+01 7.945650e+00 6.945650e+00 -3.865516e+00
8.150000e+01 1.165228e+01 1.065228e+01 -3.810713e+00
8.160000e+01 3.863360e+00 2.863360e+00 -3.631109e+00
8.170000e+01 1.592852e+01 1.492852e+01 -3.591447e+00
8.180000e+01 2.058811e+00 1.058811e+00 -3.477856e+00
8.190000e+01 1.472034e+01 1.372034e+01 -3.498033e+00
8.200000e+01 3.613995e+01 3.513995e+01 -4.927607e+00
8.210000e+01 2.511044e+01 2.411044e+01 -6.790448e+00
8.220000e+01 4.029268e+00 3.029268e+00 -7.329743e+00
8.230000e+01 7.873169e+00 6.873169e+00 -6.991117e+00
8.240000e+01 2.126831e+00 1.126831e+00 -6.484946e+00
8.250000e+01 6.995217e+00 5.995217e+00 -5.999530e+00
8.260000e+01 1.237704e+01 1.137704e+01 -5.935423e+00
8.270000e+01 1.062774e+01 9.627742e+00 -6.013570e+00
8.280000e+01 0.000000e+00 -1.000000e+00 -5.578321e+00
8.290000e+01 8.627428e+00 7.627428e+00 -5.216198e+00
8.300000e+01 3.806139e+01 3.706139e+01 -6.373752e+00
8.310000e+01 1.100823e+01 1.000823e+01 -7.680391e+00
8.320000e+01 9.863802e+00 8.863802e+00 -7.920969e+00
8.330000e+01 2.209425e+01 2.109425e+01 -8.566479e+00
8.340000e+01 3.347023e+01 3.247023e+01 -1.024129e+01
8.350000e+01 2.192185e+01 2.092185e+01 -1.188958e+01
8.360000e+01 8.030712e+00 7.030712e+00 -1.247793e+01
8.370000e+01 1.465493e+01 1.365493e+01 -1.268882e+01
8.380000e+01 1.701810e+01 1.601810e+01 -1.318152e+01
8.390000e+01 5.249067e+00 4.249067e+00 -1.326167e+01
8.400000e+01 0.000000e+00 -1.000000e+00 -1.258522e+01
8.410000e+01 1.360312e+00 3.603120e-01 -1.172425e+01
8.420000e+01 1.419082e+01 1.319082e+01 -1.158534e+01
8.430000e+01 3.053481e+01 2.953481e+01 -1.263424e+01
8.440000e+01 3.914053e+00 2.914053e+00 -1.325971e+01
8.450000e+01 0.000000e+00 -1.000000e+00 -1.262884e+01
8.460000e+01 7.245415e+00 6.245415e+00 -1.197888e+01
8.470000e+01 4.581666e+00 3.581666e+00 -1.156070e+01
8.480000e+01 8.172919e+00 7.172919e+00 -1.116863e+01
8.490000e+01 0.000000e+00 -1.000000e+00 -1.060913e+01
8.500000e+01 1.046760e+01 9.467596e+00 -1.017604e+01
8.510000e+01 1.102937e+01 1.002937e+01 -1.020708e+01
8.520000e+01 1.360313e+01 1.260313e+01 -1.044901e+01
8.530000e+01 1.456180e+01 1.356180e+01 -1.081915e+01
8.540000e+01 9.320100e+00 8.320100e+00 -1.100254e+01
8.550000e+01 8.430357e+00 7.430357e+00 -1.094780e+01
8.560000e+01 1.460809e+01 1.360809e+01 -1.107262e+01
8.570000e+01 7.979555e+00 6.979555e+00 -1.113406e+01
8.580000e+01 0.000000e+00 -1.000000e+00 -1.059276e+01
8.590000e+01 8.072880e+00 7.072880e+00 -1.016196e+01
8.600000e+01 3.336789e+01 3.236789e+01 -1.110481e+01
8.610000e+01 1.446592e+01 1.346592e+01 -1.232981e+01
8.620000e+01 4.093311e+00 3.093311e+00 -1.234056e+01
8.630000e+01 0.000000e+00 -1.000000e+00 -1.158340e+01
8.640000e+01 0.000000e+00 -1.000000e+00 -1.061028e+01
8.650000e+01 2.849411e+00 1.849411e+00 -9.814680e+00
8.660000e+01 1.641213e+01 1.541213e+01 -9.767703e+00
8.670000e+01 1.570486e+01 1.470486e+01 -1.025290e+01
8.680000e+01 5.033608e+00 4.033608e+00 -1.033956e+01
8.690000e+01 1.331034e+01 1.231034e+01 -1.030422e+01
8.700000e+01 1.220750e+01 1.120750e+01 -1.049996e+01
8.710000e+01 4.482163e+00 3.482163e+00 -1.032355e+01
8.720000e+01 0.000000e+00 -1.000000e+00 -9.592692e+00
8.730000e+01 3.463926e+00 2.463926e+00 -8.858122e+00
8.740000e+01 1.879611e+01 1.779611e+01 -8.968670e+00
8.750000e+01 2.268755e+01 2.168755e+01 -1.000008e+01
8.760000e+01 2.821848e+01 2.721848e+01 -1.148468e+01
8.770000e+01 1.627582e+01 1.527582e+01 -1.260387e+01
8.780000e+01 1.660554e+00 6.605542e-01 -1.263536e+01
8.790000e+01 1.642042e+01 1.542042e+01 -1.257391e+01
8.800000e+01 9.475976e+00 8.475976e+00 -1.276070e+01
8.810000e+01 3.809944e+00 2.809944e+00 -1.249753e+01
8.820000e+01 9.191213e+00 8.191213e+00 -1.212469e+01
8.830000e+01 0.000000e+00 -1.000000e+00 -1.156604e+01
8.840000e+01 2.866372e+00 1.866372e+00 -1.080598e+01
8.850000e+01 1.246247e+01 1.146247e+01 -1.051743e+01
8.860000e+01 4.671157e+00 3.671157e+00 -1.033076e+01
8.870000e+01 6.553699e+00 5.553699e+00 -1.000869e+01
8.880000e+01 2.051511e+01 1.951511e+01 -1.026618e+01
8.890000e+01 2.931191e+00 1.931191e+00 -1.035236e+01
8.900000e+01 0.000000e+00 -1.000000e+00 -9.653517e+00
8.910000e+01 1.274584e+01 1.174584e+01 -9.272512e+00
8.920000e+01 7.254156e+00 6.254156e+00 -9.174255e+00
8.930000e+01 0.000000e+00 -1.000000e+00 -8.597350e+00
8.940000e+01 5.736687e+00 4.736687e+00 -7.907926e+00
8.950000e+01 4.263313e+00 3.263313e+00 -7.390452e+00
8.960000e+01 7.545871e+00 6.545871e+00 -7.010957e+00
8.970000e+01 1.043000e+01 9.429999e+00 -6.846792e+00
8.980000e+01 2.024130e+00 1.024130e+00 -6.494976e+00
8.990000e+01 8.925401e+00 7.925401e+00 -6.045735e+00
9.000000e+01 1.074599e+00 7.459886e-02 -5.516179e+00
9.010000e+01 3.580328e+00 2.580328e+00 -4.833912e+00
9.020000e+01 1.260720e+01 1.160720e+01 -4.647329e+00
9.030000e+01 1.762602e+01 1.662602e+01 -5.143760e+00
9.040000e+01 2.241743e+01 2.141743e+01 -6.089368e+00
9.050000e+01 1.376903e+01 1.276903e+01 -6.810171e+00
9.060000e+01 0.000000e+00 -1.000000e+00 -6.549576e+00
9.070000e+01 2.165020e+00 1.165020e+00 -5.757505e+00
9.080000e+01 1.023176e+01 9.231758e+00 -5.373518e+00
9.090000e+01 1.203287e+01 1.103287e+01 -5.417246e+00
9.100000e+01 5.570356e+00 4.570356e+00 -5.315773e+00
9.110000e+01 1.117501e+01 1.017501e+01 -5.201820e+00
9.120000e+01 1.359876e+01 1.259876e+01 -5.366965e+00
9.130000e+01 5.511689e+00 4.511689e+00 -5.339623e+00
9.140000e+01 9.714539e+00 8.714539e+00 -5.105547e+00
9.150000e+01 3.578582e+00 2.578582e+00 -4.783057e+00
9.160000e+01 1.064149e+01 9.641493e+00 -4.525854e+00
9.170000e+01 1.279571e+01 1.179571e+01 -4.757946e+00
9.180000e+01 3.125809e+01 3.025809e+01 -5.861956e+00
9.190000e+01 1.172612e+01 1.072612e+01 -6.907790e+00
9.200000e+01 9.439573e+00 8.439573e+00 -7.079186e+00
9.210000e+01 1.010823e+01 9.108227e+00 -7.004947e+00
9.220000e+01 4.521995e-01 -5.478005e-01 -6.571938e+00
9.230000e+01 8.876076e+00 7.876076e+00 -6.091410e+00
9.240000e+01 9.750111e+00 8.750111e+00 -5.965221e+00
9.250000e+01 8.850556e+00 7.850556e+00 -5.967240e+00
9.260000e+01 2.242849e+01 2.142849e+01 -6.482984e+00
9.270000e+01 1.168594e+01 1.068594e+01 -7.109138e+00
9.280000e+01 8.408824e+00 7.408824e+00 -7.160063e+00
9.290000e+01 6.706522e+00 5.706522e+00 -6.956914e+00
9.300000e+01 1.226310e+01 1.126310e+01 -6.860272e+00
9.310000e+01 1.030375e+00 3.037474e-02 -6.492011e+00
9.320000e+01 0.000000e+00 -1.000000e+00 -5.598862e+00
9.330000e+01 0.000000e+00 -1.000000e+00 -4.632251e+00
9.340000e+01 7.837293e+00 6.837293e+00 -4.042400e+00
9.350000e+01 1.013443e+01 9.134435e+00 -3.860751e+00
9.360000e+01 2.689288e+00 1.689288e+00 -3.533343e+00
9.370000e+01 9.338983e+00 8.338983e+00 -3.119863e+00
9.380000e+01 0.000000e+00 -1.000000e+00 -2.613961e+00
9.390000e+01 1.366090e+01 1.266090e+01 -2.372461e+00
9.400000e+01 1.808004e+01 1.708004e+01 -2.844895e+00
9.410000e+01 9.420255e+00 8.420255e+00 -3.205538e+00
9.420000e+01 8.838806e+00 7.838806e+00 -3.150469e+00
9.430000e+01 6.891330e+00 5.891330e+00 -2.922199e+00
9.440000e+01 3.108670e+00 2.108670e+00 -2.408724e+00
9.450000e+01 0.000000e+00 -1.000000e+00 -1.653968e+00
9.460000e+01 1.421357e+01 1.321357e+01 -1.359343e+00
9.470000e+01 1.161965e+01 1.061965e+01 -1.626656e+00
9.480000e+01 1.941960e+01 1.841960e+01 -2.124785e+00
9.490000e+01 4.747176e+00 3.747176e+00 -2.315033e+00
9.500000e+01 9.536215e+00 8.536215e+00 -2.108366e+00
9.510000e+01 1.046378e+01 9.463785e+00 -2.097545e+00
9.520000e+01 1.516680e+01 1.416680e+01 -2.384461e+00
9.530000e+01 1.483320e+01 1.383320e+01 -2.790208e+00
9.540000e+01 0.000000e+00 -1.000000e+00 -2.535279e+00
9.550000e+01 1.961666e+00 9.616658e-01 -1.812809e+00
9.560000e+01 2.416190e+01 2.316190e+01 -2.082443e+00
9.570000e+01 1.867021e+01 1.767021e+01 -3.054224e+00
9.580000e+01 5.206222e+00 4.206222e+00 -3.281679e+00
9.590000e+01 4.844973e+00 3.844973e+00 -2.848662e+00
9.600000e+01 5.155027e+00 4.155027e+00 -2.319801e+00
9.610000e+01 0.000000e+00 -1.000000e+00 -1.579054e+00
9.620000e+01 0.000000e+00 -1.000000e+00 -5.987873e-01
9.630000e+01 5.265172e-01 -4.734828e-01 3.035461e-01
9.640000e+01 1.546527e+01 1.446527e+01 5.144234e-01
9.650000e+01 1.400821e+01 1.300821e+01 1.003061e-01
9.660000e+01 1.644470e+01 1.544470e+01 -4.237165e-01
9.670000e+01 1.355530e+01 1.255530e+01 -8.931316e-01
9.680000e+01 9.723068e+00 8.723068e+00 -1.052404e+00
9.690000e+01 6.232601e+00 5.232601e+00 -9.078008e-01
9.700000e+01 1.454665e+01 1.354665e+01 -9.429246e-01
9.710000e+01 9.497681e+00 8.497681e+00 -1.057291e+00
9.720000e+01 0.000000e+00 -1.000000e+00 -5.588415e-01
9.730000e+01 0.000000e+00 -1.000000e+00 3.578143e-01
9.740000e+01 9.828460e+00 8.828460e+00 8.143216e-01
9.750000e+01 2.067887e+01 1.967887e+01 3.410587e-01
9.760000e+01 2.130996e+01 2.030996e+01 -7.703189e-01
9.770000e+01 3.172591e+01 3.072591e+01 -2.337656e+00
9.780000e+01 1.486743e+01 1.386743e+01 -3.639159e+00
9.790000e+01 1.847585e+01 1.747585e+01 -4.340617e+00
9.800000e+01 8.129167e+00 7.129167e+00 -4.679210e+00
9.810000e+01 1.601068e+01 1.501068e+01 -4.950360e+00
9.820000e+01 1.648082e+01 1.548082e+01 -5.476508e+00
9.830000e+01 6.754460e+00 5.754460e+00 -5.696457e+00
9.840000e+01 1.754376e+01 1.654376e+01 -5.937792e+00
9.850000e+01 1.316764e+01 1.216764e+01 -6.381215e+00
9.860000e+01 5.026985e+00 4.026985e+00 -6.297553e+00
9.870000e+01 1.824569e+00 8.245691e-01 -5.712429e+00
9.880000e+01 8.175431e+00 7.175431e+00 -5.180282e+00
9.890000e+01 0.000000e+00 -1.000000e+00 -4.603658e+00
9.900000e+01 9.148313e+00 8.148313e+00 -4.095866e+00
9.910000e+01 8.319328e+00 7.319328e+00 -3.947188e+00
9.920000e+01 1.253236e+01 1.153236e+01 -3.939669e+00
9.930000e+01 1.080731e+00 8.073055e-02 -3.638975e+00
9.940000e+01 8.919269e+00 7.919269e+00 -3.155759e+00
9.950000e+01 0.000000e+00 -1.000000e+00 -2.559370e+00
9.960000e+01 1.739855e+00 7.398552e-01 -1.741225e+00
9.970000e+01 1.021608e+01 9.216084e+00 -1.303853e+00
9.980000e+01 8.044061e+00 7.044061e+00 -1.263293e+00
9.990000e+01 2.446850e+01 2.346850e+01 -1.859385e+00
1.000000e+02 1.553150e+01 1.453150e+01 -2.756513e+00
