0 12.8315 11.8315 -7.69415
0.1 17.1685 16.1685 -8.0805
0.2 6.94205 5.94205 -8.2525
0.3 3.05795 2.05795 -7.81998
0.4 7.86604 6.86604 -7.42977
0.5 17.1451 16.1451 -7.60153
0.6 4.98883 3.98883 -7.63765
0.7 0.567648 -0.432352 -7.03792
0.8 12.4146 11.4146 -6.67817
0.9 7.01773 6.01773 -6.55876
1 0 -1 -5.94829
1.1 2.367 1.367 -5.12775
1.2 7.633 6.633 -4.5714
1.3 0 -1 -3.98334
1.4 11.055 10.055 -3.5679
1.5 8.94499 7.94499 -3.46925
1.6 0 -1 -2.93336
1.7 2.44816 1.44816 -2.19752
1.8 21.6425 20.6425 -2.30952
1.9 5.90932 4.90932 -2.59962
2 6.34941 5.34941 -2.29538
2.1 7.05283 6.05283 -1.99553
2.2 14.3325 13.3325 -2.00281
2.3 2.26528 1.26528 -1.82415
2.4 7.37409 6.37409 -1.34276
2.5 2.62591 1.62591 -0.840851
2.6 8.59075 7.59075 -0.415955
2.7 5.91888 4.91888 -0.120649
2.8 8.59563 7.59563 0.140655
2.9 6.89475 5.89475 0.409188
3 2.05817 1.05817 0.921368
3.1 7.94183 6.94183 1.39218
3.2 10.748 9.74797 1.43702
3.3 20.6066 19.6066 0.896012
3.4 18.2307 17.2307 -0.0301199
3.5 23.2563 22.2563 -1.04537
3.6 7.15844 6.15844 -1.50534
3.7 0 -1 -0.948618
3.8 1.83736 0.837364 -0.102974
3.9 8.16264 7.16264 0.451905
4 0.308761 -0.691239 0.990467
4.1 13.738 12.738 1.28141
4.2 5.95323 4.95323 1.39662
4.3 0 -1 2.05127
4.4 0 -1 3.03315
4.5 0.296777 -0.703223 3.96905
4.6 9.70322 8.70322 4.51616
4.7 0 -1 5.08294
4.8 0 -1 5.95466
4.9 16.7531 15.7531 6.08612
5 23.2469 22.2469 5.22742
5.1 9.53648 8.53648 4.65873
5.2 0.463519 -0.536481 5.05356
5.3 9.69616 8.69616 5.44202
5.4 22.2483 21.2483 4.95704
5.5 8.05559 7.05559 4.51628
5.6 6.26812 5.26812 4.64379
5.7 21.5356 20.5356 4.3455
5.8 2.19633 1.19633 4.22494
5.9 5.54267 4.54267 4.65301
6 21.6273 20.6273 4.37783
6.1 11.0117 10.0117 3.76885
6.2 21.7556 20.7556 3.07148
6.3 20.0628 19.0628 2.13079
6.4 1.93044 0.930439 1.98346
6.5 8.06956 7.06956 2.43413
6.6 0 -1 3.08001
6.7 0 -1 3.91875
6.8 24.0431 23.0431 3.71815
6.9 25.3247 24.3247 2.35704
7 25.1973 24.1973 0.918206
7.1 5.43488 4.43488 0.419449
7.2 0 -1 1.00831
7.3 8.236 7.236 1.6095
7.4 1.764 0.764002 2.1624
7.5 0 -1 2.98905
7.6 10.397 9.39704 3.46738
7.7 9.60296 8.60296 3.51653
7.8 10.7359 9.73594 3.4592
7.9 16.1072 15.1072 3.17143
8 7.19214 6.19214 2.99579
8.1 14.4679 13.4679 2.86272
8.2 15.8325 14.8325 2.38192
8.3 15.6643 14.6643 1.87095
8.4 3.62467 2.62467 1.86069
8.5 13.9579 12.9579 1.87598
8.6 24.2854 23.2854 0.984652
8.7 30.9526 29.9526 -0.677515
8.8 17.1794 16.1794 -1.96812
8.9 0.70968 -0.29032 -1.9797
9 9.29032 8.29032 -1.50486
9.1 0 -1 -0.926548
9.2 0 -1 0.0348783
9.3 0.489498 -0.510502 0.890208
9.4 24.7529 23.7529 0.71448
9.5 6.92607 5.92607 0.24867
9.6 7.83151 6.83151 0.365792
9.7 17.7764 16.7764 0.0896431
9.8 19.5021 18.5021 -0.687151
9.9 10.205 9.20496 -1.14468
10 5.52058 4.52058 -0.994272
10.1 11.3904 10.3904 -0.956011
10.2 30.4407 29.4407 -1.95061
10.3 15.1648 14.1648 -3.06963
10.4 0 -1 -2.90367
10.5 0.00311616 -0.996884 -2.03345
10.6 13.1432 12.1432 -1.66431
10.7 8.47818 7.47818 -1.68131
10.8 8.37554 7.37554 -1.5508
10.9 7.33632 6.33632 -1.30812
11 2.66368 1.66368 -0.830348
11.1 5.64205 4.64205 -0.258561
11.2 4.35795 3.35795 0.232192
11.3 9.75781 8.75781 0.512426
11.4 10.91 9.90997 0.507303
11.5 10.7153 9.71525 0.436455
11.6 8.61696 7.61696 0.487401
11.7 5.05343 4.05343 0.793495
11.8 4.94657 3.94657 1.25856
11.9 10.5818 9.58179 1.42745
12 19.4182 18.4182 1.05825
12.1 0 -1 1.04625
12.2 15.6494 14.6494 1.21934
12.3 4.35056 3.35056 1.32577
12.4 0 -1 2.04543
12.5 0 -1 3.00924
12.6 5.1089 4.1089 3.72477
12.7 12.4513 11.4513 3.82084
12.8 20.9117 19.9117 3.26814
12.9 5.85165 4.85165 2.88327
13 22.417 21.417 2.44336
13.1 11.3815 10.3815 1.88646
13.2 1.87792 0.877924 2.15413
13.3 4.88075 3.88075 2.7059
13.4 18.418 17.418 2.5995
13.5 11.953 10.953 2.06947
13.6 24.7482 23.7482 1.29981
13.7 6.45105 5.45105 0.690366
13.8 27.9953 26.9953 -0.0166474
13.9 5.5536 4.5536 -0.599373
14 8.95669 7.95669 -0.405273
14.1 1.04331 0.0433058 0.0774586
14.2 11.3274 10.3274 0.421548
14.3 8.67259 7.67259 0.521124
14.4 0 -1 1.06606
14.5 0 -1 2.02529
14.6 1.48752 0.487515 2.9158
14.7 8.51248 7.51248 3.46213
14.8 0 -1 4.07608
14.9 0 -1 4.97968
15 9.73674 8.73674 5.53061
15.1 4.69002 3.69002 5.76645
15.2 23.1068 22.1068 5.35755
15.3 19.6175 18.6175 4.36991
15.4 9.94704 8.94704 3.7831
15.5 26.2597 25.2597 2.96138
15.6 18.8983 17.8983 1.83889
15.7 7.74379 6.74379 1.46725
15.8 7.14975 6.14975 1.65519
15.9 11.3527 10.3527 1.71649
16 14.3932 13.3932 1.44846
16.1 13.7429 12.7429 1.10163
16.2 3.36142 2.36142 1.26162
16.3 0.909508 -0.0904916 1.92258
16.4 16.6276 15.6276 2.03134
16.5 18.1962 17.1962 1.36654
16.6 17.4291 16.4291 0.633145
16.7 6.83764 5.83764 0.43012
16.8 6.39277 5.39277 0.629924
16.9 22.7599 21.7599 0.238108
17 10.8473 9.84731 -0.40052
17.1 17.1084 16.1084 -0.797586
17.2 2.89159 1.89159 -0.73872
17.3 0 -1 -0.0303074
17.4 15.4012 14.4012 0.180416
17.5 17.2868 16.2868 -0.333473
17.6 7.74401 6.74401 -0.593253
17.7 10.254 9.25396 -0.552694
17.8 12.8167 11.8167 -0.662768
17.9 6.49738 5.49738 -0.601914
18 4.95202 3.95202 -0.280719
18.1 18.9947 17.9947 -0.417424
18.2 6.05324 5.05324 -0.621486
18.3 9.95769 8.95769 -0.487418
18.4 9.43306 8.43306 -0.439809
18.5 10.6093 9.60925 -0.399035
18.6 0 -1 0.0792862
18.7 0.961442 -0.0385581 0.933279
18.8 9.03856 8.03856 1.49292
18.9 0 -1 2.00831
19 15.9662 14.9662 2.09768
19.1 27.9224 26.9224 1.05346
19.2 14.8741 13.8741 -0.0828728
19.3 24.0705 23.0705 -1.07091
19.4 17.1668 16.1668 -2.01552
19.5 4.92344 3.92344 -2.2157
19.6 15.8257 14.8257 -2.27824
19.7 9.25084 8.25084 -2.43331
19.8 0 -1 -1.92409
19.9 0 -1 -1.05758
20 19.0691 18.0691 -1.00705
20.1 19.321 18.321 -1.84601
20.2 20.768 19.768 -2.82524
20.3 14.6871 13.6871 -3.60449
20.4 16.1549 15.1549 -4.09605
20.5 0 -1 -3.92436
20.6 6.26112 5.26112 -3.30694
20.7 3.73888 2.73888 -2.75028
20.8 0 -1 -1.96633
20.9 3.84054 2.84054 -1.23469
21 14.9741 13.9741 -1.08618
21.1 1.18537 0.185374 -0.879552
21.2 9.35074 8.35074 -0.490186
21.3 11.4338 10.4338 -0.477215
21.4 11.4237 10.4237 -0.644313
21.5 15.9607 14.9607 -0.966676
21.6 7.39906 6.39906 -1.14308
21.7 12.6764 11.6764 -1.15448
21.8 5.56988 4.56988 -1.04221
21.9 6.18576 5.18576 -0.645999
22 2.02152 1.02152 -0.0756607
22.1 7.97848 6.97848 0.393452
22.2 8.80881 7.80881 0.62635
22.3 1.19119 0.191195 1.09391
22.4 7.51668 6.51668 1.6453
22.5 2.48332 1.48332 2.19189
22.6 0 -1 3.03846
22.7 0 -1 4.03153
22.8 0 -1 5.02903
22.9 0 -1 6.02651
23 2.70365 1.70365 6.81372
23.1 16.5072 15.5072 6.94787
23.2 1.60922 0.609217 7.03226
23.3 15.945 14.945 7.12236
23.4 7.2635 6.2635 7.00733
23.5 13.3546 12.3546 6.95608
23.6 7.11038 6.11038 6.96526
23.7 7.51823 6.51823 7.20541
23.8 7.98828 6.98828 7.34365
23.9 26.3951 25.3951 6.68082
24 13.6049 12.6049 5.81719
24.1 5.33193 4.33193 5.74769
24.2 14.6681 13.6681 5.78472
24.3 0 -1 6.10504
24.4 0.703853 -0.296147 6.90377
24.5 17.7261 16.7261 7.05365
24.6 7.31734 6.31734 6.79686
24.7 23.6611 22.6611 6.25476
24.8 9.22258 8.22258 5.74011
24.9 1.36907 0.369072 6.09022
25 8.98656 7.98656 6.55241
25.1 9.70227 8.70227 6.54371
25.2 32.2716 31.2716 5.48338
25.3 22.5727 21.5727 3.93268
25.4 6.46687 5.46687 3.39512
25.5 11.9611 10.9611 3.39478
25.6 14.9598 13.9598 3.03704
25.7 22.8239 21.8239 2.1938
25.8 16.9456 15.9456 1.20061
25.9 23.3096 22.3096 0.270254
26 0 -1 0.113974
26.1 6.20792 5.20792 0.651951
26.2 12.1616 11.1616 0.821819
26.3 3.54811 2.54811 1.01718
26.4 12.3419 11.3419 1.1751
26.5 12.7251 11.7251 0.984236
26.6 11.0218 10.0218 0.741601
26.7 19.5185 18.5185 0.293357
26.8 3.83782 2.83782 0.0868839
26.9 18.6372 17.6372 -0.0282978
27 0 -1 0.124158
27.1 0.413629 -0.586371 0.955173
27.2 9.58637 8.58637 1.49858
27.3 3.79551 2.79551 1.86029
27.4 6.20449 5.20449 2.29668
27.5 13.5396 12.5396 2.31331
27.6 14.4725 13.4725 2.00299
27.7 3.40004 2.40004 2.0856
27.8 8.58786 7.58786 2.4283
27.9 9.79927 8.79927 2.53413
28 10.2007 9.20073 2.56337
28.1 4.82016 3.82016 2.81039
28.2 5.17984 4.17984 3.30921
28.3 0 -1 4.05489
28.4 0 -1 5.01538
28.5 3.66447 2.66447 5.80158
28.6 9.93394 8.93394 6.14676
28.7 10.0864 9.08636 6.10489
28.8 22.794 21.794 5.52642
28.9 10.1041 9.10405 4.89734
29 18.4622 17.4622 4.46415
29.1 4.955 3.955 4.36699
29.2 0 -1 5.02348
29.3 6.1841 5.1841 5.64222
29.4 16.972 15.972 5.56083
29.5 6.84388 5.84388 5.45144
29.6 0 -1 6.03982
29.7 6.67597 5.67597 6.52524
29.8 36.2112 35.2112 5.5357
29.9 10.1617 9.16168 4.38403
30 6.95114 5.95114 4.2976
30.1 23.7286 22.7286 3.84803
30.2 7.1333 6.1333 3.36743
30.3 9.13809 8.13809 3.51499
30.4 0 -1 4.03471
30.5 9.21946 8.21946 4.51448
30.6 10.7805 9.78054 4.58048
30.7 9.39519 8.39519 4.49837
30.8 23.8009 22.8009 3.86631
30.9 18.0153 17.0153 2.80421
31 25.659 24.659 1.63031
31.1 15.8059 14.8059 0.636835
31.2 7.3236 6.3236 0.461874
31.3 0 -1 1.0651
31.4 0 -1 1.97701
31.5 12.4627 11.4627 2.31128
31.6 20.3856 19.3856 1.79633
31.7 7.15171 6.15171 1.4167
31.8 14.017 13.017 1.32628
31.9 5.98298 4.98298 1.40004
32 0 -1 2.0137
32.1 9.22247 8.22247 2.49445
32.2 17.2375 16.2375 2.1993
32.3 18.9908 17.9908 1.49941
32.4 4.54922 3.54922 1.26263
32.5 18.1403 17.1403 1.04613
32.6 20.7424 19.7424 0.185794
32.7 16.9485 15.9485 -0.636675
32.8 6.4953 5.4953 -0.882391
32.9 16.5519 15.5519 -1.00908
33 1.12163 0.121627 -0.843353
33.1 2.34168 1.34168 -0.127178
33.2 9.64939 8.64939 0.241438
33.3 17.7368 16.7368 -0.0121825
33.4 0.272107 -0.727893 0.128479
33.5 0 -1 0.997048
33.6 6.616 5.616 1.65043
33.7 10.8463 9.84625 1.84711
33.8 2.53775 1.53775 2.18373
33.9 5.57782 4.57782 2.73572
34 4.42218 3.42218 3.28535
34.1 0 -1 4.00092
34.2 9.02529 8.02529 4.59062
34.3 0.974709 -0.0252911 4.9429
34.4 38.285 37.285 4.06132
34.5 11.715 10.715 2.77797
34.6 6.47255 5.47255 2.67582
34.7 15.0607 14.0607 2.62089
34.8 8.4667 7.4667 2.52287
34.9 0 -1 3.06837
35 0 -1 3.9826
35.1 11.8899 10.8899 4.29817
35.2 30.2519 29.2519 3.30187
35.3 17.8582 16.8582 2.04029
35.4 5.47812 4.47812 1.80979
35.5 4.52188 3.52188 2.25614
35.6 5.57507 4.57507 2.7205
35.7 11.1215 10.1215 2.91708
35.8 5.82129 4.82129 3.07784
35.9 10.6697 9.66973 3.18505
36 17.9934 16.9934 2.81102
36.1 12.6551 11.6551 2.24825
36.2 25.1136 24.1136 1.36504
36.3 16.8869 15.8869 0.390568
36.4 4.16335 3.16335 0.288626
36.5 5.41081 4.41081 0.699443
36.6 18.049 17.049 0.496315
36.7 24.0683 23.0683 -0.444685
36.8 2.47188 1.47188 -0.737555
36.9 0 -1 0.0119267
37 7.32316 6.32316 0.519351
37.1 30.9271 29.9271 -0.259274
37.2 10.4809 9.48094 -1.22371
37.3 11.7235 10.7235 -1.45413
37.4 14.4826 13.4826 -1.76601
37.5 17.6153 16.6153 -2.31895
37.6 9.81952 8.81952 -2.722
37.7 18.6053 17.6053 -3.13705
37.8 9.02251 8.02251 -3.46367
37.9 6.94164 5.94164 -3.29127
38 3.05836 2.05836 -2.85043
38.1 15.5103 14.5103 -2.82708
38.2 19.5577 18.5577 -3.44254
38.3 4.93203 3.93203 -3.69286
38.4 13.2235 12.2235 -3.69076
38.5 16.7765 15.7765 -4.1064
38.6 7.96099 6.96099 -4.29926
38.7 3.17761 2.17761 -3.98142
38.8 19.1545 18.1545 -4.07025
38.9 9.70695 8.70695 -4.44805
39 12.7435 11.7435 -4.63157
39.1 13.7052 12.7052 -4.91106
39.2 9.63076 8.63076 -5.09022
39.3 12.2248 11.2248 -5.1943
39.4 10.534 9.53395 -5.30853
39.5 8.15516 7.15516 -5.22946
39.6 3.00674 2.00674 -4.78302
39.7 0 -1 -3.9581
39.8 0.473686 -0.526314 -3.0314
39.9 9.52631 8.52631 -2.56967
40 16.0895 15.0895 -2.73746
40.1 3.91047 2.91047 -2.79186
40.2 18.9039 17.9039 -2.90661
40.3 1.09608 0.096079 -2.82452
40.4 0 -1 -1.96729
40.5 0 -1 -1.03242
40.6 14.0442 13.0442 -0.701233
40.7 5.95583 4.95583 -0.60353
40.8 0 -1 0.0558513
40.9 0 -1 0.984589
41 10.638 9.63803 1.43073
41.1 14.7927 13.7927 1.22885
41.2 11.6486 10.6486 0.901191
41.3 15.3431 14.3431 0.562039
41.4 9.90996 8.90996 0.318182
41.5 10.1522 9.15219 0.293826
41.6 7.51547 6.51547 0.457107
41.7 0 -1 1.0169
41.8 9.98878 8.98878 1.49301
41.9 8.50855 7.50855 1.60055
42 11.5027 10.5027 1.62278
42.1 5.00427 4.00427 1.7838
42.2 10.4279 9.42786 2.0118
42.3 4.56787 3.56787 2.23747
42.4 16.2375 15.2375 2.15149
42.5 18.4139 17.4139 1.51361
42.6 10.7056 9.70557 1.09382
42.7 4.64308 3.64308 1.24833
42.8 13.8683 12.8683 1.28225
42.9 15.257 14.257 0.944529
43 0.874694 -0.125306 1.11249
43.1 7.62118 6.62118 1.56079
43.2 19.79 18.79 1.21295
43.3 23.3967 22.3967 0.11808
43.4 19.1921 18.1921 -0.902563
43.5 0 -1 -0.908472
43.6 5.29488 4.29488 -0.264105
43.7 4.70512 3.70512 0.294759
43.8 0 -1 1.03287
43.9 4.13635 3.13635 1.79447
44 5.86365 4.86365 2.34392
44.1 0 -1 3.04701
44.2 3.56763 2.56763 3.76765
44.3 18.2381 17.2381 3.70903
44.4 15.6367 14.6367 3.10176
44.5 11.3431 10.3431 2.75917
44.6 6.93784 5.93784 2.78378
44.7 15.7628 14.7628 2.65588
44.8 8.51393 7.51393 2.53865
44.9 0 -1 2.98739
45 16.0999 15.0999 3.20812
45.1 3.90008 2.90008 3.27297
45.2 6.51288 5.51288 3.70003
45.3 4.37067 3.37067 4.14756
45.4 9.11645 8.11645 4.49672
45.5 3.293 2.293 4.82814
45.6 16.707 15.707 4.85856
45.7 6.13447 5.13447 4.68931
45.8 25.081 24.081 4.10541
45.9 18.1868 17.1868 3.02539
46 20.5158 19.5158 2.0899
46.1 11.9083 10.9083 1.46079
46.2 16.3128 15.3128 1.06984
46.3 1.86088 0.860879 1.20291
46.4 2.00684 1.00684 1.77574
46.5 35.3618 34.3618 0.91691
46.6 32.1245 31.1245 -1.14288
46.7 0.747257 -0.252743 -1.86737
46.8 12.3673 11.3673 -1.70435
46.9 17.3923 16.3923 -2.05125
47 5.33692 4.33692 -2.28568
47.1 27.274 26.274 -2.90966
47.2 13.7637 12.7637 -3.83118
47.3 9.45781 8.45781 -4.05397
47.4 6.824 5.824 -3.90641
47.5 12.0512 11.0512 -3.83487
47.6 5.29239 4.29239 -3.64562
47.7 0 -1 -2.98319
47.8 8.00729 7.00729 -2.42193
47.9 11.0667 10.0667 -2.31386
48 6.55059 5.55059 -2.17602
48.1 4.37545 3.37545 -1.72209
48.2 0 -1 -0.952374
48.3 0 -1 0.0374446
48.4 0 -1 0.937
48.5 20.426 19.426 0.96165
48.6 9.57398 8.57398 0.612742
48.7 0 -1 1.01734
48.8 11.3722 10.3722 1.40289
48.9 12.2854 11.2854 1.30735
49 6.34243 5.34243 1.36264
49.1 8.34774 7.34774 1.63107
49.2 1.65226 0.652259 2.15292
49.3 0 -1 3.03409
49.4 0 -1 4.00085
49.5 10.6829 9.68287 4.26621
49.6 48.61 47.61 2.52988
49.7 10.7071 9.7071 0.80457
49.8 0 -1 0.96752
49.9 21.146 20.146 0.869716
50 22.3349 21.3349 -0.131578
50.1 6.51904 5.51904 -0.542009
50.2 0 -1 0.0322116
50.3 4.57186 3.57186 0.780751
50.4 6.01794 5.01794 1.20412
50.5 19.1466 18.1466 1.01189
50.6 6.82667 5.82667 0.764308
50.7 9.7175 8.7175 0.843473
50.8 16.165 15.165 0.554419
50.9 17.5544 16.5544 -0.0140995
51 0 -1 0.0714748
51.1 7.93557 6.93557 0.619974
51.2 2.06443 1.06443 1.12724
51.3 11.5671 10.5671 1.36789
51.4 18.4329 17.4329 1.01081
51.5 0 -1 1.08458
51.6 7.33417 6.33417 1.59682
51.7 12.6658 11.6658 1.67447
51.8 6.82809 5.82809 1.68425
51.9 13.1719 12.1719 1.68807
52 7.37413 6.37413 1.66292
52.1 12.6259 11.6259 1.67715
52.2 4.27129 3.27129 1.81365
52.3 13.2506 12.2506 1.94345
52.4 2.4781 1.4781 2.22023
52.5 0 -1 3.01898
52.6 3.86795 2.86795 3.81106
52.7 6.8238 5.8238 4.25183
52.8 15.3504 14.3504 4.16138
52.9 14.2414 13.2414 3.73802
53 9.71649 8.71649 3.58305
53.1 0 -1 4.01185
53.2 14.8939 13.8939 4.16384
53.3 25.1061 24.1061 3.31998
53.4 9.02185 8.02185 2.63755
53.5 12.8733 11.8733 2.45371
53.6 13.767 12.767 2.19266
53.7 4.94326 3.94326 2.22972
53.8 11.9381 10.9381 2.29253
53.9 21.243 20.243 1.73007
54 9.1543 8.1543 1.25756
54.1 7.05919 6.05919 1.41958
54.2 0 -1 2.06261
54.3 0 -1 3.02825
54.4 0 -1 4.0302
54.5 0 -1 5.03486
54.6 0 -1 5.98824
54.7 8.61753 7.61753 6.59861
54.8 1.38247 0.382469 7.07333
54.9 15.5883 14.5883 7.16729
55 19.4522 18.4522 6.4875
55.1 18.8346 17.8346 5.641
55.2 6.12494 5.12494 5.42279
55.3 0 -1 6.04983
55.4 0 -1 7.03869
55.5 0.620855 -0.379145 7.87837
55.6 25.2713 24.2713 7.68904
55.7 4.95522 3.95522 7.23584
55.8 19.7954 18.7954 6.8067
55.9 33.6562 32.6562 5.35228
56 6.87717 5.87717 4.349
56.1 14.2533 13.2533 4.12461
56.2 21.4079 20.4079 3.40102
56.3 18.252 17.252 2.50582
56.4 4.91059 3.91059 2.35758
56.5 1.39368 0.393676 2.89457
56.6 17.8308 16.8308 2.97814
56.7 5.77542 4.77542 2.88615
56.8 5.72869 4.72869 3.17998
56.9 17.2341 16.2341 3.11794
57 2.03734 1.03734 3.16853
57.1 9.37342 8.37342 3.56092
57.2 0.626584 -0.373416 4.0982
57.3 3.78029 2.78029 4.76087
57.4 16.2197 15.2197 4.85813
57.5 1.16563 0.165633 5.0115
57.6 9.2451 8.2451 5.36268
57.7 19.465 18.465 4.98342
57.8 17.7941 16.7941 4.15888
57.9 18.7713 17.7713 3.32018
58 18.5496 17.5496 2.47347
58.1 15.0093 14.0093 1.83455
58.2 6.3852 5.3852 1.75988
58.3 3.6148 2.6148 2.23687
58.4 0 -1 3.047
58.5 0 -1 4.02051
58.6 2.67559 1.67559 4.83974
58.7 13.3031 12.3031 5.0447
58.8 13.5487 12.5487 4.80724
58.9 3.69708 2.69708 4.89293
59 12.2703 11.2703 5.09407
59.1 4.5052 3.5052 5.22924
59.2 18.5164 17.5164 5.06892
59.3 11.4836 10.4836 4.66213
59.4 6.50269 5.50269 4.73636
59.5 5.48989 4.48989 5.02991
59.6 21.6743 20.6743 4.7426
59.7 8.92296 7.92296 4.15618
59.8 36.5269 35.5269 2.85142
59.9 26.7012 25.7012 0.930119
60 6.82523 5.82523 0.17382
60.1 11.0236 10.0236 0.156388
60.2 18.0404 17.0404 -0.22306
60.3 8.2928 7.2928 -0.521817
60.4 12.0799 11.0799 -0.635399
60.5 20.3408 19.3408 -1.17479
60.6 7.5793 6.5793 -1.49637
60.7 0 -1 -0.941767
60.8 0 -1 0.0156416
60.9 5.43044 4.43044 0.626115
61 28.0601 27.0601 0.0800851
61.1 6.50951 5.50951 -0.521057
61.2 2.72481 1.72481 -0.11788
61.3 7.33423 6.33423 0.357396
61.4 9.94095 8.94095 0.561095
61.5 0 -1 1.06964
61.6 2.21876 1.21876 1.87702
61.7 7.78124 6.78124 2.43359
61.8 0 -1 3.05013
61.9 3.98964 2.98964 3.76968
62 15.3119 14.3119 3.72419
62.1 33.91 32.91 2.44049
62.2 8.63094 7.63094 1.38216
62.3 11.5283 10.5283 1.26421
62.4 7.82441 6.82441 1.31466
62.5 8.80474 7.80474 1.49224
62.6 4.41713 3.41713 1.73665
62.7 24.0662 23.0662 1.37628
62.8 5.71687 4.71687 0.990207
62.9 5.79982 4.79982 1.27894
63 12.3034 11.3034 1.41005
63.1 8.32505 7.32505 1.39137
63.2 9.37151 8.37151 1.54668
63.3 0.0346464 -0.965354 1.94878
63.4 25.7361 24.7361 1.71642
63.5 4.22928 3.22928 1.35566
63.6 3.77382 2.77382 1.78835
63.7 13.3102 12.3102 1.95402
63.8 13.3643 12.3643 1.59765
63.9 25.431 24.431 0.711223
64 14.1206 13.1206 -0.216035
64.1 15.9136 14.9136 -0.77267
64.2 14.0864 13.0864 -1.23088
64.3 8.86849 7.86849 -1.38574
64.4 7.25465 6.25465 -1.20562
64.5 6.89234 5.89234 -0.976946
64.6 16.9845 15.9845 -1.08875
64.7 0 -1 -0.890354
64.8 0 -1 0.0175971
64.9 2.79816 1.79816 0.804952
65 18.9485 17.9485 0.776033
65.1 8.25332 7.25332 0.53456
65.2 0 -1 1.06147
65.3 0 -1 2.0307
65.4 0 -1 3.00777
65.5 5.85682 4.85682 3.68093
65.6 11.9548 10.9548 3.86515
65.7 2.18835 1.18835 4.19475
65.8 0 -1 5.03974
65.9 0 -1 5.97936
66 12.3606 11.3606 6.3287
66.1 17.6394 16.6394 5.93886
66.2 8.29869 7.29869 5.63783
66.3 11.5709 10.5709 5.65606
66.4 1.21735 0.217353 5.97477
66.5 13.0938 12.0938 6.24264
66.6 6.24918 5.24918 6.31334
66.7 11.1702 10.1702 6.40249
66.8 12.7608 11.7608 6.16273
66.9 25.639 24.639 5.36721
67 0 -1 5.13189
67.1 7.93463 6.93463 5.42003
67.2 42.6867 41.6867 4.08073
67.3 14.8694 13.8694 2.3419
67.4 18.033 17.033 1.60529
67.5 6.47621 5.47621 1.39423
67.6 10.4791 9.47913 1.48299
67.7 9.52087 8.52087 1.5485
67.8 2.7153 1.7153 1.89825
67.9 7.2847 6.2847 2.41282
68 0 -1 2.98147
68.1 18.3998 17.3998 3.03764
68.2 16.0733 15.0733 2.38716
68.3 19.2646 18.2646 1.65772
68.4 6.26226 5.26226 1.43502
68.5 0 -1 2.02069
68.6 7.54662 6.54662 2.59271
68.7 14.0406 13.0406 2.52024
68.8 19.7161 18.7161 1.88977
68.9 13.1617 12.1617 1.30344
69 6.31065 5.31065 1.28846
69.1 9.23044 8.23044 1.43121
69.2 18.0228 17.0228 1.16261
69.3 1.97112 0.971115 1.21183
69.4 0 -1 2.0361
69.5 0.0459465 -0.954054 2.98565
69.6 9.95405 8.95405 3.47387
69.7 12.404 11.404 3.38727
69.8 16.0617 15.0617 2.97674
69.9 14.0513 13.0513 2.52272
70 7.55058 6.55058 2.4157
70.1 9.93239 8.93239 2.55754
70.2 0 -1 3.06666
70.3 4.65212 3.65212 3.66361
70.4 27.37 26.37 3.18566
70.5 8.06238 7.06238 2.51138
70.6 9.9155 8.9155 2.49217
70.7 14.8541 13.8541 2.22245
70.8 23.5474 22.5474 1.4265
70.9 1.59844 0.598444 1.22206
71 0 -1 1.99484
71.1 7.82712 6.82712 2.58924
71.2 11.535 10.535 2.66888
71.3 8.49529 7.49529 2.68853
71.4 8.97379 7.97379 2.71442
71.5 26.7662 25.7662 1.92562
71.6 26.7145 25.7145 0.394746
71.7 15.2048 14.2048 -0.713143
71.8 14.4832 13.4832 -1.18769
71.9 2.17941 1.17941 -1.06608
72 12.9057 11.9057 -0.938544
72.1 24.6288 23.6288 -1.74003
72.2 20.1455 19.1455 -2.88339
72.3 11.1474 10.1474 -3.48904
72.4 14.1562 13.1562 -3.78243
72.5 11.4051 10.4051 -4.02887
72.6 8.11469 7.11469 -4.00557
72.7 6.15834 5.15834 -3.78891
72.8 17.4131 16.4131 -3.95265
72.9 11.412 10.412 -4.28366
73 0.333756 -0.666244 -3.91881
73.1 3.42918 2.42918 -3.17385
73.2 6.57082 5.57082 -2.62463
73.3 0 -1 -1.93638
73.4 0.321177 -0.678823 -1.03907
73.5 11.3874 10.3874 -0.617142
73.6 10.7034 9.70337 -0.656074
73.7 7.58803 6.58803 -0.561561
73.8 4.81838 3.81838 -0.252035
73.9 17.9858 16.9858 -0.453874
74 25.6791 24.6791 -1.45968
74.1 3.13047 2.13047 -1.89715
74.2 8.38626 7.38626 -1.54819
74.3 0 -1 -0.916098
74.4 0.143724 -0.856276 -0.1116
74.5 28.1636 27.1636 -0.459877
74.6 15.1206 14.1206 -1.4519
74.7 6.57205 5.57205 -1.58068
74.8 0 -1 -0.940793
74.9 0 -1 0.0285826
75 0 -1 1.01095
75.1 6.08274 5.08274 1.63028
75.2 20.217 19.217 1.42305
75.3 3.70031 2.70031 1.29688
75.4 4.32985 3.32985 1.76103
75.5 12.6719 11.6719 1.95461
75.6 10.5479 9.54794 1.65492
75.7 43.5349 42.5349 0.101692
75.8 8.91544 7.91544 -1.31603
75.9 0 -1 -0.944821
76 0 -1 0.0124858
76.1 4.55494 3.55494 0.777661
76.2 5.44506 4.44506 1.28855
76.3 8.85848 7.85848 1.56079
76.4 10.0954 9.09543 1.68293
76.5 1.22676 0.226756 2.04549
76.6 15.2646 14.2646 2.23496
76.7 4.55478 3.55478 2.27274
76.8 13.2614 12.2614 2.3317
76.9 11.0761 10.0761 2.18673
77 5.66247 4.66247 2.35369
77.1 3.4062 2.4062 2.78461
77.2 21.2073 20.2073 2.6172
77.3 5.38647 4.38647 2.39939
77.4 1.87273 0.872729 2.87531
77.5 17.571 16.571 2.88957
77.6 18.6108 17.6108 2.17121
77.7 15.6916 14.6916 1.43083
77.8 20.8704 19.8704 0.574713
77.9 23.9567 22.9567 -0.633096
78 21.49 20.49 -1.84043
78.1 9.93674 8.93674 -2.39284
78.2 3.6851 2.6851 -2.14524
78.3 7.47227 6.47227 -1.73944
78.4 8.84263 7.84263 -1.49036
78.5 0 -1 -0.957996
78.6 6.91419 5.91419 -0.369277
78.7 10.6463 9.64627 -0.184246
78.8 7.33941 6.33941 -0.159028
78.9 25.4497 24.4497 -0.794396
79 19.6504 18.6504 -1.86802
79.1 0 -1 -1.8928
79.2 4.805 3.805 -1.3815
79.3 34.5892 33.5892 -2.17892
79.4 5.83468 4.83468 -3.10406
79.5 17.2658 16.2658 -3.49525
79.6 31.7622 30.7622 -4.75184
79.7 7.14359 6.14359 -5.64789
79.8 8.59954 7.59954 -5.53766
79.9 4.88199 3.88199 -5.19748
80 5.11801 4.11801 -4.70363
80.1 3.63869 2.63869 -4.20667
80.2 16.3613 15.3613 -4.14458
80.3 2.41976 1.41976 -4.04563
80.4 7.58024 6.58024 -3.6327
80.5 11.2733 10.2733 -3.58283
80.6 18.7267 17.7267 -4.02476
80.7 9.93277 8.93277 -4.44379
80.8 13.8581 12.8581 -4.64353
80.9 6.20911 5.20911 -4.62139
81 6.4729 5.4729 -4.31593
81.1 10.4708 9.47081 -4.15758
81.2 10.7487 9.74868 -4.20635
81.3 11.9089 10.9089 -4.33543
81.4 10.3987 9.39868 -4.41257
81.5 4.48771 3.48771 -4.20755
81.6 13.3647 12.3647 -4.12349
81.7 12.1476 11.1476 -4.35492
81.8 13.4407 12.4407 -4.66958
81.9 16.5593 15.5593 -5.09042
82 3.93324 2.93324 -5.19387
82.1 23.0689 22.0689 -5.60856
82.2 22.7814 21.7814 -6.74737
82.3 10.2164 9.2164 -7.36228
82.4 2.16255 1.16255 -7.11946
82.5 18.7081 17.7081 -7.20016
82.6 19.7201 18.7201 -8.04482
82.7 19.2348 18.2348 -8.90473
82.8 0.174402 -0.825598 -8.87796
82.9 1.7378 0.7378 -8.11378
83 11.1447 10.1447 -7.72436
83.1 7.11751 6.11751 -7.5603
83.2 0 -1 -6.95548
83.3 4.18652 3.18652 -6.22554
83.4 9.57 8.57 -5.8717
83.5 6.24348 5.24348 -5.65897
83.6 10.2327 9.23267 -5.50228
83.7 10.8547 9.85475 -5.53237
83.8 8.91259 7.91259 -5.47034
83.9 0 -1 -4.98707
84 12.7935 11.7935 -4.68261
84.1 16.5446 15.5446 -5.11314
84.2 20.6619 19.6619 -5.86254
84.3 0 -1 -5.87481
84.4 0 -1 -4.97807
84.5 0 -1 -3.96658
84.6 0 -1 -2.9704
84.7 0 -1 -1.97789
84.8 2.73296 1.73296 -1.14291
84.9 7.26704 6.26704 -0.588269
85 0 -1 0.0249486
85.1 8.08491 7.08491 0.618176
85.2 1.91509 0.915087 1.12645
85.3 8.25512 7.25512 1.61801
85.4 1.74488 0.744883 2.11262
85.5 10.6961 9.69607 2.42765
85.6 16.5445 15.5445 2.08098
85.7 24.5893 23.5893 1.00195
85.8 31.937 30.937 -0.689164
85.9 11.3036 10.3036 -1.7939
86 6.86964 5.86964 -1.84198
86.1 13.7884 12.7884 -1.84335
86.2 4.2714 3.2714 -1.68781
86.3 0 -1 -0.996447
86.4 8.86015 7.86015 -0.419201
86.5 1.13985 0.139848 0.130081
86.6 1.28481 0.284807 0.902119
86.7 14.6138 13.6138 1.11704
86.8 13.7789 12.7789 0.747535
86.9 17.5138 16.5138 0.132465
87 24.5258 23.5258 -0.875112
87.1 8.28287 7.28287 -1.44123
87.2 0 -1 -0.970304
87.3 7.56316 6.56316 -0.404543
87.4 11.8103 10.8103 -0.302023
87.5 5.42007 4.42007 -0.162362
87.6 8.45579 7.45579 0.103203
87.7 12.3007 11.3007 -0.0171857
87.8 32.3068 31.3068 -1.17326
87.9 18.7776 17.7776 -2.59235
88 14.01 13.01 -3.44261
88.1 40.0338 39.0338 -5.072
88.2 21.9098 20.9098 -7.00517
88.3 12.5417 11.5417 -7.78797
88.4 6.5524 5.5524 -7.84556
88.5 17.9551 16.9551 -8.00186
88.6 2.2044 1.2044 -8.15006
88.7 41.8062 40.8062 -9.35154
88.8 22.9671 21.9671 -11.2942
88.9 3.38508 2.38508 -11.7099
89 0 -1 -10.9572
89.1 0 -1 -9.97094
89.2 0 -1 -8.97638
89.3 3.07535 2.07535 -8.20757
89.4 18.663 17.663 -8.26848
89.5 16.2133 15.2133 -8.92089
89.6 12.0484 11.0484 -9.32155
89.7 5.45414 4.45414 -9.21551
89.8 6.36744 5.36744 -8.85039
89.9 8.17842 7.17842 -8.5627
90 9.44468 8.44468 -8.54648
90.1 29.3795 28.3795 -9.34659
90.2 1.17577 0.175773 -9.76816
90.3 0 -1 -9.01937
90.4 9.70959 8.70959 -8.5031
90.5 11.293 10.293 -8.49919
90.6 8.9974 7.9974 -8.50466
90.7 7.48233 6.48233 -8.31332
90.8 2.51767 1.51767 -7.84089
90.9 6.39875 5.39875 -7.29205
91 3.60125 2.60125 -6.82353
91.1 14.7166 13.7166 -6.7628
91.2 15.6541 14.6541 -7.19714
91.3 9.62934 8.62934 -7.44916
91.4 6.64689 5.64689 -7.27769
91.5 3.35311 2.35311 -6.76862
91.6 0 -1 -6.00415
91.7 10.8918 9.89182 -5.55748
91.8 9.10818 8.10818 -5.4869
91.9 6.46362 5.46362 -5.31604
92 14.2131 13.2131 -5.37648
92.1 17.4938 16.4938 -5.91129
92.2 14.3584 13.3584 -6.47705
92.3 12.369 11.369 -6.8733
92.4 20.9883 19.9883 -7.52123
92.5 14.1137 13.1137 -8.16805
92.6 0 -1 -7.91479
92.7 3.43795 2.43795 -7.26925
92.8 26.5588 25.5588 -7.68548
92.9 13.5852 12.5852 -8.55376
93 6.41807 5.41807 -8.60066
93.1 3.55684 2.55684 -8.25023
93.2 29.035 28.035 -8.86509
93.3 21.7586 20.7586 -10.2036
93.4 5.64954 4.64954 -10.5953
93.5 0 -1 -9.94807
93.6 0 -1 -8.97484
93.7 1.34625 0.346248 -8.07209
93.8 8.65375 7.65375 -7.59415
93.9 13.5745 12.5745 -7.63404
94 6.42552 5.42552 -7.62852
94.1 9.5265 8.5265 -7.47088
94.2 11.782 10.782 -7.5314
94.3 13.8131 12.8131 -7.76113
94.4 4.87839 3.87839 -7.66378
94.5 0 -1 -6.94769
94.6 0 -1 -6.0065
94.7 7.6999 6.6999 -5.36516
94.8 2.3001 1.3001 -4.81765
94.9 0 -1 -3.9583
95 0 -1 -3.02177
95.1 12.5454 11.5454 -2.68138
95.2 17.4546 16.4546 -3.03592
95.3 0 -1 -2.88911
95.4 0 -1 -1.99796
95.5 5.39112 4.39112 -1.29028
95.6 12.1109 11.1109 -1.14289
95.7 11.1379 10.1379 -1.22678
95.8 2.75248 1.75248 -0.999424
95.9 17.3413 16.3413 -1.04334
96 17.0109 16.0109 -1.67383
96.1 14.2554 13.2554 -2.23074
96.2 10.4897 9.48967 -2.47303
96.3 10.4748 9.47475 -2.57767
96.4 17.1577 16.1577 -2.92285
96.5 12.1416 11.1416 -3.44107
96.6 28.1626 27.1626 -4.41342
96.7 13.5186 12.5186 -5.39475
96.8 8.05507 7.05507 -5.51167
96.9 0 -1 -4.95443
97 4.75331 3.75331 -4.23335
97.1 5.24669 4.24669 -3.70985
97.2 6.00489 5.00489 -3.27936
97.3 7.60385 6.60385 -2.95659
97.4 6.39126 5.39126 -2.60529
97.5 0.117475 -0.882525 -2.05859
97.6 23.8363 22.8363 -2.23351
97.7 13.8732 12.8732 -3.03333
97.8 19.8018 18.8018 -3.74996
97.9 14.5996 13.5996 -4.44317
98 15.3143 14.3143 -4.90914
98.1 3.70956 2.70956 -4.89159
98.2 11.3118 10.3118 -4.68019
98.3 7.43613 6.43613 -4.59255
98.4 11.0221 10.0221 -4.53767
98.5 11.351 10.351 -4.66548
98.6 16.2676 15.2676 -4.97651
98.7 1.35923 0.359231 -4.83677
98.8 3.22167 2.22167 -4.18746
98.9 12.42 11.42 -3.93902
99 9.73975 8.73975 -4.00426
99.1 9.37026 8.37026 -3.98307
99.2 11.7261 10.7261 -4.08541
99.3 22.452 21.452 -4.83336
99.4 32.8108 31.8108 -6.52235
99.5 25.5859 24.5859 -8.28233
99.6 2.67345 1.67345 -8.77032
99.7 10.4393 9.4393 -8.53454
99.8 9.5607 8.5607 -8.43548
99.9 0 -1 -7.98324
100 12.8315 11.8315 -7.69415
