0 9892.06 8.89206 -0.775023
0.1 10098.8 9.09883 -0.775261
0.2 10028.9 9.02893 -0.781281
0.3 10164.5 9.16446 -0.790348
0.4 9918.33 8.91833 -0.79274
0.5 9735.63 8.73563 -0.77806
0.6 10016.6 9.01659 -0.766859
0.7 10127.7 9.12773 -0.773573
0.8 10308.1 9.30813 -0.79441
0.9 10172.9 9.17294 -0.816943
1 10057.8 9.0578 -0.829618
1.1 10091.6 9.09159 -0.83595
1.2 9828.09 8.82809 -0.834905
1.3 10476.7 9.4767 -0.851434
1.4 10471.5 9.47154 -0.8949
1.5 10284.2 9.28421 -0.930701
1.6 9812.1 8.8121 -0.937374
1.7 10062.2 9.06222 -0.934653
1.8 10299.9 9.29988 -0.949432
1.9 9892.74 8.89274 -0.957699
2 9856.72 8.85672 -0.948956
2.1 10168.5 9.1685 -0.947973
2.2 9735.62 8.73562 -0.942916
2.3 9996.51 8.99651 -0.932527
2.4 10178.9 9.17885 -0.940889
2.5 10386.8 9.38675 -0.967098
2.6 10071.2 9.07116 -0.988047
2.7 9915.13 8.91513 -0.990652
2.8 10228.8 9.2288 -0.997298
2.9 10001.4 9.00136 -1.00689
3 9873.2 8.8732 -0.999661
3.1 9444.78 8.44478 -0.967492
3.2 9762.03 8.76203 -0.930488
3.3 9869.69 8.86969 -0.910067
3.4 9850.67 8.85067 -0.897081
3.5 10094.7 9.0947 -0.89379
3.6 10016.3 9.01629 -0.900556
3.7 10493.1 9.4931 -0.925399
3.8 10229.9 9.22988 -0.95782
3.9 9981.87 8.98187 -0.971292
4 10249.6 9.24957 -0.983086
4.1 10066.2 9.06619 -0.996536
4.2 9875.94 8.87594 -0.995207
4.3 9982.58 8.98258 -0.988779
4.4 9944.52 8.94452 -0.983685
4.5 9720.45 8.72045 -0.965784
4.6 9499.76 8.49976 -0.930736
4.7 10055.6 9.05557 -0.907495
4.8 9643.65 8.64365 -0.889785
4.9 9691.18 8.69118 -0.859817
5 9881.15 8.88115 -0.837529
5.1 9838.42 8.83842 -0.824555
5.2 10232.9 9.23292 -0.829152
5.3 10399.6 9.3996 -0.858845
5.4 10372.7 9.3727 -0.895629
5.5 10142.3 9.14229 -0.922619
5.6 10361.7 9.36173 -0.947952
5.7 10084.5 9.08453 -0.965719
5.8 9434.96 8.43496 -0.945725
5.9 9997.58 8.99758 -0.921841
6 10267.8 9.2678 -0.930027
6.1 9833.49 8.83349 -0.934062
6.2 9824.41 8.82441 -0.919149
6.3 9844.92 8.84492 -0.903456
6.4 10088.8 9.0888 -0.900993
6.5 10194.4 9.1944 -0.910802
6.6 9607.21 8.60721 -0.903312
6.7 10178.3 9.17835 -0.895301
6.8 10156.5 9.15652 -0.908817
6.9 10070.8 9.0708 -0.918884
7 9776.08 8.77608 -0.914801
7.1 10454.4 9.45445 -0.928064
7.2 10521.8 9.52183 -0.973301
7.3 10455.4 9.45536 -1.02051
7.4 10121.4 9.12138 -1.04991
7.5 10139.1 9.1391 -1.06246
7.6 9737.37 8.73737 -1.05734
7.7 9992.08 8.99208 -1.04536
7.8 9935.66 8.93566 -1.04243
7.9 10374.4 9.37441 -1.05752
8 10126.8 9.12684 -1.07737
8.1 9534.28 8.53428 -1.06312
8.2 9809.15 8.80915 -1.03379
8.3 9956.46 8.95646 -1.01953
8.4 9776.99 8.77699 -1.00737
8.5 10160.8 9.1608 -1.00608
8.6 10292.8 9.29279 -1.02436
8.7 9821.96 8.82196 -1.03087
8.8 10032 9.03204 -1.02436
8.9 9756.08 8.75608 -1.01401
9 10063.7 9.06374 -1.00658
9.1 10061.1 9.06111 -1.01011
9.2 9844.28 8.84428 -1.00569
9.3 9888.39 8.88839 -0.994349
9.4 10093.6 9.09358 -0.993137
9.5 10116.3 9.11631 -1.00317
9.6 10147.2 9.14721 -1.01354
9.7 9639.27 8.63927 -1.00565
9.8 10230 9.23005 -1.00106
9.9 10141.4 9.14137 -1.01726
10 10259.5 9.2595 -1.0364
10.1 9917.44 8.91744 -1.04463
10.2 9902.71 8.90271 -1.0354
10.3 9497.8 8.4978 -1.00654
10.4 9814.56 8.81456 -0.976437
10.5 10228.4 9.2284 -0.974616
10.6 9770.26 8.77026 -0.972307
10.7 9679.11 8.67911 -0.948142
10.8 9950.17 8.95017 -0.931879
10.9 10305.3 9.30527 -0.940491
11 9762.33 8.76233 -0.944093
11.1 10109.5 9.10955 -0.939782
11.2 10030.1 9.03006 -0.947042
11.3 10429.5 9.42953 -0.967627
11.4 9833.42 8.83342 -0.980405
11.5 10198 9.19803 -0.985396
11.6 10212.9 9.21291 -1.0019
11.7 9829.58 8.82958 -1.00458
11.8 9904.8 8.9048 -0.993906
11.9 10123.6 9.12356 -0.996839
12 10526.3 9.52629 -1.02766
12.1 10376.7 9.37671 -1.07026
12.2 10222 9.22204 -1.10038
12.3 10073 9.07297 -1.11579
12.4 10097.5 9.0975 -1.12594
12.5 10288.3 9.28827 -1.14501
12.6 10283.2 9.28317 -1.17266
12.7 10267.1 9.26707 -1.19966
12.8 10143.2 9.14319 -1.22061
12.9 10235.7 9.23573 -1.24045
13 10254.9 9.25487 -1.26254
13.1 9864.95 8.86495 -1.26885
13.2 9945.79 8.94579 -1.26207
13.3 10137.4 9.13738 -1.26671
13.4 10322.8 9.3228 -1.2872
13.5 9971.17 8.97117 -1.30086
13.6 9934.63 8.93463 -1.2979
13.7 9917.53 8.91753 -1.29064
13.8 10000.7 9.00073 -1.28864
13.9 10344 9.34402 -1.30262
14 9775.82 8.77582 -1.30779
14.1 9953.89 8.95389 -1.29806
14.2 10160 9.16002 -1.30416
14.3 10512.6 9.5126 -1.33779
14.4 10633.7 9.63369 -1.39137
14.5 10242.1 9.24212 -1.43669
14.6 10669.3 9.66933 -1.48466
14.7 10687.5 9.68754 -1.5464
14.8 9915.6 8.9156 -1.57742
14.9 10034.3 9.03428 -1.57742
15 9788.26 8.78826 -1.56733
15.1 9723.82 8.72382 -1.54424
15.2 9731.09 8.73109 -1.51805
15.3 9928.26 8.92826 -1.50088
15.4 9876.53 8.87653 -1.48975
15.5 9857.23 8.85723 -1.47918
15.6 10306.6 9.30656 -1.48605
15.7 10068.9 9.06894 -1.50384
15.8 10249.4 9.24941 -1.51869
15.9 9801.66 8.80166 -1.52232
16 10206.9 9.20694 -1.52381
16.1 9959.63 8.95963 -1.52988
16.2 9910.06 8.91006 -1.52361
16.3 9748.97 8.74897 -1.51081
16.4 10585.2 9.58521 -1.52639
16.5 10141.2 9.14123 -1.55656
16.6 9735.62 8.73562 -1.55384
16.7 9967.43 8.96743 -1.54285
16.8 10358.9 9.35886 -1.55464
16.9 9695.58 8.69558 -1.5571
17 10052.1 9.05207 -1.54975
17.1 10435.8 9.43576 -1.57214
17.2 10477.1 9.47713 -1.61703
17.3 10624.6 9.62462 -1.67072
17.4 10327.1 9.32714 -1.71588
17.5 9978.37 8.97837 -1.73326
17.6 10121.9 9.12192 -1.7404
17.7 10202.9 9.20289 -1.75405
17.8 9859.08 8.85908 -1.75788
17.9 10073.9 9.07387 -1.75629
18 10072.3 9.07234 -1.76144
18.1 9883.31 8.88331 -1.76028
18.2 10125.1 9.1251 -1.76436
18.3 10704.4 9.70444 -1.80452
18.4 10655.9 9.65589 -1.86805
18.5 10269 9.26903 -1.91443
18.6 10233.5 9.23353 -1.94274
18.7 10481.7 9.48174 -1.97661
18.8 10093 9.093 -2.00446
18.9 10144.9 9.14485 -2.01741
19 9919.84 8.91984 -2.01957
19.1 9878.54 8.87854 -2.01402
19.2 10506.6 9.50656 -2.03048
19.3 9924.84 8.92484 -2.04932
19.4 9985.67 8.98567 -2.04798
19.5 9991.55 8.99155 -2.04667
19.6 10137.9 9.13788 -2.05539
19.7 10571.7 9.5717 -2.09004
19.8 10576.9 9.57692 -2.14628
19.9 10731.9 9.73194 -2.21102
20 10533.1 9.53314 -2.27248
20.1 10344.8 9.34478 -2.31829
20.2 10519 9.51898 -2.36219
20.3 10502 9.50198 -2.41211
20.4 10440.8 9.44078 -2.4588
20.5 10306.3 9.3063 -2.49592
20.6 10197.5 9.19754 -2.52204
20.7 10309.8 9.30982 -2.54983
20.8 10656.6 9.65658 -2.59498
20.9 10140.2 9.14016 -2.63423
21 10384.8 9.38481 -2.66483
21.1 10739.6 9.7396 -2.71945
21.2 10678.1 9.67806 -2.78723
21.3 10362.3 9.36228 -2.84002
21.4 10419.7 9.4197 -2.87956
21.5 10206.2 9.20618 -2.91074
21.6 10288.3 9.28834 -2.93725
21.7 10409.6 9.40957 -2.97103
21.8 10310.2 9.31019 -3.00749
21.9 10504.9 9.50486 -3.0484
22 10429.4 9.4294 -3.09408
22.1 10445.2 9.44516 -3.13953
22.2 10701.8 9.70177 -3.19654
22.3 10654.9 9.65495 -3.26318
22.4 10699.4 9.69944 -3.33307
22.5 11063.5 10.0635 -3.42018
22.6 10877.2 9.87717 -3.51371
22.7 10478.6 9.47863 -3.58164
22.8 10352.1 9.35212 -3.62794
22.9 10942.3 9.94227 -3.69185
23 10643.9 9.64393 -3.76643
23.1 10264.4 9.2644 -3.81409
23.2 10418.9 9.41893 -3.85215
23.3 10873.2 9.87315 -3.91529
23.4 10762.7 9.76273 -3.99574
23.5 10928.2 9.92819 -4.08137
23.6 10991.8 9.9918 -4.1754
23.7 10723.2 9.7232 -4.2591
23.8 10397.1 9.39714 -4.31898
23.9 10905.7 9.90567 -4.38443
24 10661.1 9.66107 -4.46006
24.1 10664.1 9.6641 -4.52922
24.2 10983.8 9.98382 -4.61287
24.3 11310.7 10.3107 -4.72712
24.4 11496.8 10.4968 -4.86475
24.5 11203.3 10.2033 -4.99783
24.6 11002.2 10.0022 -5.11112
24.7 11276.9 10.2769 -5.22315
24.8 10654.5 9.65451 -5.31628
24.9 10304.3 9.30427 -5.37074
25 10986 9.98597 -5.43619
25.1 10898.3 9.89827 -5.52701
25.2 10912.7 9.91267 -5.6195
25.3 11167.3 10.1673 -5.72323
25.4 11114.2 10.1142 -5.83491
25.5 10921.3 9.92132 -5.9392
25.6 11307.2 10.3072 -6.04909
25.7 10842.1 9.84207 -6.15611
25.8 11156.4 10.1564 -6.2591
25.9 11317.3 10.3173 -6.38259
26 11634.7 10.6347 -6.52883
26.1 11450.6 10.4506 -6.68061
26.2 11242 10.242 -6.81628
26.3 11299.6 10.2996 -6.94652
26.4 11692.5 10.6925 -7.09209
26.5 10948.7 9.94875 -7.22334
26.6 11187.3 10.1873 -7.33525
26.7 11487.5 10.4875 -7.4687
26.8 11724.1 10.7241 -7.62658
26.9 11407.9 10.4079 -7.78158
27 11282.2 10.2822 -7.91644
27.1 11005.8 10.0058 -8.03142
27.2 11093.5 10.0935 -8.14007
27.3 11560.2 10.5602 -8.27196
27.4 11553.1 10.5531 -8.42705
27.5 11850 10.85 -8.59582
27.6 11523.7 10.5237 -8.76377
27.7 11709.9 10.7099 -8.92783
27.8 11765.9 10.7659 -9.09724
27.9 11111.4 10.1114 -9.24159
28 11231.2 10.2312 -9.36258
28.1 11449.5 10.4495 -9.49863
28.2 11992.6 10.9926 -9.66766
28.3 11592 10.592 -9.84645
28.4 12034 11.034 -10.0299
28.5 12004.3 11.0043 -10.2288
28.6 11890.6 10.8906 -10.424
28.7 11875.4 10.8754 -10.6117
28.8 11639.5 10.6395 -10.7862
28.9 11370.2 10.3702 -10.9388
29 11617.2 10.6172 -11.0913
29.1 12025 11.025 -11.2726
29.2 12123.5 11.1235 -11.4777
29.3 12022 11.022 -11.6853
29.4 12146.3 11.1463 -11.8922
29.5 11669.5 10.6695 -12.0804
29.6 11348.3 10.3483 -12.2369
29.7 11951.3 10.9513 -12.4005
29.8 11379.1 10.3791 -12.5634
29.9 11306.5 10.3065 -12.7027
30 11646.9 10.6469 -12.8484
30.1 11257.4 10.2574 -12.9916
30.2 11112.5 10.1125 -13.1103
30.3 10773.1 9.77314 -13.2062
30.4 10977.3 9.97731 -13.2934
30.5 10576.4 9.5764 -13.3709
30.6 10789.1 9.78912 -13.4411
30.7 10709.6 9.70962 -13.5128
30.8 10305.6 9.30558 -13.5636
30.9 10126.7 9.12669 -13.5848
31 9755.68 8.75568 -13.5835
31.1 10510.7 9.51071 -13.5969
31.2 10171 9.17104 -13.6271
31.3 10183.4 9.18341 -13.6481
31.4 10410.5 9.4105 -13.6764
31.5 10155.4 9.15542 -13.702
31.6 9836.61 8.83661 -13.7034
31.7 9917.3 8.9173 -13.6926
31.8 9978.09 8.97809 -13.6884
31.9 10222.8 9.22277 -13.6946
32 9502.76 8.50276 -13.6807
32.1 9747.59 8.74759 -13.6484
32.2 10036.9 9.03686 -13.6346
32.3 9715.46 8.71546 -13.6208
32.4 9687.57 8.68757 -13.5927
32.5 9652.26 8.65226 -13.5568
32.6 9110.96 8.11096 -13.4972
32.7 9514.52 8.51452 -13.4303
32.8 9358.27 8.35827 -13.3726
32.9 9537 8.537 -13.3183
33 9505.51 8.50551 -13.2686
33.1 9351.23 8.35123 -13.2122
33.2 9418.4 8.4184 -13.1499
33.3 9157.83 8.15783 -13.0804
33.4 9580.67 8.58067 -13.0187
33.5 9564.48 8.56448 -12.9717
33.6 9121.35 8.12135 -12.9055
33.7 8945.97 7.94597 -12.8107
33.8 8906.43 7.90643 -12.7046
33.9 9038.09 8.03809 -12.6022
34 9125.41 8.12541 -12.5112
34.1 9390.41 8.39041 -12.4356
34.2 9182.05 8.18205 -12.363
34.3 9176.47 8.17647 -12.2817
34.4 9146.23 8.14623 -12.1993
34.5 9424.58 8.42458 -12.1256
34.6 8916.47 7.91647 -12.0413
34.7 8971.17 7.97117 -11.9412
34.8 9563.95 8.56395 -11.8659
34.9 9188.9 8.1889 -11.7982
35 8761.16 7.76116 -11.7025
35.1 9667.49 8.66749 -11.6223
35.2 8970.89 7.97089 -11.5507
35.3 9148.87 8.14887 -11.4594
35.4 8951.78 7.95178 -11.3648
35.5 9267.83 8.26783 -11.2749
35.6 8847.23 7.84723 -11.1793
35.7 8905.37 7.90537 -11.0689
35.8 8884.62 7.88462 -10.9587
35.9 9034.73 8.03473 -10.8534
36 8731.98 7.73198 -10.7412
36.1 8746.37 7.74637 -10.6152
36.2 8428.45 7.42845 -10.473
36.3 8321.05 7.32105 -10.3147
36.4 8890.89 7.89089 -10.1763
36.5 8990.22 7.99022 -10.066
36.6 8691.85 7.69185 -9.9512
36.7 8943.48 7.94348 -9.83328
36.8 8684.38 7.68438 -9.71209
36.9 8445.2 7.4452 -9.57044
37 8521.73 7.52173 -9.41932
37.1 8456.39 7.45639 -9.26902
37.2 8706.97 7.70697 -9.12756
37.3 8706.9 7.7069 -8.99657
37.4 8595.81 7.59581 -8.86096
37.5 8438.72 7.43872 -8.71395
37.6 8565.29 7.56529 -8.56388
37.7 8405.37 7.40537 -8.4138
37.8 8809.09 7.80909 -8.27426
37.9 8579.06 7.57906 -8.14156
38 8556.19 7.55619 -7.99863
38.1 8311.19 7.31119 -7.84091
38.2 8144.83 7.14483 -7.66683
38.3 8518.33 7.51833 -7.50011
38.4 8407.67 7.40767 -7.34428
38.5 8335.58 7.33558 -7.18214
38.6 8393.92 7.39392 -7.02183
38.7 8986.5 7.9865 -6.88933
38.8 8709.91 7.70991 -6.77072
38.9 8620.18 7.62018 -6.63941
39 8655.42 7.65542 -6.49982
39.1 7940.25 6.94025 -6.33025
39.2 8067.49 7.06749 -6.13275
39.3 7833.14 6.83314 -5.92927
39.4 8357.04 7.35704 -5.74059
39.5 8427.38 7.42738 -5.57583
39.6 8204.88 7.20488 -5.40902
39.7 8519.56 7.51956 -5.24586
39.8 8469.49 7.46949 -5.09485
39.9 8670.44 7.67044 -4.9509
40 8418.64 7.41864 -4.80547
40.1 8635.73 7.63573 -4.65842
40.2 8406.01 7.40601 -4.50954
40.3 8469.07 7.46907 -4.35422
40.4 8316.33 7.31633 -4.1896
40.5 7670.38 6.67038 -3.99273
40.6 8294.14 7.29414 -3.79452
40.7 8386.71 7.38671 -3.62432
40.8 8186.53 7.18653 -3.45259
40.9 8138.06 7.13806 -3.2711
41 8455.47 7.45547 -3.10164
41.1 8521 7.521 -2.9457
41.2 7894.13 6.89413 -2.76733
41.3 8061.06 7.06106 -2.56634
41.4 7725.22 6.72522 -2.35554
41.5 7894.19 6.89419 -2.13722
41.6 7723.45 6.72345 -1.91962
41.7 8261.15 7.26115 -1.72055
41.8 8412.76 7.41276 -1.55116
41.9 8295.22 7.29522 -1.38376
42 7792.84 6.79284 -1.18774
42.1 7567 6.567 -0.9574
42.2 7478.12 6.47812 -0.713467
42.3 8074.14 7.07414 -0.490889
42.4 7958.01 6.95801 -0.289842
42.5 8016.83 7.01683 -0.0891588
42.6 7920.03 6.92003 0.116296
42.7 7528.88 6.52888 0.343413
42.8 7530.56 6.53056 0.587436
42.9 7772.48 6.77248 0.822454
43 7771.56 6.77156 1.04693
43.1 7623.96 6.62396 1.27782
43.2 7556.87 6.55687 1.51425
43.3 8274.66 7.27466 1.72599
43.4 7552.13 6.55213 1.93678
43.5 7889.13 6.88913 2.1587
43.6 8284.64 7.28464 2.35417
43.7 7880.51 6.88051 2.54667
43.8 8052.79 7.05279 2.74795
43.9 8066.33 7.06633 2.94255
44 8167.99 7.16799 3.13039
44.1 8239.66 7.23966 3.31171
44.2 7925.97 6.92597 3.50627
44.3 7499.67 6.49967 3.72879
44.4 8425.94 7.42594 3.93224
44.5 8093.79 7.09379 4.11036
44.6 8221.23 7.22123 4.29219
44.7 8270.87 7.27087 4.46863
44.8 8286.23 7.28623 4.63989
44.9 8419.68 7.41968 4.80669
45 8078.85 7.07885 4.98065
45.1 8321.48 7.32148 5.16279
45.2 7666.06 6.66606 5.35887
45.3 8814.37 7.81437 5.53435
45.4 8244.57 7.24457 5.68686
45.5 8316.36 7.31636 5.8568
45.6 8018.75 7.01875 6.04088
45.7 8045.66 7.04566 6.2345
45.8 8370.97 7.37097 6.4139
45.9 8345.52 7.34552 6.58111
46 8119.38 7.11938 6.75385
46.1 8819.77 7.81977 6.90947
46.2 8093.46 7.09346 7.06561
46.3 8500.32 7.50032 7.22926
46.4 9062.42 8.06242 7.35443
46.5 8836.52 7.83652 7.46382
46.6 8473.34 7.47334 7.59517
46.7 8861.62 7.86162 7.72703
46.8 8811.97 7.81197 7.84552
46.9 8766.47 7.76647 7.96693
47 8613.89 7.61389 8.09697
47.1 8792.64 7.79264 8.22566
47.2 8803.23 7.80323 8.3488
47.3 8379.81 7.37981 8.48988
47.4 8353.06 7.35306 8.65017
47.5 8510.9 7.5109 8.80914
47.6 8154.75 7.15475 8.97277
47.7 8932.79 7.93279 9.11772
47.8 8639.14 7.63914 9.24531
47.9 8257.72 7.25772 9.39541
48 8878.86 7.87886 9.53874
48.1 8526.44 7.52644 9.67113
48.2 8635.96 7.63596 9.81021
48.3 8801.79 7.80179 9.93854
48.4 8940.14 7.94014 10.0516
48.5 9005.59 8.00559 10.1562
48.6 8800.4 7.8004 10.264
48.7 9192.17 8.19217 10.3656
48.8 8779.02 7.77902 10.4675
48.9 9095.59 8.09559 10.5711
49 9190.24 8.19024 10.6589
49.1 9077.96 8.07796 10.7485
49.2 8509.94 7.50994 10.8674
49.3 8777.94 7.77794 11.0002
49.4 8778.6 7.7786 11.1235
49.5 8928.99 7.92899 11.2356
49.6 9373.15 8.37315 11.3233
49.7 8962.78 7.96278 11.4086
49.8 8945.89 7.94589 11.511
49.9 8970.27 7.97027 11.6139
50 9251.68 8.25168 11.7038
50.1 9052.25 8.05225 11.7897
50.2 9136.6 8.1366 11.8784
50.3 9242.03 8.24203 11.9617
50.4 8918.98 7.91898 12.0527
50.5 9218.1 8.2181 12.1441
50.6 9203.65 8.20365 12.2265
50.7 8874.29 7.87429 12.3201
50.8 9344.23 8.34423 12.4067
50.9 9560.49 8.56049 12.4628
51 9745.9 8.7459 12.5
51.1 9414.76 8.41476 12.5423
51.2 9485.56 8.48556 12.5973
51.3 9149.38 8.14938 12.6652
51.4 9298.27 8.29827 12.7432
51.5 8879.99 7.87999 12.8337
51.6 9221.43 8.22143 12.9252
51.7 9490.73 8.49073 12.9907
51.8 9653.76 8.65376 13.0344
51.9 9677.9 8.6779 13.0691
52 9543.83 8.54383 13.1092
52.1 9331.18 8.33118 13.1646
52.2 9368.05 8.36805 13.2284
52.3 9458.2 8.4582 13.2857
52.4 9768.28 8.76828 13.3265
52.5 9419.47 8.41947 13.3686
52.6 9377.68 8.37768 13.4281
52.7 9161.56 8.16156 13.4996
52.8 9429.82 8.42982 13.5715
52.9 8916.51 7.91651 13.6549
53 9093.79 8.09379 13.7497
53.1 9544.06 8.54406 13.818
53.2 9733.46 8.73346 13.856
53.3 9777.5 8.7775 13.8805
53.4 9879.68 8.87968 13.8995
53.5 9598.79 8.59879 13.9234
53.6 10088.1 9.08814 13.9399
53.7 9660.38 8.66038 13.9533
53.8 10037.3 9.03732 13.9659
53.9 10016 9.016 13.9668
54 9820.04 8.82004 13.9704
54.1 10625.3 9.62528 13.9501
54.2 10045.8 9.04577 13.9202
54.3 10121.7 9.12173 13.9078
54.4 10303.7 9.30367 13.8868
54.5 10408.3 9.40834 13.8525
54.6 10255.5 9.25553 13.8208
54.7 10071 9.07098 13.8018
54.8 10485.6 9.48565 13.7728
54.9 10551.1 9.55112 13.7228
55 10649.6 9.6496 13.6603
55.1 11156.6 10.1566 13.5712
55.2 11009.4 10.0094 13.4656
55.3 10938.3 9.93827 13.3677
55.4 10884 9.884 13.275
55.5 11177.5 10.1775 13.1711
55.6 11277.7 10.2777 13.0504
55.7 11198.3 10.1983 12.9249
55.8 11615.5 10.6155 12.7843
55.9 11453.3 10.4533 12.6353
56 10997.1 9.99712 12.5103
56.1 11333.1 10.3331 12.3891
56.2 11959.4 10.9594 12.2229
56.3 12542.6 11.5426 12.0061
56.4 11449.5 10.4495 11.8068
56.5 11938.7 10.9387 11.6316
56.6 11963.3 10.9633 11.4412
56.7 11660.6 10.6606 11.2572
56.8 12153.1 11.1531 11.066
56.9 11966.9 10.9669 10.8637
57 11707.4 10.7074 10.679
57.1 11663.7 10.6637 10.5097
57.2 11570.4 10.5704 10.3487
57.3 11459.4 10.4594 10.1934
57.4 12165.2 11.1652 10.0113
57.5 12223.6 11.2236 9.79582
57.6 12111 11.111 9.58053
57.7 11724.9 10.7249 9.39145
57.8 11132.2 10.1322 9.24342
57.9 11834 10.834 9.09213
58 11849.7 10.8497 8.91313
58.1 11584.1 10.5841 8.73889
58.2 12017.6 11.0176 8.55874
58.3 11781 10.781 8.37166
58.4 11622 10.622 8.2008
58.5 11514.8 10.5148 8.0421
58.6 11772.1 10.7721 7.87717
58.7 11793.3 10.7933 7.70067
58.8 11660.5 10.6605 7.52864
58.9 11597.2 10.5972 7.36275
59 11957.2 10.9572 7.19001
59.1 10980.3 9.98025 7.04065
59.2 11787.2 10.7872 6.9005
59.3 11153.1 10.1531 6.75765
59.4 11175.8 10.1758 6.63921
59.5 10848.2 9.84822 6.53778
59.6 11049.2 10.0492 6.43991
59.7 11266.1 10.2661 6.32761
59.8 10758.2 9.75824 6.22857
59.9 10582.9 9.58293 6.15449
60 11506.2 10.5062 6.04985
60.1 11407.6 10.4076 5.90965
60.2 11152 10.152 5.78324
60.3 10665.3 9.66531 5.68945
60.4 11082.2 10.0822 5.59888
60.5 11212.2 10.2122 5.48829
60.6 10872.5 9.87249 5.38271
60.7 11188.1 10.1881 5.27928
60.8 10959.9 9.95988 5.17282
60.9 11092 10.092 5.06933
61 11049.1 10.0491 4.96159
61.1 11305.5 10.3055 4.84615
61.2 10749.8 9.74977 4.7454
61.3 10617.9 9.61787 4.67354
61.4 10745.2 9.74521 4.60508
61.5 10749.3 9.74928 4.53055
61.6 10817.9 9.81791 4.45303
61.7 10632 9.63203 4.38045
61.8 10797.7 9.79765 4.30521
61.9 11272 10.272 4.20777
62 10212.8 9.21282 4.13572
62.1 10233.1 9.2331 4.10664
62.2 10570.4 9.57043 4.0656
62.3 10847.2 9.84722 3.99769
62.4 10570.4 9.57035 3.92649
62.5 10876.4 9.87639 3.85394
62.6 10584.2 9.58424 3.78415
62.7 10274.4 9.27436 3.7384
62.8 10550.4 9.55037 3.69531
62.9 10575.4 9.57537 3.64429
63 9847.22 8.84722 3.61958
63.1 10614.3 9.61431 3.59158
63.2 10875.5 9.87549 3.52286
63.3 10496.8 9.49682 3.45641
63.4 10239.1 9.23906 3.41598
63.5 10660.7 9.66073 3.36814
63.6 10974.2 9.97425 3.29088
63.7 10468.9 9.46886 3.2216
63.8 10096.4 9.09636 3.19256
63.9 9791.43 8.79143 3.19366
64 10427.8 9.42777 3.17997
64.1 10711.2 9.71119 3.12617
64.2 10702.2 9.70224 3.05776
64.3 10448.8 9.44875 2.99987
64.4 10518.8 9.51884 2.94983
64.5 10574.2 9.57425 2.89708
64.6 10303.2 9.30319 2.85199
64.7 10617.9 9.61791 2.8037
64.8 10779.5 9.7795 2.73691
64.9 10469.1 9.46906 2.67585
65 10324.8 9.32484 2.63346
65.1 10613.3 9.61328 2.58395
65.2 11002.5 10.0025 2.50662
65.3 10548.6 9.54864 2.43242
65.4 10223.8 9.22379 2.3913
65.5 10250.3 9.25029 2.36576
65.6 10409.2 9.40923 2.33118
65.7 10715.9 9.71588 2.27854
65.8 10157.3 9.15735 2.23494
65.9 10411.5 9.41149 2.20497
66 10131.3 9.13133 2.17968
66.1 10081.6 9.08159 2.16705
66.2 10148.4 9.14841 2.15604
66.3 10055.2 9.05523 2.14579
66.4 10103 9.10301 2.13846
66.5 9887.91 8.88791 2.13937
66.6 9846.94 8.84694 2.15111
66.7 9987.42 8.98742 2.15742
66.8 10335.8 9.33578 2.14375
66.9 9962.87 8.96287 2.13022
67 10040.5 9.0405 2.12597
67.1 10524.4 9.52443 2.09666
67.2 10816.5 9.81648 2.03381
67.3 10443 9.44297 1.97147
67.4 10493.7 9.49367 1.92563
67.5 9950.41 8.95041 1.90132
67.6 10484.9 9.48494 1.87607
67.7 10663.2 9.66315 1.82132
67.8 10632.4 9.63243 1.7607
67.9 9911.61 8.91161 1.7318
68 10245.6 9.24562 1.71982
68.1 10393.4 9.39343 1.68882
68.2 10587.8 9.58782 1.64152
68.3 10279 9.27902 1.6007
68.4 9975.16 8.97516 1.58602
68.5 10012 9.01203 1.58668
68.6 9790.78 8.79078 1.59414
68.7 10373.4 9.37342 1.5835
68.8 10613.4 9.61338 1.53861
68.9 10313.8 9.31379 1.49255
69 10422.9 9.42285 1.45497
69.1 10222.3 9.22231 1.42559
69.2 9803.73 8.80373 1.42108
69.3 10275.9 9.27594 1.41401
69.4 10485.8 9.48577 1.37994
69.5 10171.3 9.17135 1.34759
69.6 10221.3 9.22129 1.32588
69.7 10373.2 9.37319 1.29485
69.8 10697.2 9.69717 1.24325
69.9 10418.7 9.41866 1.19043
70 10100.7 9.10072 1.16335
70.1 10063.6 9.06355 1.15228
70.2 10336.4 9.33638 1.13307
70.3 10220.6 9.2206 1.10412
70.4 10654.9 9.65492 1.0625
70.5 10083.1 9.08312 1.02745
70.6 10128.1 9.12806 1.01499
70.7 9910.95 8.91095 1.01307
70.8 10020.5 9.02047 1.01516
70.9 10077.3 9.07726 1.01016
71 10192.2 9.19219 0.999253
71.1 9714.13 8.71413 1.00324
71.2 10019.2 9.01918 1.01211
71.3 10439 9.43901 0.991447
71.4 10330.3 9.33034 0.954802
71.5 10331.8 9.3318 0.921333
71.6 10232.4 9.23242 0.894693
71.7 9955.6 8.9556 0.883856
71.8 10117.8 9.11784 0.879556
71.9 10039 9.03896 0.870773
72 10339.1 9.33913 0.854691
72.1 9706.52 8.70652 0.851691
72.2 10167.1 9.16705 0.854428
72.3 10265.4 9.26542 0.834829
72.4 10312.6 9.31256 0.809025
72.5 9744.03 8.74403 0.805024
72.6 10010.3 9.01035 0.815615
72.7 9835.36 8.83536 0.822426
72.8 10319.1 9.31913 0.815107
72.9 10008.2 9.00822 0.802015
73 9807.68 8.80768 0.811078
73.1 9521.33 8.52133 0.840974
73.2 10139.2 9.13922 0.855986
73.3 10240.9 9.24092 0.841276
73.4 9974.64 8.97464 0.831715
73.5 9806.45 8.80645 0.83875
73.6 10357.1 9.35712 0.830155
73.7 10280.8 9.28077 0.801418
73.8 10201 9.20103 0.776894
73.9 10112.8 9.11285 0.762438
74 9851.45 8.85145 0.761661
74.1 10277.8 9.27782 0.754373
74.2 10208.5 9.2085 0.731657
74.3 10332.1 9.33213 0.703916
74.4 10352.1 9.3521 0.670668
74.5 10307.8 9.30781 0.637708
74.6 10247.3 9.24729 0.612349
74.7 9719.94 8.71994 0.613153
74.8 9859.86 8.85986 0.63063
74.9 10037.1 9.0371 0.637863
75 9829.05 8.82905 0.643702
75.1 10163.7 9.1637 0.642785
75.2 10185.2 9.18521 0.628175
75.3 9973.91 8.97391 0.619493
75.4 10084 9.08397 0.616857
75.5 9814.33 8.81433 0.623079
75.6 9731.01 8.73101 0.643075
75.7 10038.8 9.03877 0.652713
75.8 10377.5 9.37751 0.633886
75.9 10210.1 9.21009 0.608636
76 9713.13 8.71313 0.609672
76.1 10081.3 9.08125 0.618007
76.2 10039.7 9.03973 0.613036
76.3 10164.4 9.16443 0.605479
76.4 9534.52 8.53452 0.620755
76.5 9645.93 8.64593 0.658079
76.6 9752.33 8.75233 0.688256
76.7 9951.18 8.95118 0.702642
76.8 10040.4 9.04044 0.706843
76.9 9527.18 8.52718 0.726266
77 9995.65 8.99565 0.749744
77.1 9583.1 8.5831 0.772185
77.2 9834.95 8.83495 0.797655
77.3 10151.4 9.15139 0.798107
77.4 10473.4 9.47342 0.770203
77.5 10038.5 9.03854 0.746916
77.6 9880.25 8.88025 0.748158
77.7 9998.11 8.99811 0.75351
77.8 10060.5 9.0605 0.750067
77.9 10290.6 9.29059 0.733112
78 10162.1 9.16209 0.713641
78.1 9803.67 8.80367 0.711824
78.2 10347.1 9.34712 0.703706
78.3 10165.5 9.16548 0.679743
78.4 10324.1 9.32412 0.657179
78.5 9721.74 8.72174 0.653981
78.6 10121 9.12104 0.657842
78.7 10311.6 9.31159 0.639215
78.8 10097.8 9.09784 0.622213
78.9 9553.01 8.55301 0.63634
79 10052.5 9.05254 0.65243
79.1 10258.3 9.25825 0.640484
79.2 10043.4 9.04343 0.627212
79.3 9829.5 8.8295 0.631522
79.4 10035.7 9.03567 0.637562
79.5 9968.82 8.96882 0.639053
79.6 9844.92 8.84492 0.647655
79.7 9912.46 8.91246 0.658141
79.8 10167.3 9.16725 0.654063
79.9 10196.4 9.19642 0.639642
80 9719.29 8.71929 0.641655
80.1 10156.3 9.15633 0.646816
80.2 9877.36 8.87736 0.648627
80.3 9649.22 8.64922 0.66993
80.4 9829.68 8.82968 0.69401
80.5 10016.3 9.01634 0.704561
80.6 9618.41 8.61841 0.723076
80.7 9774.03 8.77403 0.750001
80.8 10042.6 9.04264 0.761006
80.9 9922.04 8.92204 0.761055
81 10526.6 9.52662 0.737426
81.1 10617.8 9.61782 0.684533
81.2 10311.5 9.31149 0.639413
81.3 10103.2 9.10325 0.615411
81.4 10460.7 9.46069 0.587178
81.5 10282.9 9.28289 0.55214
81.6 10206.2 9.20615 0.526333
81.7 10327.3 9.32725 0.497344
81.8 10662.7 9.66275 0.453372
81.9 9625.49 8.62549 0.440456
82 9735.68 8.73568 0.463002
82.1 10571.9 9.57185 0.45029
82.2 10227.9 9.22792 0.414952
82.3 10079.4 9.07939 0.396633
82.4 10272.5 9.27253 0.379194
82.5 10111.3 9.11129 0.36212
82.6 9891.81 8.89181 0.360337
82.7 10009.7 9.0097 0.365917
82.8 9715.05 8.71505 0.377959
82.9 10233.9 9.23388 0.378445
83 10256.4 9.25642 0.360777
83.1 9432.3 8.4323 0.374732
83.2 9714.08 8.71408 0.413521
83.3 9761.98 8.76198 0.438637
83.4 10346.7 9.34667 0.433783
83.5 10154 9.15402 0.414365
83.6 9669.69 8.66969 0.418609
83.7 10320.9 9.32094 0.418386
83.8 10030.7 9.03068 0.403474
83.9 10171.9 9.17186 0.391576
84 10147.3 9.14729 0.377743
84.1 9907.48 8.90748 0.374593
84.2 9920.42 8.92042 0.38284
84.3 9775.15 8.77515 0.397688
84.4 9902.95 8.90295 0.41214
84.5 10082.2 9.08216 0.414039
84.6 9983.83 8.98383 0.411632
84.7 9983.97 8.98397 0.411249
84.8 10308.5 9.30851 0.396182
84.9 10346.2 9.34625 0.367913
85 9774.72 8.77472 0.360714
85.1 9998.56 8.99856 0.370408
85.2 9759.61 8.75961 0.38407
85.3 9745.3 8.7453 0.405955
85.4 10071.4 9.07139 0.414377
85.5 10268.1 9.26807 0.398118
85.6 10413.8 9.41382 0.366021
85.7 10156.7 9.15673 0.338978
85.8 9974.11 8.97411 0.33168
85.9 9851.75 8.85175 0.339995
86 9804.49 8.80449 0.354728
86.1 10256.5 9.25648 0.349201
86.2 10665.8 9.66577 0.308405
86.3 10037.9 9.03785 0.273908
86.4 10289.7 9.28968 0.253759
86.5 10338.6 9.33858 0.226945
86.6 9745.22 8.74522 0.22178
86.7 9901.12 8.90112 0.238483
86.8 9567.69 8.56769 0.263513
86.9 10129.7 9.12973 0.274945
87 10522.2 9.52223 0.246111
87.1 10301.6 9.30157 0.208784
87.2 9836.16 8.83616 0.20067
87.3 9836.25 8.83625 0.214976
87.4 9878.61 8.87861 0.227253
87.5 10271.5 9.27149 0.222311
87.6 9800.56 8.80056 0.219336
87.7 10075.9 9.07587 0.222181
87.8 10274.7 9.27466 0.205479
87.9 10406.3 9.40627 0.173699
88 10094.1 9.09406 0.149541
88.1 10017.9 9.01787 0.143049
88.2 9946.45 8.94645 0.14124
88.3 10631.9 9.6319 0.11298
88.4 10396.2 9.39622 0.0659339
88.5 10207 9.20703 0.0339714
88.6 10240.2 9.24024 0.0123736
88.7 9926.65 8.92665 0.00473481
88.8 9840.85 8.84085 0.0133837
88.9 10146.7 9.14671 0.0141051
89 10011.6 9.01157 0.00985215
89.1 9629.13 8.62913 0.0239005
89.2 10281.1 9.2811 0.0257732
89.3 10469.4 9.46944 -0.00796624
89.4 10289.6 9.28963 -0.0420814
89.5 9685.15 8.68515 -0.0449676
89.6 10351.3 9.35134 -0.0491531
89.7 10246.7 9.24674 -0.0753085
89.8 10171.1 9.17113 -0.0955664
89.9 9839.26 8.83926 -0.0960767
90 9837.29 8.83729 -0.0832506
90.1 10179.1 9.17912 -0.0837562
90.2 10172.1 9.17208 -0.100732
90.3 10384.2 9.38424 -0.128989
90.4 10443 9.44298 -0.169137
90.5 10382.3 9.38227 -0.208749
90.6 10074.8 9.07477 -0.231456
90.7 9945.64 8.94564 -0.231818
90.8 9506.73 8.50673 -0.205737
90.9 9750.63 8.75063 -0.173813
91 10338.2 9.33825 -0.174779
91.1 9938.45 8.93845 -0.187155
91.2 10176 9.17595 -0.194499
91.3 10057.3 9.05733 -0.204058
91.4 9883.75 8.88375 -0.20085
91.5 9714.15 8.71415 -0.183711
91.6 10199.6 9.19962 -0.181412
91.7 10453 9.45301 -0.211075
91.8 10289.4 9.28938 -0.244977
91.9 9870.7 8.8707 -0.25598
92 10309.1 9.30912 -0.266291
92.1 10156.5 9.1565 -0.286564
92.2 10052.7 9.05273 -0.300019
92.3 10471.6 9.47159 -0.326887
92.4 10504.4 9.50437 -0.371905
92.5 10131.5 9.1315 -0.403794
92.6 10201.5 9.20147 -0.424682
92.7 10686.8 9.68675 -0.467718
92.8 10518.5 9.5185 -0.525782
92.9 10487.4 9.48743 -0.574529
93 9919.69 8.91969 -0.592921
93.1 9504.6 8.5046 -0.56681
93.2 9511.8 8.5118 -0.520888
93.3 9828.01 8.82801 -0.487584
93.4 9791.62 8.79162 -0.467374
93.5 9918.87 8.91887 -0.455919
93.6 10437.5 9.4375 -0.471163
93.7 10047.3 9.04731 -0.493438
93.8 10172.8 9.17284 -0.507132
93.9 10221.8 9.22183 -0.523604
94 9812.57 8.81257 -0.529022
94.1 10564.3 9.56429 -0.548346
94.2 10250.7 9.25072 -0.584932
94.3 10204.4 9.20444 -0.610749
94.4 10417.8 9.41775 -0.640065
94.5 9982.32 8.98232 -0.656058
94.6 9419.64 8.41964 -0.631148
94.7 9964.15 8.96415 -0.601124
94.8 9597.67 8.59767 -0.575929
94.9 9541.42 8.54142 -0.537262
95 10065.3 9.06526 -0.519457
95.1 10376.6 9.37661 -0.535983
95.2 9778.66 8.77866 -0.544111
95.3 10107.4 9.10744 -0.541058
95.4 10044.1 9.04413 -0.546609
95.5 9966.51 8.96651 -0.54553
95.6 9561.4 8.5614 -0.524149
95.7 9965.33 8.96533 -0.502763
95.8 10049.6 9.04957 -0.501885
95.9 10114 9.114 -0.507983
96 9751.81 8.75181 -0.502241
96.1 9986 8.986 -0.489468
96.2 9726.74 8.72674 -0.475846
96.3 10130.4 9.13043 -0.468711
96.4 9824.75 8.82475 -0.464379
96.5 9893.21 8.89321 -0.454771
96.6 10469.9 9.46994 -0.473003
96.7 10594.4 9.59441 -0.522582
96.8 10353.9 9.35387 -0.56797
96.9 10055.4 9.05539 -0.591461
97 10422.5 9.42251 -0.615695
97.1 10179.7 9.17975 -0.641803
97.2 9726.17 8.72617 -0.637946
97.3 9656.8 8.6568 -0.611352
97.4 10143.8 9.14377 -0.602798
97.5 10382.4 9.38243 -0.625523
97.6 10094.2 9.09416 -0.646969
97.7 9823.63 8.82363 -0.645796
97.8 10142.4 9.14245 -0.645995
97.9 10294.7 9.29469 -0.665891
98 10195.8 9.19583 -0.688945
98.1 10072.6 9.07259 -0.705585
98.2 10585.7 9.58568 -0.736514
98.3 10040.6 9.04056 -0.764319
98.4 9842.9 8.8429 -0.760905
98.5 9699.14 8.69914 -0.737473
98.6 9543.56 8.54356 -0.703882
98.7 10235.8 9.2358 -0.691366
98.8 9778.17 8.77817 -0.688244
98.9 9727.04 8.72704 -0.667726
99 10069.2 9.06924 -0.657603
99.1 10096.7 9.09665 -0.663987
99.2 10012.4 9.01243 -0.669223
99.3 10017.8 9.01777 -0.672976
99.4 10346.6 9.34656 -0.6888
99.5 9889.63 8.88963 -0.700336
99.6 10177.3 9.17728 -0.706772
99.7 10313.3 9.31333 -0.729201
99.8 10225.2 9.22525 -0.755397
99.9 10131.4 9.13136 -0.772356
100 9892.06 8.89206 -0.775023
