0 0 -1 0.919636
0.1 15.3101 14.3101 1.04562
0.2 33.3136 32.3136 -0.209486
0.3 11.3763 10.3763 -1.33621
0.4 6.62265 5.62265 -1.39696
0.5 17.1697 16.1697 -1.62467
0.6 21.3857 20.3857 -2.42529
0.7 4.8219 3.8219 -2.69361
0.8 0 -1 -2.04494
0.9 6.36416 5.36416 -1.39343
1 8.88895 7.88895 -1.1022
1.1 4.74689 3.74689 -0.802027
1.2 10.2289 9.22894 -0.567928
1.3 10.2268 9.22677 -0.604872
1.4 19.8203 18.8203 -1.14012
1.5 24.8698 23.8698 -2.26531
1.6 11.2196 10.2196 -3.01126
1.7 3.63463 2.63463 -2.83723
1.8 6.86702 5.86702 -2.41035
1.9 12.1526 11.1526 -2.39376
2 20.0071 19.0071 -2.87873
2.1 0.97326 -0.0267405 -2.94195
2.2 9.93126 8.93126 -2.52923
2.3 0.0687376 -0.931262 -2.02279
2.4 8.9126 7.9126 -1.48851
2.5 1.0874 0.0874033 -0.93561
2.6 0 -1 -0.0347465
2.7 3.02083 2.02083 0.664157
2.8 34.0156 33.0156 -0.152577
2.9 27.9682 26.9682 -2.03988
3 15.8959 14.8959 -3.2944
3.1 17.7898 16.7898 -3.95158
3.2 1.30963 0.309627 -3.88242
3.3 0 -1 -3.09994
3.4 15.8611 14.8611 -2.93941
3.5 24.1389 23.1389 -3.77897
3.6 6.34681 5.34681 -4.26411
3.7 5.59146 4.59146 -3.96384
3.8 8.06172 7.06172 -3.63009
3.9 6.55381 5.55381 -3.37116
4 9.52882 8.52882 -3.15129
4.1 5.1043 4.1043 -2.95381
4.2 21.4665 20.4665 -3.23954
4.3 7.34659 6.34659 -3.56341
4.4 0 -1 -3.01648
4.5 3.06756 2.06756 -2.24307
4.6 11.4885 10.4885 -1.91689
4.7 5.44394 4.44394 -1.79628
4.8 18.5714 17.5714 -1.95451
4.9 3.78968 2.78968 -2.02968
5 7.63891 6.63891 -1.63425
5.1 0 -1 -1.08653
5.2 20.6292 19.6292 -1.16088
5.3 19.3708 18.3708 -1.98772
5.4 5.49152 4.49152 -2.24551
5.5 4.50848 3.50848 -1.7891
5.6 0 -1 -1.00876
5.7 1.24496 0.244959 -0.211766
5.8 25.1017 24.1017 -0.47408
5.9 13.6534 12.6534 -1.22913
6 1.69721 0.697205 -1.15594
6.1 19.8685 18.8685 -1.23255
6.2 8.43434 7.43434 -1.51368
6.3 0 -1 -1.02088
6.4 4.44312 3.44312 -0.283276
6.5 5.55688 4.55688 0.267019
6.6 0 -1 0.955975
6.7 10.3786 9.37857 1.30183
6.8 29.4808 28.4808 0.508693
6.9 0.140662 -0.859338 0.0676828
7 10.1009 9.10091 0.401463
7.1 9.89909 8.89909 0.514667
7.2 0 -1 1.00817
7.3 0 -1 1.96496
7.4 0 -1 2.96572
7.5 0 -1 3.96487
7.6 2.47847 1.47847 4.72709
7.7 25.5187 24.5187 4.36924
7.8 18.2587 17.2587 3.34387
7.9 7.389 6.389 3.01873
8 6.35519 5.35519 3.29545
8.1 5.25007 4.25007 3.65837
8.2 17.0224 16.0224 3.53206
8.3 16.8633 15.8633 2.97345
8.4 0.864221 -0.135779 3.08362
8.5 0 -1 3.95407
8.6 4.17503 3.17503 4.66149
8.7 20.6027 19.6027 4.51529
8.8 5.22226 4.22226 4.29646
8.9 7.41449 6.41449 4.55181
9 12.5855 11.5855 4.60253
9.1 8.10539 7.10539 4.5258
9.2 19.1966 18.1966 4.21605
9.3 4.32716 3.32716 4.0442
9.4 14.7266 13.7266 4.01446
9.5 15.3434 14.3434 3.53785
9.6 21.2078 20.2078 2.74839
9.7 12.2695 11.2695 2.10479
9.8 12.6864 11.6864 1.80662
9.9 12.1372 11.1372 1.63137
10 0 -1 2.02283
10.1 0 -1 2.93265
10.2 6.73121 5.73121 3.59671
10.3 8.06759 7.06759 3.86748
10.4 12.5037 11.5037 3.83339
10.5 14.511 13.511 3.49472
10.6 16.7768 15.7768 2.93347
10.7 16.5794 15.5794 2.33222
10.8 4.83031 3.83031 2.26882
10.9 3.27477 2.27477 2.7907
11 6.72523 5.72523 3.28336
11.1 7.556 6.556 3.60752
11.2 2.444 1.444 4.11356
11.3 3.80595 2.80595 4.69049
11.4 20.1941 19.1941 4.554
11.5 9.57524 8.57524 4.11472
11.6 15.769 14.769 3.77259
11.7 19.4938 18.4938 3.0331
11.8 21.1619 20.1619 2.07645
11.9 7.67491 6.67491 1.65493
12 5.6372 4.6372 1.91323
12.1 6.68789 5.68789 2.32829
12.2 0 -1 2.99476
12.3 0 -1 3.96631
12.4 1.29636 0.296361 4.82248
12.5 16.706 15.706 4.98653
12.6 5.46824 4.46824 4.91961
12.7 12.1435 11.1435 4.95922
12.8 17.0654 16.0654 4.5061
12.9 21.6959 20.6959 3.66401
13 7.26811 6.26811 3.19157
13.1 14.6864 13.6864 3.08262
13.2 5.63804 4.63804 2.96468
13.3 33.4422 32.4422 2.04231
13.4 18.3303 17.3303 0.545667
13.5 25.5019 24.5019 -0.605847
13.6 0.757669 -0.242331 -0.966753
13.7 21.0638 20.0638 -1.23156
13.8 31.3109 30.3109 -2.75478
13.9 32.4525 31.4525 -4.77703
14 5.17279 4.17279 -5.64125
14.1 3.05763 2.05763 -5.20184
14.2 6.94237 5.94237 -4.73559
14.3 14.1805 13.1805 -4.73988
14.4 5.81955 4.81955 -4.67295
14.5 0 -1 -4.04124
14.6 6.48946 5.48946 -3.37534
14.7 3.51054 2.51054 -2.82667
14.8 0 -1 -2.01672
14.9 0 -1 -1.0697
15 8.65121 7.65121 -0.533568
15.1 14.5668 13.5668 -0.615357
15.2 6.78197 5.78197 -0.652901
15.3 5.5719 4.5719 -0.303972
15.4 4.4281 3.4281 0.186491
15.5 6.03962 5.03962 0.66421
15.6 3.96038 2.96038 1.19451
15.7 0 -1 1.96501
15.8 4.10958 3.10958 2.73596
15.9 5.97468 4.97468 3.22934
16 9.91574 8.91574 3.4895
16.1 0 -1 4.00317
16.2 3.32123 2.32123 4.72032
16.3 16.6788 15.6788 4.77471
16.4 8.768 7.768 4.60189
16.5 2.55728 1.55728 4.92714
16.6 14.6792 13.6792 5.09365
16.7 4.22764 3.22764 5.18263
16.8 9.76787 8.76787 5.41261
16.9 12.8093 11.8093 5.31103
17 13.2326 12.2326 5.06458
17.1 3.95809 2.95809 5.18998
17.2 8.22858 7.22858 5.51359
17.3 11.7714 10.7714 5.56854
17.4 6.70052 5.70052 5.6222
17.5 13.2995 12.2995 5.63484
17.6 5.68495 4.68495 5.7236
17.7 4.31505 3.31505 6.19225
17.8 4.53571 3.53571 6.64594
17.9 25.0872 24.0872 6.19527
18 17.9134 16.9134 5.19161
18.1 8.18253 7.18253 4.85833
18.2 4.28118 3.28118 5.21558
18.3 0 -1 5.98529
18.4 0 -1 6.94181
18.5 7.11028 6.11028 7.49291
18.6 25.6441 24.6441 6.94531
18.7 13.75 12.75 6.06667
18.8 13.7906 12.7906 5.60081
18.9 16.6095 15.6095 5.16082
19 3.83722 2.83722 5.06084
19.1 21.2874 20.2874 4.78608
19.2 11.628 10.628 4.26077
19.3 6.34297 5.34297 4.2416
19.4 21.5017 20.5017 3.75097
19.5 35.9785 34.9785 2.05553
19.6 13.9153 12.9153 0.648985
19.7 8.60456 7.60456 0.414348
19.8 8.32541 7.32541 0.540555
19.9 10.3556 9.3556 0.628409
20 6.536 5.536 0.748482
20.1 14.783 13.783 0.715856
20.2 4.77512 3.77512 0.732554
20.3 14.1875 13.1875 0.765763
20.4 6.32061 5.32061 0.80639
20.5 4.71675 3.71675 1.17705
20.6 9.46206 8.46206 1.52169
20.7 1.71401 0.714015 1.82403
20.8 33.5247 32.5247 1.07843
20.9 22.1112 21.1112 -0.534169
21 18.94 17.94 -1.6127
21.1 9.38756 8.38756 -2.02903
21.2 8.4373 7.4373 -1.97936
21.3 11.1883 10.1883 -1.97515
21.4 13.1443 12.1443 -2.12333
21.5 2.27561 1.27561 -1.92766
21.6 11.051 10.051 -1.64046
21.7 8.76398 7.76398 -1.55568
21.8 3.95556 2.95556 -1.2394
21.9 9.7108 8.7108 -0.92416
22 6.33364 5.33364 -0.711825
22.1 8.55043 7.55043 -0.440695
22.2 1.44957 0.449566 0.0775765
22.3 0 -1 0.975701
22.4 0 -1 1.89794
22.5 15.7922 14.7922 2.10026
22.6 16.2358 15.2358 1.62074
22.7 7.97201 6.97201 1.356
22.8 17.8867 16.8867 1.04561
22.9 12.1133 11.1133 0.661687
23 0 -1 0.957484
23.1 13.8109 12.8109 1.19442
23.2 17.2926 16.2926 0.721173
23.3 15.2711 14.2711 0.0951668
23.4 16.9611 15.9611 -0.540458
23.5 19.8038 18.8038 -1.34539
23.6 13.8357 12.8357 -1.99239
23.7 11.0832 10.0832 -2.33213
23.8 21.9416 20.9416 -2.88673
23.9 0 -1 -2.93073
24 0 -1 -2.04898
24.1 2.00448 1.00448 -1.17531
24.2 10.5352 9.53522 -0.82837
24.3 16.9219 15.9219 -1.13466
24.4 10.5384 9.5384 -1.42723
24.5 0.517659 -0.482341 -1.0604
24.6 9.48234 8.48234 -0.559362
24.7 0 -1 -0.00920266
24.8 6.55668 5.55668 0.536999
24.9 20.9174 19.9174 0.242894
25 12.5433 11.5433 -0.358633
25.1 9.98266 8.98266 -0.494706
25.2 4.41928 3.41928 -0.310723
25.3 22.2688 21.2688 -0.635318
25.4 13.3119 12.3119 -1.28989
25.5 9.11304 8.11304 -1.59896
25.6 35.4601 34.4601 -2.75282
25.7 15.4268 14.4268 -4.08867
25.8 0 -1 -4.0263
25.9 11.5532 10.5532 -3.67105
26 13.3959 12.3959 -3.87581
26.1 15.0508 14.0508 -4.21812
26.2 0 -1 -3.99573
26.3 6.44449 5.44449 -3.37366
26.4 3.55551 2.55551 -2.88375
26.5 13.5451 12.5451 -2.73142
26.6 6.45487 5.45487 -2.63409
26.7 0 -1 -2.12948
26.8 26.2394 25.2394 -2.41257
26.9 13.7606 12.7606 -3.21876
27 0 -1 -2.97505
27.1 0 -1 -2.07739
27.2 8.64163 7.64163 -1.47138
27.3 1.35837 0.358366 -0.923513
27.4 0 -1 -0.0292648
27.5 0 -1 0.941068
27.6 6.52104 5.52104 1.58969
27.7 10.4842 9.48416 1.81199
27.8 2.9948 1.9948 2.1187
27.9 10.4232 9.42319 2.37659
28 19.2934 18.2934 1.871
28.1 28.5756 27.5756 0.65073
28.2 1.7078 0.7078 0.142095
28.3 8.59242 7.59242 0.527594
28.4 1.40758 0.407584 1.06624
28.5 3.93659 2.93659 1.73114
28.6 8.8744 7.8744 2.10423
28.7 11.2997 10.2997 2.06567
28.8 20.111 19.111 1.57121
28.9 7.44628 6.44628 1.19785
29 15.5286 14.5286 0.948778
29.1 23.7657 22.7657 -0.00443694
29.2 29.2818 28.2818 -1.53284
29.3 9.75582 8.75582 -2.41244
29.4 0 -1 -1.99755
29.5 0 -1 -1.03464
29.6 0 -1 -0.0329046
29.7 0 -1 0.966321
29.8 0 -1 1.96709
29.9 1.09409 0.0940935 2.8259
30 21.0124 20.0124 2.65166
30.1 33.3916 32.3916 1.1684
30.2 4.50191 3.50191 0.312835
30.3 7.53792 6.53792 0.542729
30.4 11.9292 10.9292 0.619914
30.5 8.64355 7.64355 0.562013
30.6 17.2881 16.2881 0.27185
30.7 13.2759 12.2759 -0.240069
30.8 18.5485 17.5485 -0.838157
30.9 14.9435 13.9435 -1.49378
31 18.1731 17.1731 -2.21069
31.1 24.4811 23.4811 -3.23147
31.2 5.17915 4.17915 -3.68251
31.3 4.5347 3.5347 -3.27058
31.4 5.4653 4.4653 -2.73846
31.5 0 -1 -2.01659
31.6 3.30331 2.30331 -1.29639
31.7 20.9892 19.9892 -1.45771
31.8 13.366 12.366 -2.08461
31.9 13.0691 12.0691 -2.49939
32 22.2529 21.2529 -3.23324
32.1 17.0196 16.0196 -4.16483
32.2 17.8284 16.8284 -4.86251
32.3 2.17156 1.17156 -4.84107
32.4 0 -1 -4.05528
32.5 5.48526 4.48526 -3.33802
32.6 8.6584 7.6584 -3.09784
32.7 23.1646 22.1646 -3.60685
32.8 9.56348 8.56348 -4.19557
32.9 13.1282 12.1282 -4.3439
33 0 -1 -3.9614
33.1 0.607641 -0.392359 -3.2049
33.2 28.8655 27.8655 -3.58343
33.3 10.5269 9.52687 -4.36767
33.4 0 -1 -3.9955
33.5 0 -1 -3.04656
33.6 4.21123 3.21123 -2.34778
33.7 23.463 22.463 -2.70164
33.8 19.5163 18.5163 -3.68433
33.9 5.91051 4.91051 -4.0468
34 16.8989 15.8989 -4.17559
34.1 4.16197 3.16197 -4.27545
34.2 25.0462 24.0462 -4.76947
34.3 17.823 16.823 -5.78647
34.4 12.9688 11.9688 -6.30961
34.5 0 -1 -5.98828
34.6 3.21233 2.21233 -5.23248
34.7 7.84332 6.84332 -4.77338
34.8 8.94435 7.94435 -4.55779
34.9 3.07458 2.07458 -4.21876
35 14.9034 13.9034 -4.08001
35.1 2.02206 1.02206 -3.9197
35.2 14.0953 13.0953 -3.83274
35.3 21.4898 20.4898 -4.5415
35.4 22.0015 21.0015 -5.73413
35.5 30.2448 29.2448 -7.30196
35.6 22.3282 21.3282 -8.93074
35.7 30.3061 29.3061 -10.5848
35.8 24.6265 23.6265 -12.1969
35.9 4.90788 3.90788 -12.675
36 0 -1 -12.0829
36.1 14.097 13.097 -11.7768
36.2 8.86434 7.86434 -11.8758
36.3 13.364 12.364 -12.0348
36.4 16.0138 15.0138 -12.4547
36.5 11.2414 10.2414 -12.7897
36.6 6.41947 5.41947 -12.66
36.7 0 -1 -12.0421
36.8 7.82827 6.82827 -11.4591
36.9 8.45132 7.45132 -11.304
37 23.7713 22.7713 -11.95
37.1 30.7547 29.7547 -13.5861
37.2 25.725 24.725 -15.2907
37.3 6.68863 5.68863 -15.9403
37.4 6.78076 5.78076 -15.6711
37.5 0 -1 -15.0039
37.6 1.14439 0.144392 -14.13
37.7 8.85561 7.85561 -13.6652
37.8 18.3313 17.3313 -13.9875
37.9 16.8899 15.8899 -14.6488
38 4.77881 3.77881 -14.72
38.1 0 -1 -14.016
38.2 0 -1 -13.0338
38.3 0 -1 -12.0336
38.4 0 -1 -11.0301
38.5 0 -1 -10.0812
38.6 11.7122 10.7122 -9.70766
38.7 18.2878 17.2878 -10.0606
38.8 0 -1 -9.98261
38.9 8.90993 7.90993 -9.60071
39 24.8172 23.8172 -10.1967
39.1 18.2173 17.2173 -11.3286
39.2 27.345 26.345 -12.5693
39.3 10.7105 9.71049 -13.37
39.4 0 -1 -12.9942
39.5 0 -1 -12.0366
39.6 1.45718 0.457179 -11.1499
39.7 8.54282 7.54282 -10.5938
39.8 0.728715 -0.271285 -10.1068
39.9 15.7955 14.7955 -9.91346
40 6.70855 5.70855 -10.106
40.1 34.86 33.86 -11.1575
40.2 18.4064 17.4064 -12.6602
40.3 13.5009 12.5009 -13.2894
40.4 1.55665 0.556648 -13.09
40.5 8.44335 7.44335 -12.6095
40.6 0 -1 -11.9988
40.7 2.36339 1.36339 -11.1918
40.8 7.63661 6.63661 -10.6652
40.9 6.99123 5.99123 -10.4229
41 16.1899 15.1899 -10.5438
41.1 6.81888 5.81888 -10.6163
41.2 0 -1 -10.0072
41.3 0 -1 -9.03387
41.4 0 -1 -8.04546
41.5 3.2703 2.2703 -7.22982
41.6 6.7297 5.7297 -6.67839
41.7 0 -1 -6.04052
41.8 9.51408 8.51408 -5.59611
41.9 18.5147 17.5147 -5.93457
42 16.3053 15.3053 -6.64286
42.1 15.666 14.666 -7.17726
42.2 0 -1 -6.96502
42.3 0 -1 -6.03325
42.4 0.451938 -0.548062 -5.15037
42.5 21.8917 20.8917 -5.29627
42.6 28.3068 27.3068 -6.70432
42.7 26.6559 25.6559 -8.32582
42.8 5.12884 4.12884 -8.93731
42.9 7.56483 6.56483 -8.64213
43 0 -1 -7.98924
43.1 0 -1 -7.11186
43.2 15.9285 14.9285 -6.84992
43.3 4.07153 3.07153 -6.74601
43.4 0 -1 -6.09679
43.5 16.6899 15.6899 -5.92372
43.6 11.8956 10.8956 -6.2244
43.7 1.41451 0.414512 -5.92275
43.8 4.62977 3.62977 -5.38417
43.9 25.3091 24.3091 -5.7393
44 0.0611645 -0.938836 -5.90944
44.1 0 -1 -5.04451
44.2 0 -1 -4.02981
44.3 0 -1 -3.03441
44.4 0 -1 -2.03287
44.5 0 -1 -1.03175
44.6 0 -1 -0.0557729
44.7 5.2103 4.2103 0.6826
44.8 4.7897 3.7897 1.23325
44.9 0 -1 1.96417
45 5.75741 4.75741 2.62793
45.1 10.5575 9.55748 2.8737
45.2 3.68511 2.68511 3.19941
45.3 0 -1 3.98059
45.4 0 -1 4.96608
45.5 0 -1 5.967
45.6 0 -1 6.9679
45.7 0 -1 7.93723
45.8 7.99292 6.99292 8.47867
45.9 18.1584 17.1584 8.28633
46 4.26242 3.26242 8.12939
46.1 20.1833 19.1833 7.87827
46.2 11.2578 10.2578 7.40334
46.3 8.14519 7.14519 7.41796
46.4 0 -1 8.0003
46.5 1.70201 0.702008 8.83758
46.6 8.29799 7.29799 9.37235
46.7 6.03266 5.03266 9.59482
46.8 23.3722 22.3722 9.16799
46.9 11.8234 10.8234 8.50403
47 8.77177 7.77177 8.43774
47.1 4.39473 3.39473 8.71766
47.2 14.5872 13.5872 8.78018
47.3 9.6827 8.6827 8.53053
47.4 26.1495 25.1495 7.80635
47.5 5.18593 4.18593 7.35531
47.6 0 -1 7.93202
47.7 9.89175 8.89175 8.47234
47.8 0.108246 -0.891754 9.01468
47.9 2.42539 1.42539 9.75571
48 19.5081 18.5081 9.66987
48.1 19.6205 18.6205 8.84542
48.2 8.98747 7.98747 8.40736
48.3 9.45852 8.45852 8.4172
48.4 13.2301 12.2301 8.29328
48.5 12.5327 11.5327 8.00153
48.6 17.5716 16.5716 7.48382
48.7 16.6656 15.6656 6.8896
48.8 0 -1 6.95739
48.9 16.9871 15.9871 7.10357
49 3.01285 2.01285 7.13206
49.1 14.7208 13.7208 7.20698
49.2 7.24501 6.24501 7.14359
49.3 13.2517 12.2517 7.11095
49.4 4.78247 3.78247 7.27237
49.5 0 -1 7.94263
49.6 9.84358 8.84358 8.39483
49.7 17.4415 16.4415 8.10586
49.8 11.1016 10.1016 7.73446
49.9 7.13116 6.13116 7.75602
50 13.7308 12.7308 7.70023
50.1 13.9848 12.9848 7.31728
50.2 19.1447 18.1447 6.71161
50.3 7.62187 6.62187 6.43496
50.4 0 -1 6.99894
50.5 0 -1 7.93153
50.6 7.30348 6.30348 8.58806
50.7 2.69652 1.69652 9.13679
50.8 1.02062 0.0206242 9.86956
50.9 12.7524 11.7524 10.156
51 17.264 16.264 9.70381
51.1 17.5254 16.5254 9.05718
51.2 1.43755 0.437555 9.10643
51.3 3.88029 2.88029 9.69425
51.4 16.1197 15.1197 9.79492
51.5 0 -1 10.0106
51.6 8.05607 7.05607 10.4773
51.7 17.2836 16.2836 10.2949
51.8 9.40146 8.40146 9.99879
51.9 10.8126 9.81255 9.8994
52 19.084 18.084 9.48274
52.1 6.07144 5.07144 9.2411
52.2 9.29085 8.29085 9.4575
52.3 0 -1 9.95511
52.4 13.3695 12.3695 10.1741
52.5 27.7424 26.7424 9.16688
52.6 28.8881 27.8881 7.54431
52.7 0 -1 7.05185
52.8 8.60277 7.60277 7.51897
52.9 4.54463 3.54463 7.76288
53 34.2555 33.2555 6.89233
53.1 14.624 13.624 5.57847
53.2 18.0559 17.0559 4.86755
53.3 9.9171 8.9171 4.54762
53.4 0 -1 5.00989
53.5 0 -1 5.91502
53.6 11.5722 10.5722 6.31843
53.7 15.4052 14.4052 6.03667
53.8 13.1061 12.1061 5.63557
53.9 10.3678 9.36784 5.4435
54 13.8152 12.8152 5.14391
54.1 28.2889 27.2889 4.12997
54.2 13.2386 12.2386 3.12739
54.3 11.478 10.478 2.83936
54.4 6.08188 5.08188 2.94697
54.5 9.78899 8.78899 3.09332
54.6 16.1933 15.1933 2.83659
54.7 10.664 9.66402 2.57664
54.8 0 -1 2.98137
54.9 7.04057 6.04057 3.57384
55 8.23236 7.23236 3.8501
55.1 8.96019 7.96019 3.93886
55.2 20.0488 19.0488 3.48675
55.3 20.9688 19.9688 2.50298
55.4 17.9025 16.9025 1.58297
55.5 11.6938 10.6938 1.12982
55.6 5.15306 4.15306 1.18064
55.7 20.1665 19.1665 0.933106
55.8 10.347 9.34696 0.487181
55.9 9.48656 8.48656 0.428334
56 12.555 11.555 0.308589
56.1 15.4332 14.4332 -0.0117151
56.2 2.01175 1.01175 0.113149
56.3 5.89358 4.89358 0.631182
56.4 9.55562 8.55562 0.907583
56.5 4.5508 3.5508 1.23616
56.6 0 -1 1.98985
56.7 0.159862 -0.840138 2.8974
56.8 13.1537 12.1537 3.2605
56.9 6.68647 5.68647 3.3684
57 0.446049 -0.553951 3.90716
57.1 13.7677 12.7677 4.19518
57.2 9.36495 8.36495 4.05196
57.3 22.4454 21.4454 3.35022
57.4 36.8078 35.8078 1.59622
57.5 7.16809 6.16809 0.475155
57.6 5.41745 4.41745 0.625771
57.7 19.9894 18.9894 0.374289
57.8 17.1535 16.1535 -0.392115
57.9 11.6204 10.6204 -0.819879
58 5.81928 4.81928 -0.73985
58.1 10.7232 9.72315 -0.586049
58.2 9.27685 8.27685 -0.593857
58.3 18.8549 17.8549 -1.10733
58.4 36.5539 35.5539 -2.74861
58.5 22.0891 21.0891 -4.67916
58.6 35.5661 34.5661 -6.50153
58.7 6.93595 5.93595 -7.53871
58.8 4.3476 3.3476 -7.25958
58.9 5.6524 4.6524 -6.72955
59 0 -1 -6.00367
59.1 0 -1 -5.09245
59.2 12.8575 11.8575 -4.73638
59.3 14.0438 13.0438 -5.04347
59.4 18.4424 17.4424 -5.63409
59.5 10.7663 9.76633 -6.03895
59.6 3.89003 2.89003 -5.81461
59.7 5.36996 4.36996 -5.3513
59.8 14.63 13.63 -5.33842
59.9 13.4626 12.4626 -5.68098
60 9.61751 8.61751 -5.83469
60.1 6.91988 5.91988 -5.64574
60.2 0 -1 -5.00176
60.3 0 -1 -4.03867
60.4 0 -1 -3.02278
60.5 0.329912 -0.670088 -2.16802
60.6 24.8315 23.8315 -2.32973
60.7 4.83863 3.83863 -2.67037
60.8 0 -1 -2.02271
60.9 0 -1 -1.0289
61 0.228382 -0.771618 -0.0948822
61.1 11.2152 10.2152 0.329085
61.2 12.1264 11.1264 0.236012
61.3 7.55566 6.55566 0.249224
61.4 8.87436 7.87436 0.372217
61.5 15.0163 14.0163 0.233443
61.6 4.98366 3.98366 0.263716
61.7 5.78652 4.78652 0.619133
61.8 17.2077 16.2077 0.466576
61.9 19.9638 18.9638 -0.332737
62 17.042 16.042 -1.09161
62.1 0 -1 -0.957945
62.2 0 -1 -0.0394557
62.3 0 -1 0.968586
62.4 0 -1 1.96612
62.5 0 -1 2.96744
62.6 0 -1 3.95843
62.7 2.67106 1.67106 4.76691
62.8 15.7014 14.7014 4.82751
62.9 21.1747 20.1747 4.10169
63 10.8917 9.8917 3.47356
63.1 18.6151 17.6151 3.03182
63.2 0.946046 -0.0539544 3.09136
63.3 3.70204 2.70204 3.69897
63.4 16.298 15.298 3.80155
63.5 0 -1 4.03838
63.6 1.77659 0.776592 4.83249
63.7 8.22341 7.22341 5.36674
63.8 5.63809 4.63809 5.65525
63.9 15.0975 14.0975 5.6261
64 9.26437 8.26437 5.4845
64.1 6.5413 5.5413 5.52578
64.2 31.7059 30.7059 4.74565
64.3 1.75277 0.752773 4.21431
64.4 0 -1 4.87569
64.5 17.7377 16.7377 5.06033
64.6 6.24469 5.24469 4.87697
64.7 19.8626 18.8626 4.52004
64.8 16.155 15.155 3.84766
64.9 6.54118 5.54118 3.61149
65 20.4088 19.4088 3.30349
65.1 3.04998 2.04998 3.2134
65.2 1.5903 0.590299 3.85067
65.3 8.4097 7.4097 4.40019
65.4 0 -1 4.96743
65.5 8.2486 7.2486 5.53005
65.6 5.03668 4.03668 5.89803
65.7 6.71471 5.71471 6.32351
65.8 0 -1 6.99696
65.9 0 -1 7.9599
66 2.49868 1.49868 8.76211
66.1 16.8293 15.8293 8.85854
66.2 7.86193 6.86193 8.62379
66.3 20.8461 19.8461 8.18602
66.4 11.964 10.964 7.58056
66.5 17.5028 16.5028 7.12954
66.6 2.49719 1.49719 7.15143
66.7 5.10681 4.10681 7.68755
66.8 6.44188 5.44188 8.12193
66.9 8.4513 7.4513 8.38082
67 8.88004 7.88004 8.47652
67.1 19.7864 18.7864 8.01707
67.2 23.8588 22.8588 6.94519
67.3 12.9123 11.9123 6.0932
67.4 17.665 16.665 5.56012
67.5 6.89746 5.89746 5.39371
67.6 0 -1 5.98556
67.7 2.27123 1.27123 6.80374
67.8 11.1231 10.1231 7.1317
67.9 13.7577 12.7577 6.94716
68 10.2813 9.28133 6.74342
68.1 12.6226 11.6226 6.57471
68.2 13.9163 12.9163 6.264
68.3 12.719 11.719 5.9775
68.4 3.30877 2.30877 6.19733
68.5 0 -1 6.88789
68.6 19.3106 18.3106 6.95191
68.7 11.7041 10.7041 6.45936
68.8 18.3546 17.3546 5.9439
68.9 12.1581 11.1581 5.40272
69 24.4864 23.4864 4.50844
69.1 27.3834 26.3834 3.08272
69.2 8.04518 7.04518 2.24075
69.3 22.7775 21.7775 1.65197
69.4 14.1422 13.1422 0.855883
69.5 20.2693 19.2693 0.0962927
69.6 16.8534 15.8534 -0.678658
69.7 7.51248 6.51248 -0.912634
69.8 7.00279 6.00279 -0.730048
69.9 18.09 17.09 -1.00533
70 20.5918 19.5918 -1.79314
70.1 1.31827 0.31827 -1.87507
70.2 0 -1 -1.03481
70.3 0 -1 -0.0311023
70.4 0 -1 0.964879
70.5 0 -1 1.97062
70.6 0.239288 -0.760712 2.90917
70.7 9.76071 8.76071 3.41582
70.8 10.5415 9.54148 3.37817
70.9 22.6862 21.6862 2.79888
71 6.7723 5.7723 2.33848
71.1 15.6089 14.6089 2.18724
71.2 4.39114 3.39114 2.26431
71.3 0 -1 2.9466
71.4 8.2149 7.2149 3.48383
71.5 15.9408 14.9408 3.34225
71.6 9.62051 8.62051 3.10349
71.7 11.4399 10.4399 2.9013
71.8 32.6683 31.6683 1.8345
71.9 6.76741 5.76741 0.950964
72 10.3217 9.32173 0.932375
72.1 15.0265 14.0265 0.733752
72.2 9.50162 8.50162 0.449814
72.3 23.0394 22.0394 -0.137526
72.4 10.4959 9.49589 -0.782425
72.5 16.219 15.219 -1.10839
72.6 0.814528 -0.185472 -0.963495
72.7 9.92954 8.92954 -0.619518
72.8 16.6473 15.6473 -0.831159
72.9 3.35265 2.35265 -0.806118
73 4.57309 3.57309 -0.330743
73.1 18.2094 17.2094 -0.49376
73.2 25.8248 24.8248 -1.62042
73.3 21.3928 20.3928 -2.84637
73.4 0 -1 -2.93803
73.5 0 -1 -2.07173
73.6 8.17403 7.17403 -1.53026
73.7 18.903 17.903 -1.77043
73.8 2.92295 1.92295 -1.81433
73.9 4.4228 3.4228 -1.31534
74 14.6154 13.6154 -1.22609
74.1 9.24266 8.24266 -1.3696
74.2 9.41259 8.41259 -1.36916
74.3 16.7564 15.7564 -1.671
74.4 17.3424 16.3424 -2.38458
74.5 25.5443 24.5443 -3.50319
74.6 20.5309 19.5309 -4.76363
74.7 18.2449 17.2449 -5.66617
74.8 6.4283 5.4283 -5.96693
74.9 17.1094 16.1094 -6.12055
75 0.349951 -0.650049 -5.9333
75.1 0 -1 -5.03989
75.2 0 -1 -4.04477
75.3 4.64305 3.64305 -3.35782
75.4 19.447 18.447 -3.4776
75.5 6.82586 5.82586 -3.7355
75.6 11.4168 10.4168 -3.78883
75.7 24.5014 23.5014 -4.45022
75.8 3.1659 2.1659 -4.79626
75.9 8.47965 7.47965 -4.50951
76 11.5204 10.5204 -4.40946
76.1 0 -1 -4.03868
76.2 12.3678 11.3678 -3.69222
76.3 7.63225 6.63225 -3.5906
76.4 0 -1 -3.01932
76.5 5.24647 4.24647 -2.38256
76.6 17.8406 16.8406 -2.45109
76.7 6.91294 5.91294 -2.6696
76.8 13.9434 12.9434 -2.72927
76.9 6.05657 5.05657 -2.72084
77 13.0424 12.0424 -2.73777
77.1 16.8527 15.8527 -3.18713
77.2 14.9524 13.9524 -3.7372
77.3 9.81308 8.81308 -3.99263
77.4 10.7251 9.72508 -4.03394
77.5 10.7715 9.7715 -4.17757
77.6 23.8429 22.8429 -4.79253
77.7 0 -1 -4.9222
77.8 0 -1 -4.05063
77.9 2.99464 1.99464 -3.25426
78 15.2945 14.2945 -3.08932
78.1 1.71089 0.710894 -2.90228
78.2 5.82313 4.82313 -2.34198
78.3 5.92518 4.92518 -1.99851
78.4 25.6057 24.6057 -2.54564
78.5 17.5867 16.5867 -3.56084
78.6 8.08734 7.08734 -3.89262
78.7 6.972 5.972 -3.65261
78.8 1.43514 0.43514 -3.1336
78.9 13.7728 12.7728 -2.93278
79 14.7921 13.7921 -3.22683
79.1 0 -1 -2.96617
79.2 0 -1 -2.07841
79.3 10.3439 9.34389 -1.64546
79.4 19.6561 18.6561 -2.00938
79.5 3.79111 2.79111 -2.23251
79.6 21.2439 20.2439 -2.49597
79.7 7.27291 6.27291 -2.85025
79.8 13.0898 12.0898 -3.00009
79.9 22.3409 21.3409 -3.6404
80 2.26141 1.26141 -3.80884
80.1 0 -1 -3.12865
80.2 20.7963 19.7963 -3.1196
80.3 11.4909 10.4909 -3.67028
80.4 17.7128 16.7128 -4.13764
80.5 8.69534 7.69534 -4.45597
80.6 15.7604 14.7604 -4.71479
80.7 13.1021 12.1021 -5.13819
80.8 19.0156 18.0156 -5.82194
80.9 29.0439 28.0439 -7.07675
81 4.38258 3.38258 -7.68235
81.1 1.25109 0.251086 -7.13025
81.2 8.74891 7.74891 -6.58362
81.3 0 -1 -6.03637
81.4 8.93401 7.93401 -5.48432
81.5 1.23239 0.232385 -4.99234
81.6 9.8336 8.8336 -4.54431
81.7 2.14818 1.14818 -4.15925
81.8 14.4527 13.4527 -4.00108
81.9 8.06229 7.06229 -4.06273
82 8.15393 7.15393 -3.91026
82.1 8.15908 7.15908 -3.72891
82.2 9.02377 8.02377 -3.56573
82.3 6.52643 5.52643 -3.44661
82.4 27.2176 26.2176 -4.0632
82.5 9.73926 8.73926 -4.79514
82.6 6.5167 5.5167 -4.68331
82.7 2.61401 1.61401 -4.16492
82.8 7.38599 6.38599 -3.69067
82.9 7.27319 6.27319 -3.36687
83 2.72681 1.72681 -2.94675
83.1 17.7638 16.7638 -2.96404
83.2 11.5919 10.5919 -3.33212
83.3 6.20904 5.20904 -3.25194
83.4 4.43526 3.43526 -2.78645
83.5 0 -1 -2.00855
83.6 0.59468 -0.40532 -1.15777
83.7 20.507 19.507 -1.18414
83.8 15.2585 14.2585 -1.86626
83.9 13.6398 12.6398 -2.36228
84 15.9847 14.9847 -2.79082
84.1 4.01531 3.01531 -2.75816
84.2 0 -1 -2.04717
84.3 6.61323 5.61323 -1.43123
84.4 15.8227 14.8227 -1.5528
84.5 21.0331 20.0331 -2.301
84.6 11.2048 10.2048 -2.92027
84.7 15.1333 14.1333 -3.20554
84.8 0.370111 -0.629889 -3.04308
84.9 17.3784 16.3784 -2.95533
85 6.40673 5.40673 -3.0498
85.1 8.01457 7.01457 -2.93119
85.2 25.5867 24.5867 -3.48274
85.3 2.4364 1.4364 -3.81294
85.4 6.00764 5.00764 -3.40219
85.5 13.9924 12.9924 -3.30256
85.6 1.57941 0.579414 -3.12516
85.7 16.1132 15.1132 -3.0057
85.8 2.30734 1.30734 -2.83863
85.9 0 -1 -2.04429
86 4.29432 3.29432 -1.31448
86.1 14.0508 13.0508 -1.14979
86.2 1.6549 0.654896 -0.934126
86.3 12.0388 11.0388 -0.713191
86.4 16.7859 15.7859 -1.06113
86.5 11.6637 10.6637 -1.54351
86.6 24.7814 23.7814 -2.28891
86.7 4.88209 3.88209 -2.73667
86.8 9.84804 8.84804 -2.53023
86.9 1.39363 0.393634 -2.0962
87 8.60637 7.60637 -1.61185
87.1 3.35183 2.35183 -1.21706
87.2 12.415 11.415 -0.994865
87.3 4.23312 3.23312 -0.796758
87.4 7.71933 6.71933 -0.430082
87.5 5.79281 4.79281 -0.0876123
87.6 6.48786 5.48786 0.297591
87.7 4.26414 3.26414 0.755304
87.8 5.73586 4.73586 1.27354
87.9 0 -1 1.96739
88 5.84689 4.84689 2.6515
88.1 4.15311 3.15311 3.19744
88.2 2.41166 1.41166 3.7949
88.3 15.6678 14.6678 3.87175
88.4 17.1072 16.1072 3.35762
88.5 4.81334 3.81334 3.25301
88.6 6.73248 5.73248 3.62966
88.7 3.26752 2.26752 4.16849
88.8 0 -1 4.91045
88.9 15.2755 14.2755 5.13336
89 16.0947 15.0947 4.61832
89.1 18.6299 17.6299 3.96954
89.2 0 -1 4.04036
89.3 3.04751 2.04751 4.77292
89.4 6.95249 5.95249 5.33169
89.5 0 -1 5.99773
89.6 0 -1 6.96627
89.7 0 -1 7.94059
89.8 6.67317 5.67317 8.56033
89.9 16.7057 15.7057 8.41495
90 16.6211 15.6211 7.88009
90.1 0 -1 7.98369
90.2 13.227 12.227 8.21516
90.3 18.6939 17.6939 7.6915
90.4 19.207 18.207 6.79857
90.5 21.3399 20.3399 5.81877
90.6 12.7179 11.7179 5.10595
90.7 16.0317 15.0317 4.64402
90.8 13.9629 12.9629 4.08988
90.9 28.5641 27.5641 3.00417
91 15.947 14.947 1.92776
91.1 0.308591 -0.691409 2.04622
91.2 0 -1 2.96753
91.3 0 -1 3.9279
91.4 8.85737 7.85737 4.48764
91.5 7.99051 6.99051 4.67999
91.6 11.2632 10.2632 4.64123
91.7 24.7555 23.7555 3.86903
91.8 23.0182 22.0182 2.52988
91.9 24.5398 23.5398 1.20629
92 9.57536 8.57536 0.557026
92.1 0 -1 0.982068
92.2 6.00518 5.00518 1.595
92.3 13.9948 12.9948 1.6919
92.4 3.1353 2.1353 1.75887
92.5 24.6118 23.6118 1.3951
92.6 8.00596 7.00596 0.891031
92.7 4.2469 3.2469 1.20574
92.8 0 -1 1.98728
92.9 0 -1 2.96563
93 0 -1 3.93481
93.1 9.12747 8.12747 4.38216
93.2 28.0382 27.0382 3.60762
93.3 18.8646 17.8646 2.41803
93.4 3.96979 2.96979 2.25001
93.5 0 -1 2.91232
93.6 15.7554 14.7554 3.08904
93.7 18.945 17.945 2.49495
93.8 5.29964 4.29964 2.31678
93.9 0 -1 2.96625
94 5.60795 4.60795 3.59569
94.1 19.8579 18.8579 3.36561
94.2 16.8901 15.8901 2.57709
94.3 21.3339 20.3339 1.61539
94.4 26.5989 25.5989 0.281891
94.5 18.881 17.881 -0.964755
94.6 16.5762 15.5762 -1.71742
94.7 4.25407 3.25407 -1.74828
94.8 0 -1 -1.01531
94.9 1.13363 0.133629 -0.195561
95 23.3673 22.3673 -0.395032
95.1 18.1781 17.1781 -1.31136
95.2 7.32093 6.32093 -1.62727
95.3 7.9511 6.9511 -1.41113
95.4 2.0489 1.0489 -0.902964
95.5 3.22223 2.22223 -0.264155
95.6 16.6414 15.6414 -0.219858
95.7 10.1364 9.1364 -0.449579
95.8 0 -1 0.00742788
95.9 2.74357 1.74357 0.705274
96 25.5665 24.5665 0.375621
96.1 13.4764 12.4764 -0.540551
96.2 25.6002 24.6002 -1.44346
96.3 2.61338 1.61338 -1.86057
96.4 16.672 15.672 -1.88098
96.5 3.32802 2.32802 -1.81424
96.6 8.3473 7.3473 -1.54553
96.7 21.6684 20.6684 -1.95212
96.8 9.98431 8.98431 -2.50377
96.9 15.8648 14.8648 -2.85533
97 14.1352 13.1352 -3.25847
97.1 2.14223 1.14223 -3.12378
97.2 10.0348 9.03482 -2.7813
97.3 7.82295 6.82295 -2.59354
97.4 0 -1 -1.9992
97.5 0 -1 -1.03794
97.6 0 -1 -0.0234092
97.7 0 -1 0.860894
97.8 23.3302 22.3302 0.717923
97.9 17.8354 16.8354 -0.187341
98 8.83441 7.83441 -0.516427
98.1 0 -1 0.00484461
98.2 0 -1 0.963124
98.3 0 -1 1.96872
98.4 0 -1 2.96512
98.5 0 -1 3.95309
98.6 5.65805 4.65805 4.54752
98.7 28.5646 27.5646 3.96087
98.8 9.68817 8.68817 3.11935
98.9 16.0891 15.0891 2.78313
99 5.75066 4.75066 2.68051
99.1 17.7583 16.7583 2.41186
99.2 24.178 23.178 1.43494
99.3 12.313 11.313 0.670252
99.4 4.7738 3.7738 0.753475
99.5 5.2262 4.2262 1.2499
99.6 0 -1 1.93976
99.7 13.5226 12.5226 2.13927
99.8 31.24 30.24 1.09309
99.9 5.23739 4.23739 0.376766
100 0 -1 0.919636
