0.000000e+00 0.000000e+00 -1.000000e+00 7.714279e+00
1.000000e-01 1.715719e+00 7.157189e-01 8.514688e+00
2.000000e-01 1.784218e+01 1.684218e+01 8.502912e+00
3.000000e-01 2.769180e+01 2.669180e+01 7.315243e+00
4.000000e-01 2.275030e+01 2.175030e+01 5.932844e+00
5.000000e-01 3.179861e+00 2.179861e+00 5.586282e+00
6.000000e-01 6.820139e+00 5.820139e+00 6.033931e+00
7.000000e-01 0.000000e+00 -1.000000e+00 6.659332e+00
8.000000e-01 1.217647e+01 1.117647e+01 7.005953e+00
9.000000e-01 1.499752e+01 1.399752e+01 6.653304e+00
1.000000e+00 2.611830e+01 2.511830e+01 5.652591e+00
1.100000e+00 1.483331e+01 1.383331e+01 4.721916e+00
1.200000e+00 1.874401e+00 8.744007e-01 4.835141e+00
1.300000e+00 0.000000e+00 -1.000000e+00 5.685411e+00
1.400000e+00 0.000000e+00 -1.000000e+00 6.674561e+00
1.500000e+00 2.016962e+00 1.016962e+00 7.541602e+00
1.600000e+00 7.983038e+00 6.983038e+00 8.069243e+00
1.700000e+00 5.512805e+00 4.512805e+00 8.375775e+00
1.800000e+00 1.422165e+01 1.322165e+01 8.406475e+00
1.900000e+00 8.428987e+00 7.428987e+00 8.292808e+00
2.000000e+00 1.284295e+01 1.184295e+01 8.210996e+00
2.100000e+00 1.180291e+01 1.080291e+01 7.932393e+00
2.200000e+00 2.426455e+01 2.326455e+01 7.225743e+00
2.300000e+00 3.397442e+00 2.397442e+00 6.872315e+00
2.400000e+00 9.528713e+00 8.528713e+00 7.137090e+00
2.500000e+00 6.405160e+00 5.405160e+00 7.351503e+00
2.600000e+00 1.172660e+01 1.072660e+01 7.472274e+00
2.700000e+00 1.868243e+00 8.682426e-01 7.806328e+00
2.800000e+00 5.098667e+00 4.098667e+00 8.407201e+00
2.900000e+00 5.700158e+00 4.700158e+00 8.829143e+00
3.000000e+00 1.949664e+01 1.849664e+01 8.513455e+00
3.100000e+00 2.974229e+01 2.874229e+01 7.170210e+00
3.200000e+00 1.900960e+01 1.800960e+01 5.807500e+00
3.300000e+00 1.095265e+01 9.952651e+00 5.311876e+00
3.400000e+00 0.000000e+00 -1.000000e+00 5.688680e+00
3.500000e+00 8.978873e+00 7.978873e+00 6.174221e+00
3.600000e+00 1.176356e+01 1.076356e+01 6.197893e+00
3.700000e+00 9.257565e+00 8.257565e+00 6.148379e+00
3.800000e+00 1.072175e+01 9.721754e+00 6.139659e+00
3.900000e+00 9.278246e+00 8.278246e+00 6.194646e+00
4.000000e+00 0.000000e+00 -1.000000e+00 6.701487e+00
4.100000e+00 4.642716e+00 3.642716e+00 7.407129e+00
4.200000e+00 9.218962e+00 8.218962e+00 7.696966e+00
4.300000e+00 1.808464e+01 1.708464e+01 7.374100e+00
4.400000e+00 1.206100e+01 1.106100e+01 6.946530e+00
4.500000e+00 5.992684e+00 4.992684e+00 6.938577e+00
4.600000e+00 1.994017e+01 1.894017e+01 6.653812e+00
4.700000e+00 1.223519e+01 1.123519e+01 6.130814e+00
4.800000e+00 7.824632e+00 6.824632e+00 6.118546e+00
4.900000e+00 1.675629e+00 6.756288e-01 6.589618e+00
5.000000e+00 8.324371e+00 7.324371e+00 7.104366e+00
5.100000e+00 8.112524e-01 -1.887476e-01 7.605152e+00
5.200000e+00 1.652626e+01 1.552626e+01 7.723917e+00
5.300000e+00 1.020742e+01 9.207425e+00 7.502239e+00
5.400000e+00 4.015096e+00 3.015096e+00 7.725286e+00
5.500000e+00 8.439967e+00 7.439967e+00 8.120064e+00
5.600000e+00 0.000000e+00 -1.000000e+00 8.708937e+00
5.700000e+00 3.189679e+00 2.189679e+00 9.465514e+00
5.800000e+00 1.135177e+01 1.035177e+01 9.775363e+00
5.900000e+00 7.966724e+00 6.966724e+00 9.824645e+00
6.000000e+00 1.375115e+01 1.275115e+01 9.673759e+00
6.100000e+00 2.123697e+01 2.023697e+01 9.039938e+00
6.200000e+00 4.452707e+00 3.452707e+00 8.746526e+00
6.300000e+00 1.376426e+01 1.276426e+01 8.717917e+00
6.400000e+00 2.035181e+01 1.935181e+01 8.092751e+00
6.500000e+00 1.393493e+01 1.293493e+01 7.446759e+00
6.600000e+00 5.096083e+00 4.096083e+00 7.461708e+00
6.700000e+00 4.903917e+00 3.903917e+00 7.946744e+00
6.800000e+00 0.000000e+00 -1.000000e+00 8.682859e+00
6.900000e+00 5.158154e+00 4.158154e+00 9.371887e+00
7.000000e+00 1.024868e+01 9.248682e+00 9.658869e+00
7.100000e+00 4.593164e+00 3.593164e+00 9.926062e+00
7.200000e+00 6.488589e+00 5.488589e+00 1.036129e+01
7.300000e+00 3.632347e+00 2.632347e+00 1.083283e+01
7.400000e+00 9.879064e+00 8.879064e+00 1.118816e+01
7.500000e+00 0.000000e+00 -1.000000e+00 1.173125e+01
7.600000e+00 0.000000e+00 -1.000000e+00 1.263717e+01
7.700000e+00 8.172482e+00 7.172482e+00 1.326421e+01
7.800000e+00 1.827518e+00 8.275183e-01 1.380798e+01
7.900000e+00 1.370842e+00 3.708416e-01 1.456653e+01
8.000000e+00 1.212832e+01 1.112832e+01 1.485269e+01
8.100000e+00 1.962663e+01 1.862663e+01 1.436361e+01
8.200000e+00 9.434823e+00 8.434823e+00 1.395473e+01
8.300000e+00 7.439385e+00 6.439385e+00 1.404297e+01
8.400000e+00 9.722926e+00 8.722926e+00 1.422256e+01
8.500000e+00 1.851732e+00 8.517320e-01 1.462230e+01
8.600000e+00 8.425342e+00 7.425342e+00 1.505136e+01
8.700000e+00 1.373806e+01 1.273806e+01 1.491276e+01
8.800000e+00 2.664185e+01 2.564185e+01 1.394149e+01
8.900000e+00 2.197021e+01 2.097021e+01 1.254903e+01
9.000000e+00 2.552616e+01 2.452616e+01 1.120858e+01
9.100000e+00 1.212373e+01 1.112373e+01 1.036725e+01
9.200000e+00 8.385134e+00 7.385134e+00 1.023871e+01
9.300000e+00 1.727503e+01 1.627503e+01 9.878700e+00
9.400000e+00 2.891897e+01 2.791897e+01 8.721554e+00
9.500000e+00 5.420865e+00 4.420865e+00 8.088201e+00
9.600000e+00 0.000000e+00 -1.000000e+00 8.652860e+00
9.700000e+00 9.846516e+00 8.846516e+00 9.104025e+00
9.800000e+00 2.038057e+01 1.938057e+01 8.574057e+00
9.900000e+00 3.182553e+01 3.082553e+01 7.120477e+00
1.000000e+01 7.947381e+00 6.947381e+00 6.231797e+00
1.010000e+01 0.000000e+00 -1.000000e+00 6.604736e+00
1.020000e+01 2.314556e+01 2.214556e+01 6.409768e+00
1.030000e+01 2.369965e+01 2.269965e+01 5.265998e+00
1.040000e+01 6.553274e+00 5.553274e+00 4.720389e+00
1.050000e+01 1.117118e+01 1.017118e+01 4.781897e+00
1.060000e+01 5.430342e+00 4.430342e+00 4.954254e+00
1.070000e+01 1.325008e+01 1.225008e+01 4.890707e+00
1.080000e+01 3.235943e+01 3.135943e+01 3.706150e+00
1.090000e+01 1.999314e+01 1.899314e+01 2.250138e+00
1.100000e+01 4.397343e+00 3.397343e+00 1.954786e+00
1.110000e+01 7.942438e+00 6.942438e+00 2.205217e+00
1.120000e+01 1.965929e+01 1.865929e+01 1.888167e+00
1.130000e+01 1.453326e+01 1.353326e+01 1.103369e+00
1.140000e+01 3.834541e+01 3.734541e+01 -4.337146e-01
1.150000e+01 9.519596e+00 8.519596e+00 -1.662464e+00
1.160000e+01 0.000000e+00 -1.000000e+00 -1.311667e+00
1.170000e+01 7.042920e+00 6.042920e+00 -8.065755e-01
1.180000e+01 2.833024e+01 2.733024e+01 -1.437688e+00
1.190000e+01 7.373846e+00 6.373846e+00 -2.144469e+00
1.200000e+01 1.155688e+01 1.055688e+01 -2.176298e+00
1.210000e+01 5.696109e+00 4.696109e+00 -1.983430e+00
1.220000e+01 1.260556e+00 2.605563e-01 -1.392706e+00
1.230000e+01 8.994268e+00 7.994268e+00 -1.014647e+00
1.240000e+01 2.612053e+01 2.512053e+01 -1.626424e+00
1.250000e+01 3.624648e+00 2.624648e+00 -2.012289e+00
1.260000e+01 0.000000e+00 -1.000000e+00 -1.357608e+00
1.270000e+01 1.072642e+01 9.726424e+00 -9.448389e-01
1.280000e+01 1.966969e+01 1.866969e+01 -1.371316e+00
1.290000e+01 9.603887e+00 8.603887e+00 -1.748106e+00
1.300000e+01 0.000000e+00 -1.000000e+00 -1.281705e+00
1.310000e+01 0.000000e+00 -1.000000e+00 -3.209275e-01
1.320000e+01 0.000000e+00 -1.000000e+00 6.797286e-01
1.330000e+01 0.000000e+00 -1.000000e+00 1.669707e+00
1.340000e+01 4.407501e+00 3.407501e+00 2.356138e+00
1.350000e+01 2.157495e+01 2.057495e+01 2.151988e+00
1.360000e+01 8.863321e+00 7.863321e+00 1.601708e+00
1.370000e+01 3.035467e+01 2.935467e+01 6.389090e-01
1.380000e+01 1.479956e+01 1.379956e+01 -4.312394e-01
1.390000e+01 0.000000e+00 -1.000000e+00 -2.901253e-01
1.400000e+01 6.373254e+00 5.373254e+00 3.198318e-01
1.410000e+01 9.251937e+00 8.251937e+00 5.377444e-01
1.420000e+01 1.705291e+01 1.605291e+01 2.220544e-01
1.430000e+01 1.732190e+01 1.632190e+01 -3.696174e-01
1.440000e+01 0.000000e+00 -1.000000e+00 -3.035150e-01
1.450000e+01 1.395895e+01 1.295895e+01 -9.013133e-02
1.460000e+01 1.378986e+01 1.278986e+01 -3.641232e-01
1.470000e+01 8.312625e+00 7.312625e+00 -5.741436e-01
1.480000e+01 2.641349e+01 2.541349e+01 -1.261367e+00
1.490000e+01 1.101965e+01 1.001965e+01 -2.021323e+00
1.500000e+01 6.505417e+00 5.505417e+00 -1.992225e+00
1.510000e+01 9.189496e+00 8.189496e+00 -1.801409e+00
1.520000e+01 1.081050e+01 9.810504e+00 -1.738099e+00
1.530000e+01 0.000000e+00 -1.000000e+00 -1.274871e+00
1.540000e+01 2.563617e+00 1.563617e+00 -5.521299e-01
1.550000e+01 2.271357e+01 2.171357e+01 -8.020265e-01
1.560000e+01 2.168644e+01 2.068644e+01 -1.836308e+00
1.570000e+01 3.036373e+00 2.036373e+00 -2.091329e+00
1.580000e+01 4.360430e+00 3.360430e+00 -1.560700e+00
1.590000e+01 6.863736e+00 5.863736e+00 -1.115738e+00
1.600000e+01 8.922699e+00 7.922699e+00 -9.046754e-01
1.610000e+01 9.853134e+00 8.853134e+00 -7.868927e-01
1.620000e+01 0.000000e+00 -1.000000e+00 -2.718501e-01
1.630000e+01 0.000000e+00 -1.000000e+00 6.323804e-01
1.640000e+01 1.014291e+01 9.142905e+00 1.126439e+00
1.650000e+01 9.857095e+00 8.857095e+00 1.216810e+00
1.660000e+01 1.954880e+00 9.548805e-01 1.573389e+00
1.670000e+01 1.218474e+01 1.118474e+01 1.808446e+00
1.680000e+01 1.594116e+01 1.494116e+01 1.483040e+00
1.690000e+01 9.919222e+00 8.919222e+00 1.220925e+00
1.700000e+01 5.805478e+00 4.805478e+00 1.414726e+00
1.710000e+01 4.194522e+00 3.194522e+00 1.887468e+00
1.720000e+01 6.166746e+00 5.166746e+00 2.351840e+00
1.730000e+01 9.695444e+00 8.695444e+00 2.518617e+00
1.740000e+01 1.915771e+01 1.815771e+01 2.126930e+00
1.750000e+01 1.232763e+01 1.132763e+01 1.591912e+00
1.760000e+01 1.255757e+01 1.155757e+01 1.337885e+00
1.770000e+01 8.066281e+00 7.066281e+00 1.267018e+00
1.780000e+01 1.616664e+01 1.516664e+01 1.085697e+00
1.790000e+01 5.861971e+00 4.861971e+00 9.845160e-01
1.800000e+01 1.484132e+01 1.384132e+01 8.882002e-01
1.810000e+01 1.515868e+01 1.415868e+01 4.786931e-01
1.820000e+01 7.435446e+00 6.435446e+00 3.181410e-01
1.830000e+01 1.256455e+01 1.156455e+01 2.983976e-01
1.840000e+01 8.550708e+00 7.550708e+00 3.068539e-01
1.850000e+01 1.449292e+00 4.492919e-01 7.573039e-01
1.860000e+01 7.495448e+00 6.495448e+00 1.261760e+00
1.870000e+01 1.019208e+01 9.192082e+00 1.446541e+00
1.880000e+01 2.312469e+00 1.312469e+00 1.837417e+00
1.890000e+01 1.532777e+00 5.327770e-01 2.574073e+00
1.900000e+01 8.467223e+00 7.467223e+00 3.072700e+00
1.910000e+01 8.046804e+00 7.046804e+00 3.299530e+00
1.920000e+01 5.475318e+00 4.475318e+00 3.550566e+00
1.930000e+01 1.906422e+01 1.806422e+01 3.335886e+00
1.940000e+01 1.354137e+01 1.254137e+01 2.799245e+00
1.950000e+01 8.515195e+00 7.515195e+00 2.638273e+00
1.960000e+01 1.355162e+01 1.255162e+01 2.521241e+00
1.970000e+01 1.180547e+01 1.080547e+01 2.297743e+00
1.980000e+01 8.430072e+00 7.430072e+00 2.255099e+00
1.990000e+01 1.156993e+01 1.056993e+01 2.294384e+00
2.000000e+01 0.000000e+00 -1.000000e+00 2.738092e+00
2.010000e+01 4.416831e-02 -9.558317e-01 3.626657e+00
2.020000e+01 9.955832e+00 8.955832e+00 4.154484e+00
2.030000e+01 6.272625e+00 5.272625e+00 4.359294e+00
2.040000e+01 1.222644e+01 1.122644e+01 4.412028e+00
2.050000e+01 1.329778e+01 1.229778e+01 4.121202e+00
2.060000e+01 2.296868e+01 2.196868e+01 3.297357e+00
2.070000e+01 2.551716e+01 2.451716e+01 1.938440e+00
2.080000e+01 1.970710e+01 1.870710e+01 7.834755e-01
2.090000e+01 1.021136e-02 -9.897886e-01 7.302987e-01
2.100000e+01 8.958843e+00 7.958843e+00 1.150442e+00
2.110000e+01 1.616886e+01 1.516886e+01 9.953463e-01
2.120000e+01 4.872298e+00 3.872298e+00 1.006346e+00
2.130000e+01 0.000000e+00 -1.000000e+00 1.608889e+00
2.140000e+01 1.849520e+01 1.749520e+01 1.747584e+00
2.150000e+01 1.504798e+00 5.047980e-01 1.845907e+00
2.160000e+01 0.000000e+00 -1.000000e+00 2.678331e+00
2.170000e+01 0.000000e+00 -1.000000e+00 3.683995e+00
2.180000e+01 0.000000e+00 -1.000000e+00 4.662090e+00
2.190000e+01 4.016217e+00 3.016217e+00 5.451855e+00
2.200000e+01 6.751355e+00 5.751355e+00 5.915512e+00
2.210000e+01 9.232428e+00 8.232428e+00 6.175399e+00
2.220000e+01 0.000000e+00 -1.000000e+00 6.673067e+00
2.230000e+01 1.309329e+01 1.209329e+01 6.876318e+00
2.240000e+01 3.069433e+01 2.969433e+01 5.861597e+00
2.250000e+01 8.859473e+00 7.859473e+00 4.965387e+00
2.260000e+01 7.352903e+00 6.352903e+00 5.079005e+00
2.270000e+01 0.000000e+00 -1.000000e+00 5.693555e+00
2.280000e+01 6.387526e+00 5.387526e+00 6.250933e+00
2.290000e+01 2.360844e+01 2.260844e+01 5.807734e+00
2.300000e+01 1.842168e+01 1.742168e+01 4.817248e+00
2.310000e+01 1.289239e+01 1.189239e+01 4.182696e+00
2.320000e+01 1.868997e+01 1.768997e+01 3.671320e+00
2.330000e+01 0.000000e+00 -1.000000e+00 3.761774e+00
2.340000e+01 1.818930e+00 8.189302e-01 4.534546e+00
2.350000e+01 1.051419e+01 9.514189e+00 4.940240e+00
2.360000e+01 9.679577e+00 8.679577e+00 4.970889e+00
2.370000e+01 9.467906e+00 8.467906e+00 5.006671e+00
2.380000e+01 8.519397e+00 7.519397e+00 5.142684e+00
2.390000e+01 2.657656e+00 1.657656e+00 5.506475e+00
2.400000e+01 1.737189e+01 1.637189e+01 5.506213e+00
2.410000e+01 9.970459e+00 8.970459e+00 5.264297e+00
2.420000e+01 7.520534e-01 -2.479466e-01 5.637049e+00
2.430000e+01 9.247947e+00 8.247947e+00 6.147448e+00
2.440000e+01 0.000000e+00 -1.000000e+00 6.684295e+00
2.450000e+01 9.924869e+00 8.924869e+00 7.087663e+00
2.460000e+01 2.114683e+01 2.014683e+01 6.574626e+00
2.470000e+01 2.210853e+01 2.110853e+01 5.530630e+00
2.480000e+01 8.793600e+00 7.793600e+00 4.940788e+00
2.490000e+01 1.690673e+01 1.590673e+01 4.647138e+00
2.500000e+01 6.509795e+00 5.509795e+00 4.468881e+00
2.510000e+01 1.751095e+01 1.651095e+01 4.212044e+00
2.520000e+01 1.699266e+01 1.599266e+01 3.575802e+00
2.530000e+01 1.010604e+01 9.106035e+00 3.261063e+00
2.540000e+01 0.000000e+00 -1.000000e+00 3.691774e+00
2.550000e+01 8.951424e+00 7.951424e+00 4.103955e+00
2.560000e+01 2.701509e+01 2.601509e+01 3.423681e+00
2.570000e+01 1.157452e+01 1.057452e+01 2.599977e+00
2.580000e+01 8.998976e+00 7.998976e+00 2.397800e+00
2.590000e+01 2.584820e+01 2.484820e+01 1.742442e+00
2.600000e+01 7.774561e+00 6.774561e+00 1.126917e+00
2.610000e+01 9.837232e+00 8.837232e+00 1.198010e+00
2.620000e+01 0.000000e+00 -1.000000e+00 1.731709e+00
2.630000e+01 0.000000e+00 -1.000000e+00 2.613415e+00
2.640000e+01 1.514775e+01 1.414775e+01 2.807567e+00
2.650000e+01 2.471053e+01 2.371053e+01 1.960732e+00
2.660000e+01 1.014173e+01 9.141728e+00 1.229779e+00
2.670000e+01 1.492716e+01 1.392716e+01 9.514545e-01
2.680000e+01 5.072837e+00 4.072837e+00 9.718860e-01
2.690000e+01 7.619256e+00 6.619256e+00 1.257015e+00
2.700000e+01 1.410672e+01 1.310672e+01 1.167898e+00
2.710000e+01 1.693522e+01 1.593522e+01 7.200328e-01
2.720000e+01 1.338805e+00 3.388046e-01 8.225582e-01
2.730000e+01 0.000000e+00 -1.000000e+00 1.680562e+00
2.740000e+01 1.521093e+00 5.210932e-01 2.527773e+00
2.750000e+01 1.626316e+01 1.526316e+01 2.702871e+00
2.760000e+01 5.125525e+00 4.125525e+00 2.653105e+00
2.770000e+01 1.618848e+01 1.518848e+01 2.521995e+00
2.780000e+01 1.575773e+01 1.475773e+01 2.040545e+00
2.790000e+01 5.144018e+00 4.144018e+00 1.952843e+00
2.800000e+01 1.231505e+01 1.131505e+01 2.008856e+00
2.810000e+01 1.692145e+01 1.592145e+01 1.583602e+00
2.820000e+01 1.753370e+01 1.653370e+01 8.758139e-01
2.830000e+01 1.785029e+01 1.685029e+01 1.109248e-01
2.840000e+01 1.842071e+01 1.742071e+01 -7.332183e-01
2.850000e+01 2.304360e+01 2.204360e+01 -1.709799e+00
2.860000e+01 3.915191e+00 2.915191e+00 -2.051952e+00
2.870000e+01 7.885672e+00 6.885672e+00 -1.760435e+00
2.880000e+01 1.196828e+01 1.096828e+01 -1.688431e+00
2.890000e+01 5.328485e+00 4.328485e+00 -1.604131e+00
2.900000e+01 2.196539e+01 2.096539e+01 -2.123841e+00
2.910000e+01 4.411207e+01 4.311207e+01 -4.188128e+00
2.920000e+01 1.163099e+01 1.063099e+01 -5.866002e+00
2.930000e+01 1.026289e+01 9.262892e+00 -6.159238e+00
2.940000e+01 1.638459e+01 1.538459e+01 -6.451930e+00
2.950000e+01 1.046163e+01 9.461632e+00 -6.763519e+00
2.960000e+01 9.155186e+00 8.155186e+00 -6.767834e+00
2.970000e+01 7.592567e+00 6.592567e+00 -6.589603e+00
2.980000e+01 3.252248e+00 2.252248e+00 -6.123360e+00
2.990000e+01 0.000000e+00 -1.000000e+00 -5.306636e+00
3.000000e+01 0.000000e+00 -1.000000e+00 -4.320027e+00
3.010000e+01 0.000000e+00 -1.000000e+00 -3.319966e+00
3.020000e+01 0.000000e+00 -1.000000e+00 -2.317009e+00
3.030000e+01 0.000000e+00 -1.000000e+00 -1.358538e+00
3.040000e+01 1.008877e+01 9.088770e+00 -9.499348e-01
3.050000e+01 2.859860e+01 2.759860e+01 -1.834134e+00
3.060000e+01 2.567243e+01 2.467243e+01 -3.356040e+00
3.070000e+01 5.944356e+00 4.944356e+00 -4.057671e+00
3.080000e+01 2.545126e+01 2.445126e+01 -4.674219e+00
3.090000e+01 1.555330e+01 1.455330e+01 -5.590496e+00
3.100000e+01 8.691289e+00 7.691289e+00 -5.839811e+00
3.110000e+01 4.229001e+00 3.229001e+00 -5.519949e+00
3.120000e+01 5.770999e+00 4.770999e+00 -5.015647e+00
3.130000e+01 0.000000e+00 -1.000000e+00 -4.285965e+00
3.140000e+01 0.000000e+00 -1.000000e+00 -3.398207e+00
3.150000e+01 1.690752e+01 1.590752e+01 -3.226328e+00
3.160000e+01 1.309248e+01 1.209248e+01 -3.602225e+00
3.170000e+01 4.657360e+00 3.657360e+00 -3.537362e+00
3.180000e+01 9.124537e+00 8.124537e+00 -3.267390e+00
3.190000e+01 9.794323e+00 8.794323e+00 -3.174134e+00
3.200000e+01 6.423781e+00 5.423781e+00 -2.987312e+00
3.210000e+01 8.477850e+00 7.477850e+00 -2.801084e+00
3.220000e+01 1.773190e+01 1.673190e+01 -3.039037e+00
3.230000e+01 6.682605e+00 5.682605e+00 -3.275224e+00
3.240000e+01 1.710765e+01 1.610765e+01 -3.437717e+00
3.250000e+01 0.000000e+00 -1.000000e+00 -3.273817e+00
3.260000e+01 9.761982e+00 8.761982e+00 -2.933524e+00
3.270000e+01 2.513671e+01 2.413671e+01 -3.551898e+00
3.280000e+01 1.063196e+01 9.631960e+00 -4.246644e+00
3.290000e+01 4.469350e+00 3.469350e+00 -4.054127e+00
3.300000e+01 0.000000e+00 -1.000000e+00 -3.301715e+00
3.310000e+01 0.000000e+00 -1.000000e+00 -2.314867e+00
3.320000e+01 0.000000e+00 -1.000000e+00 -1.402201e+00
3.330000e+01 1.923560e+01 1.823560e+01 -1.382145e+00
3.340000e+01 2.076440e+01 1.976440e+01 -2.203174e+00
3.350000e+01 4.920781e+00 3.920781e+00 -2.573348e+00
3.360000e+01 2.188666e+01 2.088666e+01 -2.954754e+00
3.370000e+01 1.319256e+01 1.219256e+01 -3.555747e+00
3.380000e+01 2.220857e+00 1.220857e+00 -3.485111e+00
3.390000e+01 2.422241e+01 2.322241e+01 -3.852843e+00
3.400000e+01 2.355673e+01 2.255673e+01 -5.101154e+00
3.410000e+01 1.688515e+01 1.588515e+01 -6.120923e+00
3.420000e+01 1.311485e+01 1.211485e+01 -6.629001e+00
3.430000e+01 8.306615e+00 7.306615e+00 -6.695155e+00
3.440000e+01 4.764166e+00 3.764166e+00 -6.425380e+00
3.450000e+01 1.692922e+01 1.592922e+01 -6.545454e+00
3.460000e+01 1.902390e+01 1.802390e+01 -7.192616e+00
3.470000e+01 9.760957e-01 -2.390428e-02 -7.203978e+00
3.480000e+01 3.683683e+00 2.683683e+00 -6.525799e+00
3.490000e+01 6.316317e+00 5.316317e+00 -6.106715e+00
3.500000e+01 2.710078e+01 2.610078e+01 -6.757194e+00
3.510000e+01 2.463526e+01 2.363526e+01 -8.216561e+00
3.520000e+01 1.733759e+01 1.633759e+01 -9.254369e+00
3.530000e+01 9.263725e-01 -7.362746e-02 -9.234562e+00
3.540000e+01 8.477269e+00 7.477269e+00 -8.787678e+00
3.550000e+01 9.077495e+00 8.077495e+00 -8.591678e+00
3.560000e+01 2.445236e+00 1.445236e+00 -8.157606e+00
3.570000e+01 1.481464e+00 4.814644e-01 -7.469836e+00
3.580000e+01 1.860290e+01 1.760290e+01 -7.439730e+00
3.590000e+01 9.915639e+00 8.915639e+00 -7.733131e+00
3.600000e+01 0.000000e+00 -1.000000e+00 -7.281937e+00
3.610000e+01 0.000000e+00 -1.000000e+00 -6.317186e+00
3.620000e+01 4.206435e-01 -5.793565e-01 -5.413562e+00
3.630000e+01 1.624651e+01 1.524651e+01 -5.237057e+00
3.640000e+01 1.435834e+01 1.335834e+01 -5.669334e+00
3.650000e+01 8.974505e+00 7.974505e+00 -5.807814e+00
3.660000e+01 0.000000e+00 -1.000000e+00 -5.294737e+00
3.670000e+01 3.534025e+00 2.534025e+00 -4.537133e+00
3.680000e+01 8.473178e+00 7.473178e+00 -4.114476e+00
3.690000e+01 7.992797e+00 6.992797e+00 -3.928102e+00
3.700000e+01 1.164089e+01 1.064089e+01 -3.955741e+00
3.710000e+01 1.835911e+01 1.735911e+01 -4.347231e+00
3.720000e+01 0.000000e+00 -1.000000e+00 -4.236662e+00
3.730000e+01 0.000000e+00 -1.000000e+00 -3.325951e+00
3.740000e+01 1.211356e+00 2.113558e-01 -2.450176e+00
3.750000e+01 1.519651e+01 1.419651e+01 -2.212299e+00
3.760000e+01 3.592132e+00 2.592132e+00 -2.078500e+00
3.770000e+01 3.683544e+00 2.683544e+00 -1.570407e+00
3.780000e+01 1.779343e+01 1.679343e+01 -1.650564e+00
3.790000e+01 1.852303e+01 1.752303e+01 -2.304490e+00
3.800000e+01 0.000000e+00 -1.000000e+00 -2.283429e+00
3.810000e+01 9.803025e+00 8.803025e+00 -1.847230e+00
3.820000e+01 7.746811e+00 6.746811e+00 -1.700133e+00
3.830000e+01 1.245016e+01 1.145016e+01 -1.657989e+00
3.840000e+01 0.000000e+00 -1.000000e+00 -1.332192e+00
3.850000e+01 1.496684e+01 1.396684e+01 -1.093715e+00
3.860000e+01 5.033165e+00 4.033165e+00 -1.053387e+00
3.870000e+01 1.404896e+01 1.304896e+01 -1.084052e+00
3.880000e+01 1.595104e+01 1.495104e+01 -1.450137e+00
3.890000e+01 0.000000e+00 -1.000000e+00 -1.285408e+00
3.900000e+01 7.677032e+00 6.677032e+00 -7.201261e-01
3.910000e+01 2.322968e+00 1.322968e+00 -1.646571e-01
3.920000e+01 0.000000e+00 -1.000000e+00 6.874477e-01
3.930000e+01 0.000000e+00 -1.000000e+00 1.680978e+00
3.940000e+01 0.000000e+00 -1.000000e+00 2.679767e+00
3.950000e+01 0.000000e+00 -1.000000e+00 3.681686e+00
3.960000e+01 0.000000e+00 -1.000000e+00 4.678090e+00
3.970000e+01 0.000000e+00 -1.000000e+00 5.687406e+00
3.980000e+01 2.289527e-01 -7.710473e-01 6.590895e+00
3.990000e+01 1.622838e+01 1.522838e+01 6.829669e+00
4.000000e+01 4.641958e+00 3.641958e+00 6.836802e+00
4.010000e+01 8.900714e+00 7.900714e+00 7.145306e+00
4.020000e+01 0.000000e+00 -1.000000e+00 7.662872e+00
4.030000e+01 1.372158e+01 1.272158e+01 7.929352e+00
4.040000e+01 1.278785e+01 1.178785e+01 7.720851e+00
4.050000e+01 3.490565e+00 2.490565e+00 7.890601e+00
4.060000e+01 5.358582e+00 4.358582e+00 8.355039e+00
4.070000e+01 1.464142e+01 1.364142e+01 8.437036e+00
4.080000e+01 0.000000e+00 -1.000000e+00 8.740051e+00
4.090000e+01 3.577771e+00 2.577771e+00 9.415160e+00
4.100000e+01 1.642223e+01 1.542223e+01 9.514517e+00
4.110000e+01 2.659866e+00 1.659866e+00 9.533215e+00
4.120000e+01 2.164321e+01 2.064321e+01 9.200001e+00
4.130000e+01 2.890576e+01 2.790576e+01 7.881280e+00
4.140000e+01 6.791159e+00 5.791159e+00 7.110538e+00
4.150000e+01 8.783757e+00 7.783757e+00 7.207749e+00
4.160000e+01 1.366122e+01 1.266122e+01 7.044037e+00
4.170000e+01 2.575368e+01 2.475368e+01 6.113371e+00
4.180000e+01 2.180134e+01 2.080134e+01 4.802496e+00
4.190000e+01 1.810391e+01 1.710391e+01 3.863780e+00
4.200000e+01 1.896094e+00 8.960937e-01 3.824481e+00
4.210000e+01 6.745532e+00 5.745532e+00 4.330075e+00
4.220000e+01 3.254468e+00 2.254468e+00 4.872432e+00
4.230000e+01 1.312258e+00 3.122576e-01 5.590188e+00
4.240000e+01 9.780632e+00 8.780632e+00 5.945740e+00
4.250000e+01 2.638069e+01 2.538069e+01 5.210729e+00
4.260000e+01 1.961155e+01 1.861155e+01 4.001017e+00
4.270000e+01 1.604270e+01 1.504270e+01 3.222973e+00
4.280000e+01 6.872167e+00 5.872167e+00 3.059521e+00
4.290000e+01 8.356472e+00 7.356472e+00 3.239067e+00
4.300000e+01 1.164353e+01 1.064353e+01 3.227423e+00
4.310000e+01 1.672960e+01 1.572960e+01 2.832277e+00
4.320000e+01 1.317800e+01 1.217800e+01 2.412007e+00
4.330000e+01 4.611486e+00 3.611486e+00 2.425531e+00
4.340000e+01 1.900882e+01 1.800882e+01 2.267634e+00
4.350000e+01 7.343784e+00 6.343784e+00 1.966220e+00
4.360000e+01 1.914599e+01 1.814599e+01 1.585010e+00
4.370000e+01 1.633444e+01 1.533444e+01 9.367084e-01
4.380000e+01 3.647883e+00 2.647883e+00 9.320137e-01
4.390000e+01 0.000000e+00 -1.000000e+00 1.696674e+00
4.400000e+01 0.000000e+00 -1.000000e+00 2.634639e+00
4.410000e+01 1.034245e+01 9.342447e+00 3.115792e+00
4.420000e+01 9.657553e+00 8.657553e+00 3.216878e+00
4.430000e+01 0.000000e+00 -1.000000e+00 3.684817e+00
4.440000e+01 8.067919e+00 7.067919e+00 4.263030e+00
4.450000e+01 1.932081e+00 9.320810e-01 4.821417e+00
4.460000e+01 2.579924e-01 -7.420076e-01 5.609892e+00
4.470000e+01 1.392364e+01 1.292364e+01 5.906173e+00
4.480000e+01 1.172303e+01 1.072303e+01 5.711146e+00
4.490000e+01 7.343791e+00 6.343791e+00 5.722422e+00
4.500000e+01 1.204277e+01 1.104277e+01 5.713391e+00
4.510000e+01 1.470878e+01 1.370878e+01 5.461184e+00
4.520000e+01 3.694380e+00 2.694380e+00 5.493633e+00
4.530000e+01 1.394492e+01 1.294492e+01 5.617283e+00
4.540000e+01 3.537582e+00 2.537582e+00 5.719355e+00
4.550000e+01 1.856161e+01 1.756161e+01 5.618910e+00
4.560000e+01 5.769659e+00 4.769659e+00 5.487501e+00
4.570000e+01 4.491852e+00 3.491852e+00 5.922447e+00
4.580000e+01 0.000000e+00 -1.000000e+00 6.701031e+00
4.590000e+01 1.954182e+00 9.541825e-01 7.486821e+00
4.600000e+01 2.071417e+01 1.971417e+01 7.380218e+00
4.610000e+01 1.733164e+01 1.633164e+01 6.587939e+00
4.620000e+01 1.349444e+01 1.249444e+01 6.003216e+00
4.630000e+01 1.650556e+01 1.550556e+01 5.530761e+00
4.640000e+01 8.009218e+00 7.009218e+00 5.299898e+00
4.650000e+01 1.305255e+01 1.205255e+01 5.168514e+00
4.660000e+01 1.963455e+01 1.863455e+01 4.608264e+00
4.670000e+01 9.303681e+00 8.303681e+00 4.237114e+00
4.680000e+01 1.739789e-01 -8.260211e-01 4.668151e+00
4.690000e+01 9.826021e+00 8.826021e+00 5.098700e+00
4.700000e+01 1.547190e+01 1.447190e+01 4.911761e+00
4.710000e+01 9.464914e+00 8.464914e+00 4.707024e+00
4.720000e+01 5.063184e+00 4.063184e+00 4.931605e+00
4.730000e+01 1.163757e+01 1.063757e+01 4.972524e+00
4.740000e+01 3.091785e+01 2.991785e+01 3.993104e+00
4.750000e+01 7.444579e+00 6.444579e+00 3.162604e+00
4.760000e+01 7.320093e+00 6.320093e+00 3.326815e+00
4.770000e+01 2.679907e+00 1.679907e+00 3.822090e+00
4.780000e+01 6.172811e+00 5.172811e+00 4.350143e+00
4.790000e+01 7.707228e+00 6.707228e+00 4.637978e+00
4.800000e+01 1.490694e+01 1.390694e+01 4.542196e+00
4.810000e+01 9.772609e+00 8.772609e+00 4.292756e+00
4.820000e+01 1.926523e+01 1.826523e+01 3.866698e+00
4.830000e+01 7.632433e+00 6.632433e+00 3.586099e+00
4.840000e+01 4.542755e+00 3.542755e+00 3.933943e+00
4.850000e+01 0.000000e+00 -1.000000e+00 4.707177e+00
4.860000e+01 0.000000e+00 -1.000000e+00 5.629011e+00
4.870000e+01 9.799858e+00 8.799858e+00 6.190994e+00
4.880000e+01 1.754269e+00 7.542685e-01 6.570666e+00
4.890000e+01 1.993692e+01 1.893692e+01 6.421852e+00
4.900000e+01 2.646876e+01 2.546876e+01 5.119608e+00
4.910000e+01 3.890072e+01 3.790072e+01 3.014074e+00
4.920000e+01 1.026414e+01 9.264142e+00 1.594512e+00
4.930000e+01 1.467318e+01 1.367318e+01 1.195831e+00
4.940000e+01 1.691706e+01 1.591706e+01 6.112252e-01
4.950000e+01 2.504370e+01 2.404370e+01 -4.437522e-01
4.960000e+01 1.624139e+01 1.524139e+01 -1.444278e+00
4.970000e+01 1.284316e+01 1.184316e+01 -2.009965e+00
4.980000e+01 2.620984e+01 2.520984e+01 -2.972670e+00
4.990000e+01 2.456694e+01 2.356694e+01 -4.362616e+00
5.000000e+01 6.380067e+00 5.380067e+00 -4.889940e+00
5.010000e+01 0.000000e+00 -1.000000e+00 -4.328769e+00
5.020000e+01 7.185627e+00 6.185627e+00 -3.717280e+00
5.030000e+01 8.582766e+00 7.582766e+00 -3.496984e+00
5.040000e+01 1.594585e+01 1.494585e+01 -3.784702e+00
5.050000e+01 2.722322e+01 2.622322e+01 -4.824241e+00
5.060000e+01 1.136626e+01 1.036626e+01 -5.744987e+00
5.070000e+01 1.857880e+01 1.757880e+01 -6.259637e+00
5.080000e+01 6.274854e+00 5.274854e+00 -6.495968e+00
5.090000e+01 1.319990e+01 1.219990e+01 -6.483740e+00
5.100000e+01 1.642724e+00 6.427242e-01 -6.166467e+00
5.110000e+01 3.197932e-01 -6.802068e-01 -5.426842e+00
5.120000e+01 1.964775e+01 1.864775e+01 -5.358370e+00
5.130000e+01 5.859988e+00 4.859988e+00 -5.540159e+00
5.140000e+01 6.944869e+00 5.944869e+00 -5.319417e+00
5.150000e+01 1.916289e+01 1.816289e+01 -5.560378e+00
5.160000e+01 8.064706e+00 7.064706e+00 -5.827113e+00
5.170000e+01 0.000000e+00 -1.000000e+00 -5.287645e+00
5.180000e+01 0.000000e+00 -1.000000e+00 -4.323486e+00
5.190000e+01 0.000000e+00 -1.000000e+00 -3.310151e+00
5.200000e+01 0.000000e+00 -1.000000e+00 -2.426989e+00
5.210000e+01 2.381226e+01 2.281226e+01 -2.589307e+00
5.220000e+01 1.618774e+01 1.518774e+01 -3.393280e+00
5.230000e+01 0.000000e+00 -1.000000e+00 -3.255133e+00
5.240000e+01 0.000000e+00 -1.000000e+00 -2.315545e+00
5.250000e+01 1.880188e-01 -8.119812e-01 -1.421369e+00
5.260000e+01 1.929753e+01 1.829753e+01 -1.305176e+00
5.270000e+01 5.144524e-01 -4.855476e-01 -1.199875e+00
5.280000e+01 0.000000e+00 -1.000000e+00 -3.256502e-01
5.290000e+01 0.000000e+00 -1.000000e+00 6.586461e-01
5.300000e+01 6.573632e+00 5.573632e+00 1.283346e+00
5.310000e+01 1.342637e+01 1.242637e+01 1.389921e+00
5.320000e+01 4.945950e-01 -5.054050e-01 1.637742e+00
5.330000e+01 1.651682e+01 1.551682e+01 1.787791e+00
5.340000e+01 4.551846e+00 3.551846e+00 1.722980e+00
5.350000e+01 2.632901e+01 2.532901e+01 1.041183e+00
5.360000e+01 3.748496e+01 3.648496e+01 -8.754571e-01
5.370000e+01 4.622761e+00 3.622761e+00 -1.944230e+00
5.380000e+01 5.726743e+00 4.726743e+00 -1.620829e+00
5.390000e+01 4.273257e+00 3.273257e+00 -1.068029e+00
5.400000e+01 1.588408e-02 -9.841159e-01 -3.944928e-01
5.410000e+01 1.972740e+01 1.872740e+01 -3.684256e-01
5.420000e+01 1.419267e+01 1.319267e+01 -9.995928e-01
5.430000e+01 1.961850e+01 1.861850e+01 -1.680662e+00
5.440000e+01 1.113989e+01 1.013989e+01 -2.230523e+00
5.450000e+01 1.924052e+01 1.824052e+01 -2.736444e+00
5.460000e+01 6.065127e+00 5.065127e+00 -2.921172e+00
5.470000e+01 0.000000e+00 -1.000000e+00 -2.342524e+00
5.480000e+01 9.319239e+00 8.319239e+00 -1.817652e+00
5.490000e+01 7.991760e+00 6.991760e+00 -1.668971e+00
5.500000e+01 1.267473e+01 1.167473e+01 -1.648760e+00
5.510000e+01 1.077263e+00 7.726330e-02 -1.377070e+00
5.520000e+01 1.352097e+01 1.252097e+01 -1.127304e+00
5.530000e+01 6.147062e+00 5.147062e+00 -1.070521e+00
5.540000e+01 1.143019e+01 1.043019e+01 -9.788217e-01
5.550000e+01 7.838791e+00 6.838791e+00 -8.740802e-01
5.560000e+01 0.000000e+00 -1.000000e+00 -2.830172e-01
5.570000e+01 0.000000e+00 -1.000000e+00 6.397244e-01
5.580000e+01 8.034623e+00 7.034623e+00 1.265688e+00
5.590000e+01 3.943110e+00 2.943110e+00 1.655509e+00
5.600000e+01 1.398827e+01 1.298827e+01 1.738641e+00
5.610000e+01 1.386653e+01 1.286653e+01 1.381080e+00
5.620000e+01 1.608743e+01 1.508743e+01 9.362311e-01
5.630000e+01 4.080040e+00 3.080040e+00 9.196871e-01
5.640000e+01 9.423762e+00 8.423762e+00 1.135247e+00
5.650000e+01 1.936578e+01 1.836578e+01 7.411380e-01
5.660000e+01 1.597252e+01 1.497252e+01 5.683193e-02
5.670000e+01 7.831938e+00 6.831938e+00 -1.504599e-01
5.680000e+01 7.405994e+00 6.405994e+00 5.041076e-02
5.690000e+01 7.035291e+00 6.035291e+00 3.418084e-01
5.700000e+01 5.015088e+00 4.015088e+00 7.186967e-01
5.710000e+01 7.949621e+00 6.949621e+00 1.101641e+00
5.720000e+01 0.000000e+00 -1.000000e+00 1.668185e+00
5.730000e+01 1.355509e+01 1.255509e+01 1.823425e+00
5.740000e+01 3.720360e+01 3.620360e+01 4.859262e-01
5.750000e+01 9.241309e+00 8.241309e+00 -6.802986e-01
5.760000e+01 0.000000e+00 -1.000000e+00 -3.343904e-01
5.770000e+01 1.004604e+01 9.046039e+00 1.295867e-01
5.780000e+01 9.953961e+00 8.953961e+00 2.227793e-01
5.790000e+01 1.550062e+00 5.500623e-01 6.064460e-01
5.800000e+01 8.449938e+00 7.449938e+00 1.105299e+00
5.810000e+01 0.000000e+00 -1.000000e+00 1.727195e+00
5.820000e+01 0.000000e+00 -1.000000e+00 2.620586e+00
5.830000e+01 1.188904e+01 1.088904e+01 3.052648e+00
5.840000e+01 8.709855e+00 7.709855e+00 3.027678e+00
5.850000e+01 1.897216e+01 1.797216e+01 2.628840e+00
5.860000e+01 1.815632e+01 1.715632e+01 1.814086e+00
5.870000e+01 1.982617e+01 1.882617e+01 9.344642e-01
5.880000e+01 1.371898e+01 1.271898e+01 2.716827e-01
5.890000e+01 1.253210e+01 1.153210e+01 -4.576695e-02
5.900000e+01 6.195368e+00 5.195368e+00 5.009704e-02
5.910000e+01 0.000000e+00 -1.000000e+00 6.650619e-01
5.920000e+01 9.302141e+00 8.302141e+00 1.153406e+00
5.930000e+01 1.416411e+01 1.316411e+01 9.889827e-01
5.940000e+01 2.183599e+01 2.083599e+01 2.341366e-01
5.950000e+01 1.469775e+01 1.369775e+01 -4.821483e-01
5.960000e+01 2.918360e-01 -7.081640e-01 -3.133169e-01
5.970000e+01 9.708164e+00 8.708164e+00 8.758340e-02
5.980000e+01 1.768883e+01 1.668883e+01 -2.771375e-01
5.990000e+01 2.651778e+01 2.551778e+01 -1.413245e+00
6.000000e+01 1.720049e+01 1.620049e+01 -2.528339e+00
6.010000e+01 1.174624e+01 1.074624e+01 -3.053069e+00
6.020000e+01 1.684666e+01 1.584666e+01 -3.464204e+00
6.030000e+01 8.155273e+00 7.155273e+00 -3.658546e+00
6.040000e+01 1.844727e+00 8.447268e-01 -3.195485e+00
6.050000e+01 0.000000e+00 -1.000000e+00 -2.309009e+00
6.060000e+01 0.000000e+00 -1.000000e+00 -1.361615e+00
6.070000e+01 9.161364e+00 8.161364e+00 -8.071992e-01
6.080000e+01 6.462544e+00 5.462544e+00 -5.346595e-01
6.090000e+01 4.376092e+00 3.376092e+00 -7.546643e-02
6.100000e+01 0.000000e+00 -1.000000e+00 7.012111e-01
6.110000e+01 1.237671e+00 2.376709e-01 1.546522e+00
6.120000e+01 1.464679e+01 1.364679e+01 1.809656e+00
6.130000e+01 5.453668e+00 4.453668e+00 1.846294e+00
6.140000e+01 8.661868e+00 7.661868e+00 2.117209e+00
6.150000e+01 6.338932e+00 5.338932e+00 2.256362e+00
6.160000e+01 3.099053e+01 2.999053e+01 1.493250e+00
6.170000e+01 7.490864e+00 6.490864e+00 6.587341e-01
6.180000e+01 1.324869e+01 1.224869e+01 5.476377e-01
6.190000e+01 1.930984e+00 9.309842e-01 8.436285e-01
6.200000e+01 0.000000e+00 -1.000000e+00 1.673131e+00
6.210000e+01 2.046956e+00 1.046956e+00 2.543829e+00
6.220000e+01 1.078585e+01 9.785849e+00 2.776273e+00
6.230000e+01 3.516844e+01 3.416844e+01 1.680415e+00
6.240000e+01 1.998757e+00 9.987567e-01 9.335031e-01
6.250000e+01 4.437728e+00 3.437728e+00 1.362681e+00
6.260000e+01 1.885435e+01 1.785435e+01 1.292246e+00
6.270000e+01 6.707920e+00 5.707920e+00 1.044714e+00
6.280000e+01 1.259212e+01 1.159212e+01 1.044185e+00
6.290000e+01 7.507639e+00 6.507639e+00 1.058615e+00
6.300000e+01 9.900242e+00 8.900242e+00 1.178135e+00
6.310000e+01 7.780717e+00 6.780717e+00 1.238885e+00
6.320000e+01 2.045672e+01 1.945672e+01 9.053484e-01
6.330000e+01 1.762563e+00 7.625631e-01 8.498025e-01
6.340000e+01 4.197747e+00 3.197747e+00 1.410028e+00
6.350000e+01 1.356338e+01 1.256338e+01 1.548535e+00
6.360000e+01 1.143355e+01 1.043355e+01 1.384423e+00
6.370000e+01 4.476347e+00 3.476347e+00 1.474046e+00
6.380000e+01 2.432935e+01 2.332935e+01 1.055983e+00
6.390000e+01 1.318478e+01 1.218478e+01 2.720941e-01
6.400000e+01 1.495177e+01 1.395177e+01 -1.993534e-01
6.410000e+01 1.386308e+01 1.286308e+01 -5.688900e-01
6.420000e+01 2.857516e+00 1.857516e+00 -4.355537e-01
6.430000e+01 8.789171e+00 7.789171e+00 -1.249243e-01
6.440000e+01 1.835331e+01 1.735331e+01 -3.575358e-01
6.450000e+01 0.000000e+00 -1.000000e+00 -2.692029e-01
6.460000e+01 8.879414e+00 7.879414e+00 1.412339e-01
6.470000e+01 1.828944e+01 1.728944e+01 -8.914311e-02
6.480000e+01 2.831149e+00 1.831149e+00 -1.165207e-01
6.490000e+01 5.556023e+00 4.556023e+00 3.598379e-01
6.500000e+01 1.088763e+01 9.887634e+00 5.519943e-01
6.510000e+01 1.355634e+01 1.255634e+01 3.154427e-01
6.520000e+01 1.903517e+01 1.803517e+01 -2.271169e-01
6.530000e+01 5.595131e+00 4.595131e+00 -5.151698e-01
6.540000e+01 2.118895e+01 2.018895e+01 -8.821859e-01
6.550000e+01 1.478698e+01 1.378698e+01 -1.659412e+00
6.560000e+01 2.507291e+01 2.407291e+01 -2.588958e+00
6.570000e+01 4.320861e+00 3.320861e+00 -3.029971e+00
6.580000e+01 9.341807e+00 8.341807e+00 -2.792952e+00
6.590000e+01 3.821312e+00 2.821312e+00 -2.428373e+00
6.600000e+01 6.836881e+00 5.836881e+00 -1.998207e+00
6.610000e+01 7.322860e+00 6.322860e+00 -1.666109e+00
6.620000e+01 2.677140e+00 1.677140e+00 -1.163355e+00
6.630000e+01 3.549592e+00 2.549592e+00 -5.575480e-01
6.640000e+01 1.456761e+01 1.356761e+01 -4.008873e-01
6.650000e+01 5.064076e+00 4.064076e+00 -4.197975e-01
6.660000e+01 2.205238e+01 2.105238e+01 -7.533542e-01
6.670000e+01 7.294992e+00 6.294992e+00 -1.157102e+00
6.680000e+01 1.288503e+01 1.188503e+01 -1.260614e+00
6.690000e+01 1.458631e+01 1.358631e+01 -1.552374e+00
6.700000e+01 5.503977e+00 4.503977e+00 -1.566629e+00
6.710000e+01 8.984906e+00 7.984906e+00 -1.372088e+00
6.720000e+01 1.551112e+01 1.451112e+01 -1.521310e+00
6.730000e+01 5.909094e+00 4.909094e+00 -1.658703e+00
6.740000e+01 2.607695e+01 2.507695e+01 -2.306244e+00
6.750000e+01 2.368695e+01 2.268695e+01 -3.593664e+00
6.760000e+01 4.327008e+00 3.327008e+00 -4.045054e+00
6.770000e+01 9.818251e+00 8.818251e+00 -3.851773e+00
6.780000e+01 1.378084e+01 1.278084e+01 -4.082480e+00
6.790000e+01 3.068907e+01 2.968907e+01 -5.257960e+00
6.800000e+01 2.325478e+01 2.225478e+01 -6.842600e+00
6.810000e+01 1.626755e+01 1.526755e+01 -7.819289e+00
6.820000e+01 6.189510e+00 5.189510e+00 -7.933801e+00
6.830000e+01 0.000000e+00 -1.000000e+00 -7.339821e+00
6.840000e+01 9.164232e+00 8.164232e+00 -6.791231e+00
6.850000e+01 3.379105e+00 2.379105e+00 -6.397550e+00
6.860000e+01 7.456663e+00 6.456663e+00 -5.930919e+00
6.870000e+01 0.000000e+00 -1.000000e+00 -5.322000e+00
6.880000e+01 8.041862e+00 7.041862e+00 -4.733965e+00
6.890000e+01 1.958138e+00 9.581378e-01 -4.190834e+00
6.900000e+01 2.464630e+00 1.464630e+00 -3.483692e+00
6.910000e+01 1.183471e+01 1.083471e+01 -3.265730e+00
6.920000e+01 2.548008e+01 2.448008e+01 -4.000148e+00
6.930000e+01 6.837388e+00 5.837388e+00 -4.533220e+00
6.940000e+01 3.383188e+00 2.383188e+00 -4.172818e+00
6.950000e+01 9.915137e+00 8.915137e+00 -3.840022e+00
6.960000e+01 9.174356e+00 8.174356e+00 -3.761198e+00
6.970000e+01 8.015699e+00 7.015699e+00 -3.601727e+00
6.980000e+01 2.894809e+00 1.894809e+00 -3.161314e+00
6.990000e+01 5.866614e+00 4.866614e+00 -2.672575e+00
7.000000e+01 1.536710e+01 1.436710e+01 -2.687227e+00
7.010000e+01 8.766282e+00 7.766282e+00 -2.836584e+00
7.020000e+01 6.553389e+00 5.553389e+00 -2.666452e+00
7.030000e+01 1.267757e+01 1.167757e+01 -2.654316e+00
7.040000e+01 1.661914e+01 1.561914e+01 -3.070591e+00
7.050000e+01 1.157738e+01 1.057738e+01 -3.417084e+00
7.060000e+01 2.572524e+00 1.572524e+00 -3.179312e+00
7.070000e+01 8.343997e+00 7.343997e+00 -2.758990e+00
7.080000e+01 7.179671e+00 6.179671e+00 -2.515222e+00
7.090000e+01 9.118451e+00 8.118451e+00 -2.319792e+00
7.100000e+01 5.943202e+00 4.943202e+00 -2.130412e+00
7.110000e+01 2.216655e+01 2.116655e+01 -2.626669e+00
7.120000e+01 3.476711e+01 3.376711e+01 -4.272963e+00
7.130000e+01 1.043495e+01 9.434952e+00 -5.487207e+00
7.140000e+01 1.165019e+01 1.065019e+01 -5.716387e+00
7.150000e+01 1.304002e+01 1.204002e+01 -5.954094e+00
7.160000e+01 1.657709e+01 1.557709e+01 -6.401950e+00
7.170000e+01 1.133256e+01 1.033256e+01 -6.817090e+00
7.180000e+01 1.808286e+01 1.708286e+01 -7.268569e+00
7.190000e+01 8.239610e+00 7.239610e+00 -7.527674e+00
7.200000e+01 3.123729e+00 2.123729e+00 -7.127260e+00
7.210000e+01 2.552218e-01 -7.447782e-01 -6.365950e+00
7.220000e+01 9.744778e+00 8.744778e+00 -5.857942e+00
7.230000e+01 7.534345e+00 6.534345e+00 -5.749122e+00
7.240000e+01 2.035278e+01 1.935278e+01 -6.074134e+00
7.250000e+01 6.834813e+00 5.834813e+00 -6.549781e+00
7.260000e+01 4.240902e+01 4.140902e+01 -7.990139e+00
7.270000e+01 2.200369e+01 2.100369e+01 -9.992055e+00
7.280000e+01 1.468039e+01 1.368039e+01 -1.094649e+01
7.290000e+01 1.378426e+01 1.278426e+01 -1.134578e+01
7.300000e+01 5.366084e+00 4.366084e+00 -1.132124e+01
7.310000e+01 7.034612e+00 6.034612e+00 -1.096139e+01
7.320000e+01 4.432991e+00 3.432991e+00 -1.058004e+01
7.330000e+01 1.556701e+01 1.456701e+01 -1.056430e+01
7.340000e+01 8.755766e+00 7.755766e+00 -1.069952e+01
7.350000e+01 4.387998e+00 3.387998e+00 -1.043132e+01
7.360000e+01 1.123841e+01 1.023841e+01 -1.020331e+01
7.370000e+01 5.617821e+00 4.617821e+00 -9.987109e+00
7.380000e+01 0.000000e+00 -1.000000e+00 -9.292792e+00
7.390000e+01 0.000000e+00 -1.000000e+00 -8.361982e+00
7.400000e+01 8.463304e+00 7.463304e+00 -7.754841e+00
7.410000e+01 3.984463e+00 2.984463e+00 -7.395529e+00
7.420000e+01 1.496528e+01 1.396528e+01 -7.308953e+00
7.430000e+01 2.586949e+00 1.586949e+00 -7.134232e+00
7.440000e+01 3.968764e+00 2.968764e+00 -6.542322e+00
7.450000e+01 6.031236e+00 5.031236e+00 -5.996916e+00
7.460000e+01 0.000000e+00 -1.000000e+00 -5.294417e+00
7.470000e+01 0.000000e+00 -1.000000e+00 -4.319343e+00
7.480000e+01 1.210910e+00 2.109104e-01 -3.463933e+00
7.490000e+01 1.764964e+01 1.664964e+01 -3.324834e+00
7.500000e+01 1.139449e+00 1.394492e-01 -3.176207e+00
7.510000e+01 2.052028e+00 1.052028e+00 -2.548560e+00
7.520000e+01 2.666179e+01 2.566179e+01 -2.901179e+00
7.530000e+01 1.128618e+01 1.028618e+01 -3.638732e+00
7.540000e+01 3.930434e+00 2.930434e+00 -3.551097e+00
7.550000e+01 1.606957e+01 1.506957e+01 -3.513363e+00
7.560000e+01 4.169384e+00 3.169384e+00 -3.514450e+00
7.570000e+01 1.334429e+01 1.234429e+01 -3.404597e+00
7.580000e+01 2.486327e+00 1.486327e+00 -3.123674e+00
7.590000e+01 0.000000e+00 -1.000000e+00 -2.385711e+00
7.600000e+01 1.525625e+01 1.425625e+01 -2.104714e+00
7.610000e+01 4.743753e+00 3.743753e+00 -2.017291e+00
7.620000e+01 3.018249e+00 2.018249e+00 -1.518486e+00
7.630000e+01 1.349951e+01 1.249951e+01 -1.300392e+00
7.640000e+01 4.346747e+00 3.346747e+00 -1.162728e+00
7.650000e+01 9.135499e+00 8.135499e+00 -9.180269e-01
7.660000e+01 1.572222e+01 1.472222e+01 -1.138856e+00
7.670000e+01 1.768790e+01 1.668790e+01 -1.795902e+00
7.680000e+01 1.985539e+01 1.885539e+01 -2.637662e+00
7.690000e+01 1.452609e+01 1.352609e+01 -3.337945e+00
7.700000e+01 1.095893e+01 9.958926e+00 -3.593701e+00
7.710000e+01 4.784461e+00 3.784461e+00 -3.510480e+00
7.720000e+01 2.529322e+01 2.429322e+01 -3.917913e+00
7.730000e+01 2.180577e+00 1.180577e+00 -4.307607e+00
7.740000e+01 2.484187e+01 2.384187e+01 -4.685688e+00
7.750000e+01 4.149341e+00 3.149341e+00 -4.986739e+00
7.760000e+01 9.668508e-01 -3.314921e-02 -4.430352e+00
7.770000e+01 1.477420e+01 1.377420e+01 -4.183687e+00
7.780000e+01 8.520353e+00 7.520353e+00 -4.306692e+00
7.790000e+01 1.196319e+01 1.096319e+01 -4.323911e+00
7.800000e+01 3.775407e+00 2.775407e+00 -4.118519e+00
7.810000e+01 1.050754e+01 9.507538e+00 -3.922583e+00
7.820000e+01 2.033295e+01 1.933295e+01 -4.423659e+00
7.830000e+01 1.915951e+01 1.815951e+01 -5.332197e+00
7.840000e+01 1.392825e+01 1.292825e+01 -5.960997e+00
7.850000e+01 6.071746e+00 5.071746e+00 -5.965742e+00
7.860000e+01 3.560191e+00 2.560191e+00 -5.544397e+00
7.870000e+01 1.527883e+01 1.427883e+01 -5.457513e+00
7.880000e+01 7.404922e+00 6.404922e+00 -5.519276e+00
7.890000e+01 3.756055e+00 2.756055e+00 -5.116317e+00
7.900000e+01 4.316404e+00 3.316404e+00 -4.588138e+00
7.910000e+01 1.409822e+01 1.309822e+01 -4.438219e+00
7.920000e+01 1.585376e+00 5.853765e-01 -4.238241e+00
7.930000e+01 1.384818e+01 1.284818e+01 -4.038228e+00
7.940000e+01 6.151816e+00 5.151816e+00 -3.973519e+00
7.950000e+01 7.199003e+00 6.199003e+00 -3.721611e+00
7.960000e+01 1.496987e+01 1.396987e+01 -3.834001e+00
7.970000e+01 1.666205e+01 1.566205e+01 -4.306054e+00
7.980000e+01 1.169073e+00 1.690731e-01 -4.185786e+00
7.990000e+01 0.000000e+00 -1.000000e+00 -3.332873e+00
8.000000e+01 3.595446e+00 2.595446e+00 -2.555054e+00
8.010000e+01 1.281435e+01 1.181435e+01 -2.367116e+00
8.020000e+01 1.457709e+01 1.357709e+01 -2.696279e+00
8.030000e+01 1.429732e+01 1.329732e+01 -3.093152e+00
8.040000e+01 6.295929e+00 5.295929e+00 -3.169167e+00
8.050000e+01 1.613254e+01 1.513254e+01 -3.340193e+00
8.060000e+01 1.728256e+01 1.628256e+01 -3.923079e+00
8.070000e+01 1.121906e+01 1.021906e+01 -4.409587e+00
8.080000e+01 2.299247e+01 2.199247e+01 -5.095678e+00
8.090000e+01 1.079324e+01 9.793239e+00 -5.668425e+00
8.100000e+01 0.000000e+00 -1.000000e+00 -5.318149e+00
8.110000e+01 9.186215e+00 8.186215e+00 -4.828711e+00
8.120000e+01 1.081378e+01 9.813785e+00 -4.780128e+00
8.130000e+01 9.421724e+00 8.421724e+00 -4.747381e+00
8.140000e+01 2.123293e+00 1.123293e+00 -4.385356e+00
8.150000e+01 1.275587e+01 1.175587e+01 -4.132458e+00
8.160000e+01 5.699110e+00 4.699110e+00 -3.972897e+00
8.170000e+01 0.000000e+00 -1.000000e+00 -3.303742e+00
8.180000e+01 1.987844e+00 9.878442e-01 -2.458800e+00
8.190000e+01 8.012156e+00 7.012156e+00 -1.909031e+00
8.200000e+01 0.000000e+00 -1.000000e+00 -1.284690e+00
8.210000e+01 1.221342e+00 2.213418e-01 -4.286420e-01
8.220000e+01 1.078818e+01 9.788179e+00 -5.014332e-02
8.230000e+01 1.576714e+01 1.476714e+01 -2.853664e-01
8.240000e+01 8.217120e+00 7.217120e+00 -5.597371e-01
8.250000e+01 2.604553e+01 2.504553e+01 -1.229190e+00
8.260000e+01 9.931758e+00 8.931758e+00 -1.973970e+00
8.270000e+01 1.752597e+01 1.652597e+01 -2.430071e+00
8.280000e+01 1.551071e+01 1.451071e+01 -2.983478e+00
8.290000e+01 4.992251e+00 3.992251e+00 -3.025699e+00
8.300000e+01 5.209855e+00 4.209855e+00 -2.584185e+00
8.310000e+01 4.790145e+00 3.790145e+00 -2.069275e+00
8.320000e+01 4.352235e+00 3.352235e+00 -1.592123e+00
8.330000e+01 1.564777e+01 1.464777e+01 -1.528764e+00
8.340000e+01 3.612455e+00 2.612455e+00 -1.495127e+00
8.350000e+01 1.501980e+01 1.401980e+01 -1.471750e+00
8.360000e+01 1.209478e+01 1.109478e+01 -1.806245e+00
8.370000e+01 1.988668e+01 1.888668e+01 -2.383911e+00
8.380000e+01 1.063795e+01 9.637951e+00 -2.867851e+00
8.390000e+01 1.176813e+01 1.076813e+01 -3.086939e+00
8.400000e+01 2.061817e+01 1.961817e+01 -3.635272e+00
8.410000e+01 8.263713e+00 7.263713e+00 -4.045444e+00
8.420000e+01 1.091855e+01 9.918546e+00 -4.118983e+00
8.430000e+01 2.026713e+01 1.926713e+01 -4.616911e+00
8.440000e+01 1.318943e+01 1.218943e+01 -5.306468e+00
8.450000e+01 2.372321e+01 2.272321e+01 -6.110924e+00
8.460000e+01 7.167487e+00 6.167487e+00 -6.580948e+00
8.470000e+01 2.832513e+00 1.832513e+00 -6.151721e+00
8.480000e+01 0.000000e+00 -1.000000e+00 -5.330584e+00
8.490000e+01 5.640795e+00 4.640795e+00 -4.635657e+00
8.500000e+01 7.190089e+00 6.190089e+00 -4.251300e+00
8.510000e+01 9.081811e+00 8.081811e+00 -4.122268e+00
8.520000e+01 2.209648e+01 2.109648e+01 -4.674014e+00
8.530000e+01 2.087842e+01 1.987842e+01 -5.681537e+00
8.540000e+01 5.112407e+00 4.112407e+00 -6.020281e+00
8.550000e+01 1.076604e+01 9.766042e+00 -5.884438e+00
8.560000e+01 9.233958e+00 8.233958e+00 -5.808110e+00
8.570000e+01 0.000000e+00 -1.000000e+00 -5.272588e+00
8.580000e+01 0.000000e+00 -1.000000e+00 -4.399401e+00
8.590000e+01 1.626540e+01 1.526540e+01 -4.150537e+00
8.600000e+01 3.734597e+00 2.734597e+00 -4.057153e+00
8.610000e+01 1.469468e+00 4.694679e-01 -3.433633e+00
8.620000e+01 1.194323e+01 1.094323e+01 -3.138176e+00
8.630000e+01 1.838134e+01 1.738134e+01 -3.609555e+00
8.640000e+01 1.990065e+01 1.890065e+01 -4.527632e+00
8.650000e+01 2.603776e+01 2.503776e+01 -5.795460e+00
8.660000e+01 2.032771e+01 1.932771e+01 -7.059099e+00
8.670000e+01 1.624481e+01 1.524481e+01 -7.954748e+00
8.680000e+01 2.245350e+01 2.145350e+01 -8.856236e+00
8.690000e+01 1.324154e+01 1.224154e+01 -9.650532e+00
8.700000e+01 2.075526e+01 1.975526e+01 -1.035387e+01
8.710000e+01 1.124493e+01 1.024493e+01 -1.090223e+01
8.720000e+01 1.006808e+01 9.068082e+00 -1.104983e+01
8.730000e+01 1.510378e+01 1.410378e+01 -1.124704e+01
8.740000e+01 2.827947e+00 1.827947e+00 -1.114487e+01
8.750000e+01 8.990766e+00 7.990766e+00 -1.084766e+01
8.760000e+01 1.889935e+01 1.789935e+01 -1.118930e+01
8.770000e+01 1.580562e+01 1.480562e+01 -1.187877e+01
8.780000e+01 1.374230e+01 1.274230e+01 -1.231668e+01
8.790000e+01 3.492587e+00 2.492587e+00 -1.225737e+01
8.800000e+01 1.734919e+01 1.634919e+01 -1.230830e+01
8.810000e+01 8.574337e+00 7.574337e+00 -1.250763e+01
8.820000e+01 3.145852e+00 2.145852e+00 -1.212872e+01
8.830000e+01 0.000000e+00 -1.000000e+00 -1.130664e+01
8.840000e+01 0.000000e+00 -1.000000e+00 -1.031803e+01
8.850000e+01 0.000000e+00 -1.000000e+00 -9.348628e+00
8.860000e+01 6.331004e+00 5.331004e+00 -8.653411e+00
8.870000e+01 4.256596e+00 3.256596e+00 -8.176360e+00
8.880000e+01 9.412400e+00 8.412400e+00 -7.876538e+00
8.890000e+01 1.005042e+01 9.050424e+00 -7.820518e+00
8.900000e+01 9.949576e+00 8.949576e+00 -7.851904e+00
8.910000e+01 1.798579e+01 1.698579e+01 -8.321456e+00
8.920000e+01 3.226228e+01 3.126228e+01 -9.742958e+00
8.930000e+01 1.975194e+01 1.875194e+01 -1.118477e+01
8.940000e+01 0.000000e+00 -1.000000e+00 -1.123006e+01
8.950000e+01 0.000000e+00 -1.000000e+00 -1.040103e+01
8.960000e+01 1.604890e+01 1.504890e+01 -1.014032e+01
8.970000e+01 3.951100e+00 2.951100e+00 -1.004339e+01
8.980000e+01 0.000000e+00 -1.000000e+00 -9.310381e+00
8.990000e+01 0.000000e+00 -1.000000e+00 -8.310596e+00
9.000000e+01 0.000000e+00 -1.000000e+00 -7.413333e+00
9.010000e+01 2.016391e+01 1.916391e+01 -7.373948e+00
9.020000e+01 9.836086e+00 8.836086e+00 -7.747823e+00
9.030000e+01 4.277868e+00 3.277868e+00 -7.523399e+00
9.040000e+01 5.722132e+00 4.722132e+00 -7.013075e+00
9.050000e+01 0.000000e+00 -1.000000e+00 -6.314547e+00
9.060000e+01 4.890359e+00 3.890359e+00 -5.591010e+00
9.070000e+01 5.109641e+00 4.109641e+00 -5.050131e+00
9.080000e+01 3.121442e+00 2.121442e+00 -4.499369e+00
9.090000e+01 9.724469e+00 8.724469e+00 -4.132983e+00
9.100000e+01 7.682617e+00 6.682617e+00 -4.036636e+00
9.110000e+01 2.058743e+01 1.958743e+01 -4.436135e+00
9.120000e+01 1.507385e+01 1.407385e+01 -5.144090e+00
9.130000e+01 1.182520e+01 1.082520e+01 -5.486506e+00
9.140000e+01 5.702982e+00 4.702982e+00 -5.423678e+00
9.150000e+01 1.459945e+01 1.359945e+01 -5.411562e+00
9.160000e+01 3.560641e+00 2.560641e+00 -5.299275e+00
9.170000e+01 8.121932e+00 7.121932e+00 -4.902838e+00
9.180000e+01 0.000000e+00 -1.000000e+00 -4.279929e+00
9.190000e+01 0.000000e+00 -1.000000e+00 -3.323337e+00
9.200000e+01 0.000000e+00 -1.000000e+00 -2.319198e+00
9.210000e+01 0.000000e+00 -1.000000e+00 -1.316430e+00
9.220000e+01 0.000000e+00 -1.000000e+00 -3.556920e-01
9.230000e+01 7.680910e+00 6.680910e+00 2.768806e-01
9.240000e+01 5.380428e+00 4.380428e+00 6.059041e-01
9.250000e+01 1.625042e+01 1.525042e+01 5.420543e-01
9.260000e+01 9.018931e+00 8.018931e+00 3.530636e-01
9.270000e+01 5.324269e+00 4.324269e+00 5.866715e-01
9.280000e+01 6.345046e+00 5.345046e+00 1.021356e+00
9.290000e+01 0.000000e+00 -1.000000e+00 1.709291e+00
9.300000e+01 0.000000e+00 -1.000000e+00 2.678602e+00
9.310000e+01 0.000000e+00 -1.000000e+00 3.656489e+00
9.320000e+01 7.199462e+00 6.199462e+00 4.213835e+00
9.330000e+01 2.251836e+01 2.151836e+01 3.824612e+00
9.340000e+01 1.128071e+01 1.028071e+01 3.139499e+00
9.350000e+01 2.434335e+01 2.334335e+01 2.337049e+00
9.360000e+01 1.465811e+01 1.365811e+01 1.529532e+00
9.370000e+01 0.000000e+00 -1.000000e+00 1.726900e+00
9.380000e+01 3.992131e+00 2.992131e+00 2.400947e+00
9.390000e+01 1.748786e+01 1.648786e+01 2.330737e+00
9.400000e+01 2.127634e+01 2.027634e+01 1.460673e+00
9.410000e+01 2.056119e+01 1.956119e+01 3.894682e-01
9.420000e+01 1.668247e+01 1.568247e+01 -3.917936e-01
9.430000e+01 1.168286e+00 1.682858e-01 -3.771648e-01
9.440000e+01 1.494825e+01 1.394825e+01 -1.967273e-01
9.450000e+01 3.883469e+00 2.883469e+00 -1.243523e-01
9.460000e+01 1.632663e+01 1.532663e+01 -2.006383e-01
9.470000e+01 1.673110e+01 1.573110e+01 -7.667630e-01
9.480000e+01 1.240918e+01 1.140918e+01 -1.195475e+00
9.490000e+01 4.533099e+00 3.533099e+00 -1.036117e+00
9.500000e+01 2.196218e-01 -7.803782e-01 -3.546645e-01
9.510000e+01 9.780378e+00 8.780378e+00 1.066314e-01
9.520000e+01 1.338159e+01 1.238159e+01 3.191516e-02
9.530000e+01 6.618410e+00 5.618410e+00 1.218960e-02
9.540000e+01 1.314718e+01 1.214718e+01 1.336986e-03
9.550000e+01 1.093678e+01 9.936783e+00 -1.758330e-01
9.560000e+01 1.312787e+01 1.212787e+01 -4.087809e-01
9.570000e+01 1.521046e+01 1.421046e+01 -7.730446e-01
9.580000e+01 7.577707e+00 6.577707e+00 -9.213899e-01
9.590000e+01 1.057989e+01 9.579890e+00 -8.564494e-01
9.600000e+01 9.964343e+00 8.964343e+00 -9.323689e-01
9.610000e+01 2.303402e+01 2.203402e+01 -1.541337e+00
9.620000e+01 1.239909e+01 1.139909e+01 -2.204494e+00
9.630000e+01 4.022663e+00 3.022663e+00 -2.106262e+00
9.640000e+01 7.782777e+00 6.782777e+00 -1.700185e+00
9.650000e+01 2.563427e+00 1.563427e+00 -1.235709e+00
9.660000e+01 9.653795e+00 8.653795e+00 -8.295793e-01
9.670000e+01 0.000000e+00 -1.000000e+00 -2.658388e-01
9.680000e+01 0.000000e+00 -1.000000e+00 5.936542e-01
9.690000e+01 1.812867e+01 1.712867e+01 7.174936e-01
9.700000e+01 1.187133e+01 1.087133e+01 3.629880e-01
9.710000e+01 0.000000e+00 -1.000000e+00 7.102074e-01
9.720000e+01 4.545587e+00 3.545587e+00 1.423427e+00
9.730000e+01 5.454413e+00 4.454413e+00 1.976036e+00
9.740000e+01 0.000000e+00 -1.000000e+00 2.704493e+00
9.750000e+01 0.000000e+00 -1.000000e+00 3.679332e+00
9.760000e+01 0.000000e+00 -1.000000e+00 4.664577e+00
9.770000e+01 4.410373e+00 3.410373e+00 5.407293e+00
9.780000e+01 1.108580e+01 1.008580e+01 5.689068e+00
9.790000e+01 4.503826e+00 3.503826e+00 5.892805e+00
9.800000e+01 1.565836e+01 1.465836e+01 5.798719e+00
9.810000e+01 2.397159e+01 2.297159e+01 4.989203e+00
9.820000e+01 3.700497e-01 -6.299503e-01 4.798585e+00
9.830000e+01 3.395726e+00 2.395726e+00 5.425339e+00
9.840000e+01 1.660427e+01 1.560427e+01 5.502760e+00
9.850000e+01 5.638598e+00 4.638598e+00 5.449024e+00
9.860000e+01 8.325907e+00 7.325907e+00 5.573889e+00
9.870000e+01 3.230132e+01 3.130132e+01 4.603466e+00
9.880000e+01 2.192213e+01 2.092213e+01 3.101030e+00
9.890000e+01 1.812044e+00 8.120437e-01 2.861739e+00
9.900000e+01 1.594281e+00 5.942811e-01 3.525392e+00
9.910000e+01 1.759151e+01 1.659151e+01 3.564242e+00
9.920000e+01 1.854106e+01 1.754106e+01 2.872534e+00
9.930000e+01 9.876937e+00 8.876937e+00 2.484148e+00
9.940000e+01 2.396215e+00 1.396215e+00 2.841680e+00
9.950000e+01 0.000000e+00 -1.000000e+00 3.689027e+00
9.960000e+01 0.000000e+00 -1.000000e+00 4.680381e+00
9.970000e+01 0.000000e+00 -1.000000e+00 5.672447e+00
9.980000e+01 2.377122e+00 1.377122e+00 6.525107e+00
9.990000e+01 7.622878e+00 6.622878e+00 7.072314e+00
1.000000e+02 0.000000e+00 -1.000000e+00 7.714279e+00
