37.0085
80.4616
25.9952
45.1146
27.7606
83.1835
88.3391
32.2048
83.5331
29.5256
55.0751
17.6114
48.074
81.151
41.1129
37.2907
74.549
83.7974
53.1934
13.8889
36.6174
90.6912
49.3069
36.015
98.4281
17.7546
75.6876
97.0703
58.4636
77.3978
16.2219
70.565
88.0857
60.1632
19.9998
87.0017
12.9097
90.6965
53.5871
30.3791
92.7465
46.7567
33.931
76.5708
16.5962
40.455
45.2017
94.9365
15.2879
37.5261
36.6592
83.8356
65.5707
31.5665
2.22426
40.1341
59.8665
7.35008
56.3519
17.8646
92.8576
87.4834
21.2741
41.5109
2.16552
49.2132
12.9004
53.8897
4.0173
58.4609
48.3596
41.4144
41.8108
12.8384
70.2353
85.2936
37.4332
54.5676
0.242131
44.3403
51.2882
28.6092
16.9451
36.9985
70.905
80.1823
44.6947
0.451822
23.0377
96.2377
57.1248
67.302
23.1293
26.5375
64.1005
22.9554
42.2298
79.0271
69.5576
34.3492
