0 14.7758 13.7758 -13.232
0.1 1.85239 0.852391 -13.1582
0.2 22.1266 21.1266 -13.3938
0.3 14.9031 13.9031 -14.074
0.4 1.50662 0.506622 -13.9373
0.5 0 -1 -13.0615
0.6 0 -1 -12.1431
0.7 15.143 14.143 -11.8524
0.8 4.857 3.857 -11.7554
0.9 0 -1 -11.0556
1 0 -1 -10.0717
1.1 0 -1 -9.07269
1.2 0 -1 -8.06856
1.3 0 -1 -7.10695
1.4 7.58909 6.58909 -6.46392
1.5 2.41091 1.41091 -5.91836
1.6 2.42698 1.42698 -5.26828
1.7 17.8944 16.8944 -5.24565
1.8 11.3466 10.3466 -5.66943
1.9 18.9736 17.9736 -6.23191
2 19.7979 18.7979 -7.08345
2.1 9.56054 8.56054 -7.50422
2.2 0 -1 -7.06555
2.3 8.13766 7.13766 -6.5403
2.4 11.8623 10.8623 -6.43821
2.5 1.17385 0.173848 -6.1384
2.6 13.1856 12.1856 -5.88499
2.7 8.90968 7.90968 -5.94546
2.8 12.1323 11.1323 -5.99635
2.9 6.49817 5.49817 -5.9194
3 8.10036 7.10036 -5.64092
3.1 0 -1 -5.03296
3.2 0 -1 -4.08716
3.3 2.80019 1.80019 -3.23905
3.4 7.19981 6.19981 -2.79045
3.5 22.3748 21.3748 -3.35907
3.6 45.3212 44.3212 -5.65231
3.7 38.3795 37.3795 -8.59498
3.8 9.66869 8.66869 -10.0149
3.9 4.25588 3.25588 -9.8583
4 8.85684 7.85684 -9.59391
4.1 20.2785 19.2785 -9.9322
4.2 0.864692 -0.135308 -9.96105
4.3 6.07676 5.07676 -9.3999
4.4 3.92324 2.92324 -8.84185
4.5 0 -1 -8.08618
4.6 7.50377 6.50377 -7.53767
4.7 20.7736 19.7736 -7.93005
4.8 21.7226 20.7226 -8.88838
4.9 0 -1 -8.97406
5 0.20869 -0.79131 -8.13179
5.1 10.2775 9.27748 -7.68009
5.2 15.6321 14.6321 -7.86372
5.3 3.92182 2.92182 -7.8865
5.4 16.2014 15.2014 -7.90661
5.5 9.97803 8.97803 -8.27484
5.6 33.679 32.679 -9.38664
5.7 10.1014 9.1014 -10.4036
5.8 0 -1 -10.069
5.9 7.59488 6.59488 -9.52163
6 15.0655 14.0655 -9.59776
6.1 12.8396 11.8396 -10.0742
6.2 37.7499 36.7499 -11.647
6.3 40.388 39.388 -14.2658
6.4 6.36208 5.36208 -15.6052
6.5 7.34412 6.34412 -15.4808
6.6 12.6559 11.6559 -15.4426
6.7 9.00654 8.00654 -15.5048
6.8 8.45614 7.45614 -15.3666
6.9 2.53732 1.53732 -14.9409
7 8.40363 7.40363 -14.5572
7.1 16.2948 15.2948 -14.752
7.2 15.3015 14.3015 -15.3172
7.3 17.6727 16.6727 -15.8956
7.4 2.32728 1.32728 -15.9181
7.5 9.86626 8.86626 -15.6179
7.6 12.5038 11.5038 -15.6717
7.7 7.62996 6.62996 -15.6444
7.8 3.27301 2.27301 -15.2902
7.9 20.6652 19.6652 -15.5592
8 30.5442 29.5442 -16.9982
8.1 23.7563 22.7563 -18.6679
8.2 19.9808 18.9808 -19.7918
8.3 1.78045 0.78045 -19.9783
8.4 17.6759 16.6759 -19.9672
8.5 2.32407 1.32407 -19.8623
8.6 0 -1 -19.1501
8.7 18.5521 17.5521 -19.0948
8.8 20.1359 19.1359 -19.8502
8.9 1.31207 0.312073 -19.9359
9 5.44514 4.44514 -19.4306
9.1 18.8212 17.8212 -19.5897
9.2 12.6401 11.6401 -20.0566
9.3 3.09356 2.09356 -19.8649
9.4 0 -1 -19.0644
9.5 2.43023 1.43023 -18.2743
9.6 16.6336 15.6336 -18.138
9.7 0.936168 -0.0638322 -17.966
9.8 5.31584 4.31584 -17.3964
9.9 12.1452 11.1452 -17.2263
10 9.96917 8.96917 -17.3119
10.1 10.6566 9.65657 -17.3117
10.2 1.91319 0.913189 -16.9469
10.3 4.35518 3.35518 -16.3096
10.4 5.64482 4.64482 -15.7978
10.5 6.99251 5.99251 -15.4468
10.6 11.4154 10.4154 -15.3688
10.7 13.0888 12.0888 -15.5568
10.8 8.50336 7.50336 -15.587
10.9 0.818529 -0.181471 -15.1213
11 9.18147 8.18147 -14.6163
11.1 1.80043 0.800429 -14.1565
11.2 8.19957 7.19957 -13.6577
11.3 0 -1 -13.0393
11.4 2.41014 1.41014 -12.2335
11.5 7.58986 6.58986 -11.6793
11.6 0 -1 -11.035
11.7 0 -1 -10.1085
11.8 8.68029 7.68029 -9.59213
11.9 18.7116 17.7116 -9.89198
12 14.311 13.311 -10.5547
12.1 24.3972 23.3972 -11.4413
12.2 8.96223 7.96223 -12.0401
12.3 4.93775 3.93775 -11.8009
12.4 2.85443 1.85443 -11.2461
12.5 11.6558 10.6558 -10.9525
12.6 5.48979 4.48979 -10.7862
12.7 11.2247 10.2247 -10.7151
12.8 22.4133 21.4133 -11.3334
12.9 16.3621 15.3621 -12.2239
13 15.6965 14.6965 -12.8369
13.1 13.1946 12.1946 -13.3699
13.2 29.0558 28.0558 -14.3668
13.3 2.05306 1.05306 -14.8379
13.4 2.47782 1.47782 -14.2622
13.5 13.2015 12.2015 -13.9955
13.6 8.88893 7.88893 -14.1459
13.7 25.4317 24.4317 -14.7628
13.8 0 -1 -14.9491
13.9 0 -1 -14.1082
14 5.49361 4.49361 -13.3619
14.1 4.50639 3.50639 -12.882
14.2 15.7822 14.7822 -12.9995
14.3 32.7936 31.7936 -14.2218
14.4 1.42418 0.424178 -14.8482
14.5 0 -1 -14.0793
14.6 0 -1 -13.0684
14.7 0.731234 -0.268766 -12.1602
14.8 12.0764 11.0764 -11.8363
14.9 20.0696 19.0696 -12.3576
15 12.6888 11.6888 -12.9235
15.1 4.43395 3.43395 -12.7965
15.2 0 -1 -12.0548
15.3 0 -1 -11.0691
15.4 0 -1 -10.129
15.5 13.6255 12.6255 -9.83412
15.6 16.3745 15.3745 -10.1821
15.7 0 -1 -10.0456
15.8 9.86412 8.86412 -9.5888
15.9 4.2803 3.2803 -9.25125
16 5.85558 4.85558 -8.76336
16.1 0 -1 -8.04428
16.2 0 -1 -7.07181
16.3 0 -1 -6.11852
16.4 12.1017 11.1017 -5.80271
16.5 27.4629 26.4629 -6.67723
16.6 16.9686 15.9686 -7.76445
16.7 3.46674 2.46674 -7.85025
16.8 5.6122 4.6122 -7.39847
16.9 13.1187 12.1187 -7.31744
17 11.2691 10.2691 -7.44625
17.1 0 -1 -7.0238
17.2 0 -1 -6.09961
17.3 8.90306 7.90306 -5.7181
17.4 42.5777 41.5777 -7.09053
17.5 8.51922 7.51922 -8.43966
17.6 0 -1 -8.08388
17.7 7.09775 6.09775 -7.43613
17.8 2.90225 1.90225 -6.93193
17.9 9.20011 8.20011 -6.59448
18 16.5291 15.5291 -6.83757
18.1 13.7427 12.7427 -7.32071
18.2 16.5337 15.5337 -7.94441
18.3 33.6039 32.6039 -9.3364
18.4 13.6291 12.6291 -10.6248
18.5 13.893 12.893 -11.0493
18.6 2.86828 1.86828 -10.8968
18.7 7.1661 6.1661 -10.4365
18.8 2.8339 1.8339 -9.89307
18.9 0 -1 -9.09511
19 9.03956 8.03956 -8.65213
19.1 28.8331 27.8331 -9.49736
19.2 26.1344 25.1344 -11.0598
19.3 5.99294 4.99294 -11.6555
19.4 0 -1 -11.0797
19.5 6.14577 5.14577 -10.4037
19.6 5.65444 4.65444 -9.98675
19.7 11.5803 10.5803 -9.90924
19.8 22.7167 21.7167 -10.5579
19.9 13.3036 12.3036 -11.237
20 0.5992 -0.4008 -11.0628
20.1 16.4748 15.4748 -10.9644
20.2 17.114 16.114 -11.6533
20.3 33.6796 32.6796 -13.086
20.4 9.58083 8.58083 -14.1311
20.5 3.66931 2.66931 -13.9953
20.6 19.8413 18.8413 -14.192
20.7 19.422 18.422 -15.0099
20.8 7.31113 6.31113 -15.4357
20.9 22.3205 21.3205 -15.9026
21 7.52332 6.52332 -16.2999
21.1 3.06321 2.06321 -15.8858
21.2 0.499032 -0.500968 -15.1743
21.3 18.8852 17.8852 -15.0659
21.4 0.615774 -0.384226 -14.9817
21.5 7.74814 6.74814 -14.5141
21.6 10.2629 9.26288 -14.338
21.7 4.32461 3.32461 -14.0759
21.8 7.66437 6.66437 -13.7428
21.9 16.7754 15.7754 -13.9852
22 24.9284 23.9284 -15.0474
22.1 29.3136 28.3136 -16.7247
22.2 27.8058 26.8058 -18.4794
22.3 10.1164 9.1164 -19.3421
22.4 1.06035 0.0603489 -18.9986
22.5 6.47559 5.47559 -18.5248
22.6 27.8084 26.8084 -19.1063
22.7 5.716 4.716 -19.6527
22.8 0 -1 -19.0759
22.9 4.57914 3.57914 -18.3264
23 5.42086 4.42086 -17.7894
23.1 3.54235 2.54235 -17.295
23.2 14.6786 13.6786 -17.1524
23.3 1.77907 0.779067 -16.9344
23.4 5.69218 4.69218 -16.419
23.5 13.9754 12.9754 -16.3453
23.6 7.10695 6.10695 -16.3407
23.7 4.01875 3.01875 -16.0277
23.8 24.4399 23.4399 -16.4756
23.9 24.7668 23.7668 -17.7285
24 3.38338 2.38338 -18.1658
24.1 6.61662 5.61662 -17.7394
24.2 3.55997 2.55997 -17.3318
24.3 24.1659 23.1659 -17.6546
24.4 7.4077 6.4077 -18.1416
24.5 9.59967 8.59967 -18.0671
24.6 5.26679 4.26679 -17.7606
24.7 0 -1 -17.0541
24.8 0 -1 -16.0633
24.9 0 -1 -15.1694
25 20.9994 19.9994 -15.1802
25.1 13.4499 12.4499 -15.8057
25.2 12.9467 11.9467 -16.1149
25.3 2.60409 1.60409 -15.9556
25.4 15.9893 14.9893 -15.9109
25.5 10.0781 9.07813 -16.1245
25.6 6.45631 5.45631 -15.9961
25.7 7.47623 6.47623 -15.6707
25.8 0 -1 -15.0342
25.9 0.79143 -0.20857 -14.2014
26 18.8973 17.8973 -14.1386
26.1 10.3112 9.31123 -14.5043
26.2 9.25065 8.25065 -14.546
26.3 10.7494 9.74935 -14.4947
26.4 1.56062 0.560623 -14.1543
26.5 11.7138 10.7138 -13.8596
26.6 10.8097 9.80971 -13.9093
26.7 5.91592 4.91592 -13.7759
26.8 12.4953 11.4953 -13.8179
26.9 30.8529 29.8529 -14.8377
27 6.65179 5.65179 -15.5946
27.1 0 -1 -15.0532
27.2 0 -1 -14.0753
27.3 1.80529 0.805287 -13.2244
27.4 14.5826 13.5826 -13.0732
27.5 21.9339 20.9339 -13.794
27.6 11.6782 10.6782 -14.3887
27.7 0 -1 -14.0206
27.8 0 -1 -13.1126
27.9 8.11413 7.11413 -12.4877
28 1.88587 0.885874 -11.9328
28.1 0 -1 -11.1142
28.2 9.49405 8.49405 -10.5459
28.3 1.57329 0.573291 -10.1377
28.4 17.9453 16.9453 -10.1174
28.5 10.3353 9.33531 -10.4541
28.6 10.652 9.65201 -10.5009
28.7 1.37087 0.370866 -10.1356
28.8 10.067 9.06705 -9.75198
28.9 8.56209 7.56209 -9.59343
29 0 -1 -9.04749
29.1 3.19138 2.19138 -8.26726
29.2 6.80862 5.80862 -7.71447
29.3 0 -1 -7.04216
29.4 0 -1 -6.07688
29.5 2.7606 1.7606 -5.32412
29.6 24.0706 23.0706 -5.55395
29.7 3.16878 2.16878 -5.79731
29.8 0 -1 -5.06677
29.9 0 -1 -4.10067
30 7.9802 6.9802 -3.53494
30.1 12.0198 11.0198 -3.41671
30.2 0.379295 -0.620705 -3.20254
30.3 34.4658 33.4658 -3.85754
30.4 5.3528 4.3528 -4.70052
30.5 9.80215 8.80215 -4.60174
30.6 6.28226 5.28226 -4.35272
30.7 3.71774 2.71774 -3.87696
30.8 3.79638 2.79638 -3.27478
30.9 6.20362 5.20362 -2.74272
31 0 -1 -2.08805
31.1 11.6594 10.6594 -1.77356
31.2 24.2732 23.2732 -2.41334
31.3 4.06743 3.06743 -2.76413
31.4 2.33527 1.33527 -2.22338
31.5 9.88037 8.88037 -1.82205
31.6 7.78436 6.78436 -1.68431
31.7 11.7537 10.7537 -1.71385
31.8 18.2463 17.2463 -2.1184
31.9 3.40552 2.40552 -2.18906
32 6.59448 5.59448 -1.76285
32.1 7.92426 6.92426 -1.53164
32.2 21.2232 20.2232 -1.97353
32.3 18.4286 17.4286 -2.86822
32.4 12.4239 11.4239 -3.37699
32.5 2.18144 1.18144 -3.16586
32.6 7.81856 6.81856 -2.67062
32.7 0.111029 -0.888971 -2.08709
32.8 9.88897 8.88897 -1.58002
32.9 0 -1 -1.04265
33 5.40804 4.40804 -0.408018
33.1 12.5455 11.5455 -0.219871
33.2 2.04644 1.04644 0.0619295
33.3 6.55313 5.55313 0.531415
33.4 17.2062 16.2062 0.34154
33.5 22.6461 21.6461 -0.583657
33.6 18.8094 17.8094 -1.62227
33.7 14.7851 13.7851 -2.24969
33.8 0 -1 -2.00684
33.9 0 -1 -1.08613
34 2.67576 1.67576 -0.238894
34.1 7.32424 6.32424 0.265265
34.2 11.9906 10.9906 0.199729
34.3 33.836 32.836 -0.931886
34.4 6.55204 5.55204 -1.89859
34.5 16.0512 15.0512 -2.13366
34.6 9.92665 8.92665 -2.43347
34.7 20.953 19.953 -2.91758
34.8 0.690438 -0.309562 -2.95956
34.9 5.24376 4.24376 -2.36584
35 4.75624 3.75624 -1.80336
35.1 1.35624 0.356236 -1.20737
35.2 17.9708 16.9708 -1.10998
35.3 2.78759 1.78759 -1.09526
35.4 7.88533 6.88533 -0.673055
35.5 0 -1 -0.0301419
35.6 0 -1 0.901229
35.7 4.85768 3.85768 1.66719
35.8 5.20175 4.20175 2.14019
35.9 14.5432 13.5432 2.15295
36 14.7083 13.7083 1.73404
36.1 14.8003 13.8003 1.26205
36.2 13.8573 12.8573 0.811378
36.3 17.0318 16.0318 0.308237
36.4 7.14998 6.14998 0.115825
36.5 8.38343 7.38343 0.236836
36.6 17.856 16.856 0.000638278
36.7 4.711 3.711 -0.0931017
36.8 6.89912 5.89912 0.247104
36.9 9.2044 8.2044 0.451893
37 12.1628 11.1628 0.331917
37.1 24.0172 23.0172 -0.442475
37.2 19.6634 18.6634 -1.55429
37.3 15.677 14.677 -2.31682
37.4 9.27521 8.27521 -2.57752
37.5 8.76425 7.76425 -2.51783
37.6 11.1949 10.1949 -2.55936
37.7 20.5771 19.5771 -3.13376
37.8 18.2066 17.2066 -3.94584
37.9 1.25718 0.257181 -3.93033
38 0 -1 -3.06815
38.1 0 -1 -2.11521
38.2 9.92299 8.92299 -1.61304
38.3 10.077 9.07701 -1.56357
38.4 9.18058 8.18058 -1.49035
38.5 0.819419 -0.180581 -1.00292
38.6 3.5434 2.5434 -0.281555
38.7 6.4566 5.4566 0.273976
38.8 0 -1 0.909619
38.9 9.80598 8.80598 1.4353
39 0.194019 -0.805981 1.98459
39.1 0 -1 2.92928
39.2 0 -1 3.88194
39.3 9.76725 8.76725 4.42881
39.4 3.68955 2.68955 4.73169
39.5 18.2188 17.2188 4.62146
39.6 14.0808 13.0808 4.08968
39.7 11.6414 10.6414 3.8172
39.8 2.60221 1.60221 4.11095
39.9 0 -1 4.9358
40 0 -1 5.92952
40.1 0 -1 6.90963
40.2 4.8006 3.8006 7.63046
40.3 12.8324 11.8324 7.77786
40.4 12.0772 11.0772 7.53136
40.5 20.6174 19.6174 6.88364
40.6 19.3152 18.3152 6.02984
40.7 0.683058 -0.316942 5.93658
40.8 16.6779 15.6779 6.01798
40.9 9.49601 8.49601 5.77037
41 14.5073 13.5073 5.52255
41.1 15.3662 14.3662 5.06187
41.2 13.8162 12.8162 4.63001
41.3 10.7085 9.70852 4.28592
41.4 31.7618 30.7618 3.25035
41.5 10.05 9.05001 2.26927
41.6 10.587 9.587 2.05493
41.7 22.5661 21.5661 1.4999
41.8 4.13729 3.13729 1.24404
41.9 0 -1 1.87568
42 14.6738 13.6738 2.11958
42.1 15.3262 14.3262 1.76969
42.2 0 -1 1.9419
42.3 12.1265 11.1265 2.27548
42.4 7.87352 6.87352 2.38414
42.5 2.44549 1.44549 2.69311
42.6 30.521 29.521 2.13327
42.7 7.03355 6.03355 1.42777
42.8 0 -1 1.94706
42.9 0 -1 2.923
43 2.87896 1.87896 3.69395
43.1 19.7498 18.7498 3.60063
43.2 14.0319 13.0319 3.04296
43.3 3.3394 2.3394 3.13611
43.4 4.37499 3.37499 3.69378
43.5 5.62501 4.62501 4.2305
43.6 0 -1 4.95455
43.7 0 -1 5.88182
43.8 12.7033 11.7033 6.12067
43.9 35.622 34.622 4.93325
44 1.67467 0.674672 4.13925
44.1 9.13369 8.13369 4.41733
44.2 9.71689 8.71689 4.57167
44.3 1.14941 0.149411 5.02658
44.4 0 -1 5.93179
44.5 0 -1 6.92684
44.6 0 -1 7.93256
44.7 0 -1 8.88279
44.8 10.0141 9.01413 9.384
44.9 9.98587 8.98587 9.43147
45 8.99764 7.99764 9.52196
45.1 1.00236 0.00236147 9.97068
45.2 9.98577 8.98577 10.4205
45.3 2.57936 1.57936 10.8151
45.4 7.95849 6.95849 11.2375
45.5 9.47637 8.47637 11.4077
45.6 8.20841 7.20841 11.481
45.7 17.6895 16.6895 11.1845
45.8 15.9372 14.9372 10.5864
45.9 9.49926 8.49926 10.248
46 19.7618 18.7618 9.80361
46.1 8.90387 7.90387 9.46804
46.2 0 -1 9.93569
46.3 6.81822 5.81822 10.5086
46.4 17.6323 16.6323 10.3056
46.5 19.6675 18.6675 9.55332
46.6 5.88203 4.88203 9.31144
46.7 0 -1 9.92985
46.8 5.11489 4.11489 10.6048
46.9 15.352 14.352 10.5871
47 19.1364 18.1364 9.92936
47.1 14.6061 13.6061 9.29446
47.2 5.79064 4.79064 9.27852
47.3 2.20175 1.20175 9.76081
47.4 16.7159 15.7159 9.8753
47.5 1.08239 0.0823924 10.0668
47.6 0 -1 10.8726
47.7 12.3404 11.3404 11.2371
47.8 16.4725 15.4725 10.8799
47.9 11.187 10.187 10.518
48 9.168 8.168 10.5026
48.1 4.26091 3.26091 10.7796
48.2 12.7639 11.7639 10.9338
48.3 7.44461 6.44461 10.9213
48.4 17.7064 16.7064 10.6176
48.5 18.6562 17.6562 9.9452
48.6 1.41914 0.419145 9.8595
48.7 17.6737 16.6737 9.84897
48.8 10.9071 9.90713 9.56363
48.9 0 -1 9.94165
49 6.32295 5.32295 10.5979
49.1 3.67705 2.67705 11.0692
49.2 16.6732 15.6732 11.0334
49.3 16.3276 15.3276 10.4905
49.4 6.99919 5.99919 10.3508
49.5 0 -1 10.9265
49.6 8.46568 7.46568 11.3709
49.7 29.5261 28.5261 10.5321
49.8 24.0924 23.0924 9.02815
49.9 8.84992 7.84992 8.30328
50 16.4142 15.4142 8.02713
50.1 5.11156 4.11156 7.98175
50.2 7.54013 6.54013 8.28374
50.3 8.94772 7.94772 8.4676
50.4 10.6109 9.61092 8.51978
50.5 5.38909 4.38909 8.6996
50.6 12.6387 11.6387 8.71598
50.7 23.6621 22.6621 7.95322
50.8 20.9541 19.9541 6.78224
50.9 16.9619 15.9619 5.94701
51 1.67789 0.677886 5.96324
51.1 9.15771 8.15771 6.32983
51.2 12.7594 11.7594 6.30062
51.3 7.24062 6.24062 6.33027
51.4 5.1008 4.1008 6.63023
51.5 14.8992 13.8992 6.70013
51.6 0 -1 6.94386
51.7 12.1894 11.1894 7.27393
51.8 7.81059 6.81059 7.3576
51.9 7.0094 6.0094 7.49616
52 22.9906 21.9906 7.11367
52.1 0.195802 -0.804198 6.97992
52.2 9.8042 8.8042 7.4083
52.3 0 -1 7.97188
52.4 2.89079 1.89079 8.71007
52.5 13.8583 12.8583 8.94925
52.6 4.40963 3.40963 9.01246
52.7 18.0115 17.0115 8.9003
52.8 6.05211 5.05211 8.77378
52.9 4.7777 3.7777 9.15701
53 7.73464 6.73464 9.50421
53.1 12.2654 11.2654 9.55509
53.2 6.9957 5.9957 9.52051
53.3 22.9619 21.9619 9.11825
53.4 0.653765 -0.346235 8.87616
53.5 28.8881 27.8881 8.33714
53.6 17.1472 16.1472 7.19613
53.7 15.5487 14.5487 6.47894
53.8 15.5927 14.5927 5.99255
53.9 2.2119 1.2119 6.07403
54 8.09172 7.09172 6.4708
54.1 11.9083 10.9083 6.56508
54.2 0 -1 6.95839
54.3 5.29881 4.29881 7.63733
54.4 4.70119 3.70119 8.16287
54.5 7.31099 6.31099 8.48437
54.6 22.0236 21.0236 8.04167
54.7 18.4536 17.4536 7.15072
54.8 6.68876 5.68876 6.8197
54.9 15.523 14.523 6.73034
55 0 -1 7.00252
55.1 0 -1 7.92028
55.2 0 -1 8.92294
55.3 3.14439 2.14439 9.688
55.4 17.67 16.67 9.69023
55.5 13.7248 12.7248 9.12572
55.6 25.4608 24.4608 8.21542
55.7 9.36061 8.36061 7.54292
55.8 10.4183 9.41833 7.3642
55.9 29.2126 28.2126 6.53356
56 1.00842 0.00841618 6.11798
56.1 0 -1 6.89127
56.2 6.43574 5.43574 7.59173
56.3 3.56426 2.56426 8.13135
56.4 2.29559 1.29559 8.75694
56.5 15.8606 14.8606 8.85868
56.6 11.8438 10.8438 8.58379
56.7 3.66746 2.66746 8.73308
56.8 14.2158 13.2158 8.78482
56.9 17.4079 16.4079 8.2895
57 10.3414 9.34144 7.93901
57.1 4.36733 3.36733 8.18089
57.2 2.78944 1.78944 8.75916
57.3 10.4507 9.45069 9.10636
57.4 6.75987 5.75987 9.31544
57.5 0 -1 9.9588
57.6 0 -1 10.8904
57.7 8.54017 7.54017 11.446
57.8 11.4598 10.4598 11.5429
57.9 0 -1 11.9676
58 3.80071 2.80071 12.6581
58.1 17.0655 16.0655 12.6392
58.2 15.9922 14.9922 12.092
58.3 7.27504 6.27504 11.8891
58.4 13.5807 12.5807 11.8051
58.5 12.2859 11.2859 11.6093
58.6 0 -1 11.9496
58.7 7.04147 6.04147 12.5445
58.8 6.75755 5.75755 12.854
58.9 15.1699 14.1699 12.7638
59 11.0311 10.0311 12.5505
59.1 1.75373 0.753727 12.8129
59.2 15.36 14.36 12.9797
59.3 2.88632 1.88632 13.1113
59.4 7.55793 6.55793 13.5392
59.5 4.47549 3.47549 13.9472
59.6 7.96658 6.96658 14.3448
59.7 0 -1 14.9648
59.8 0 -1 15.9224
59.9 2.35163 1.35163 16.7036
60 23.8187 22.8187 16.4349
60.1 16.7225 15.7225 15.5509
60.2 9.01372 8.01372 15.2031
60.3 12.4746 11.4746 15.0838
60.4 15.6188 14.6188 14.6964
60.5 14.8448 13.8448 14.2323
60.6 5.15524 4.15524 14.2513
60.7 0 -1 14.9372
60.8 3.80685 2.80685 15.6608
60.9 15.499 14.499 15.7918
61 0.694188 -0.305812 15.9894
61.1 10.6596 9.65964 16.3365
61.2 12.1425 11.1425 16.2639
61.3 9.95671 8.95671 16.1674
61.4 7.24119 6.24119 16.3385
61.5 0 -1 16.9019
61.6 13.635 12.635 17.1645
61.7 16.365 15.365 16.7795
61.8 10.5794 9.57937 16.2963
61.9 36.3011 35.3011 15.0884
62 3.1195 2.1195 14.2269
62.1 6.39915 5.39915 14.5931
62.2 3.60085 2.60085 15.079
62.3 15.8942 14.8942 15.008
62.4 28.9335 27.9335 13.9458
62.5 5.17233 4.17233 13.2928
62.6 6.66416 5.66416 13.5479
62.7 13.0092 12.0092 13.6061
62.8 9.34724 8.34724 13.4765
62.9 16.2792 15.2792 13.2289
63 4.70026 3.70026 13.2429
63.1 0 -1 13.8887
63.2 13.1399 12.1399 14.1883
63.3 16.8601 15.8601 13.8374
63.4 0 -1 13.9768
63.5 6.24945 5.24945 14.5573
63.6 12.7769 11.7769 14.5888
63.7 23.4731 22.4731 13.8241
63.8 20.3979 19.3979 12.6325
63.9 28.5446 27.5446 11.2612
64 8.55816 7.55816 10.4484
64.1 9.71321 8.71321 10.3904
64.2 17.3087 16.3087 10.1088
64.3 6.55508 5.55508 9.9451
64.4 7.35266 6.35266 10.1875
64.5 9.20691 8.20691 10.3621
64.6 9.8634 8.8634 10.4626
64.7 0 -1 10.9382
64.8 10.9774 9.97745 11.1829
64.9 40.3079 39.3079 9.83035
65 8.71462 7.71462 8.52316
65.1 6.45408 5.45408 8.61699
65.2 3.54592 2.54592 9.09276
65.3 9.73977 8.73977 9.42536
65.4 6.52303 5.52303 9.65521
65.5 3.7372 2.7372 10.1484
65.6 0 -1 10.8715
65.7 15.9589 14.9589 11.0835
65.8 10.0985 9.09852 10.8452
65.9 14.9158 13.9158 10.4861
66 28.1958 27.1958 9.43852
66.1 10.8309 9.83094 8.59979
66.2 0 -1 8.97049
66.3 0 -1 9.89751
66.4 7.66218 6.66218 10.4537
66.5 19.7826 18.7826 10.1533
66.6 13.1369 12.1369 9.54521
66.7 15.6028 14.6028 9.12754
66.8 3.81555 2.81555 9.17815
66.9 3.12423 2.12423 9.75279
67 7.20649 6.20649 10.2266
67.1 9.66928 8.66928 10.4116
67.2 7.75513 6.75513 10.5298
67.3 12.2449 11.2449 10.5325
67.4 8.36646 7.36646 10.5643
67.5 1.63354 0.633541 10.9968
67.6 9.59923 8.59923 11.4584
67.7 0.400771 -0.599229 11.9222
67.8 15.9089 14.9089 12.0663
67.9 14.7797 13.7797 11.598
68 16.2324 15.2324 11.1022
68.1 3.07898 2.07898 11.0817
68.2 17.2232 16.2232 10.9783
68.3 20.9245 19.9245 10.1875
68.4 12.5183 11.5183 9.53256
68.5 10.5687 9.5687 9.3414
68.6 10.3258 9.32576 9.28355
68.7 11.3803 10.3803 9.19756
68.8 12.6815 11.6815 8.95307
68.9 20.4538 19.4538 8.38493
69 3.92399 2.92399 8.17302
69.1 10.7804 9.78035 8.32622
69.2 15.967 14.967 8.06222
69.3 9.18823 8.18823 7.83024
69.4 9.08251 8.08251 7.8274
69.5 19.867 18.867 7.42095
69.6 11.998 10.998 6.86603
69.7 15.5053 14.5053 6.42914
69.8 17.4409 16.4409 5.89081
69.9 0.170727 -0.829273 5.9814
70 7.9202 6.9202 6.47386
70.1 11.2338 10.2338 6.57981
70.2 9.01666 8.01666 6.51712
70.3 20.1331 19.1331 6.11307
70.4 7.10341 6.10341 5.78626
70.5 12.5267 11.5267 5.67572
70.6 24.3355 23.3355 4.89712
70.7 17.6654 16.6654 3.88183
70.8 10.0654 9.06535 3.49482
70.9 3.27198 2.27198 3.77482
71 6.72802 5.72802 4.27779
71.1 0 -1 4.94885
71.2 2.9699 1.9699 5.74357
71.3 7.0301 6.0301 6.28172
71.4 3.4266 2.4266 6.73416
71.5 13.9199 12.9199 6.76663
71.6 29.4818 28.4818 5.72204
71.7 13.1718 12.1718 4.72505
71.8 0 -1 4.95214
71.9 6.88745 5.88745 5.52402
72 11.7847 10.7847 5.67813
72.1 1.32782 0.327822 6.0489
72.2 0 -1 6.90611
72.3 6.54168 5.54168 7.53383
72.4 13.4583 12.4583 7.631
72.5 3.1751 2.1751 7.69218
72.6 29.2715 28.2715 7.12022
72.7 8.73566 7.73566 6.32914
72.8 12.808 11.808 6.1657
72.9 7.47591 6.47591 6.17562
73 8.53382 7.53382 6.38708
73.1 0 -1 6.93878
73.2 6.37121 5.37121 7.59007
73.3 3.62879 2.62879 8.10897
73.4 8.00748 7.00748 8.48357
73.5 11.9925 10.9925 8.56601
73.6 0 -1 8.98399
73.7 0 -1 9.90144
73.8 5.43413 4.43413 10.6126
73.9 9.77159 8.77159 10.8929
74 6.77296 5.77296 11.0757
74.1 8.02133 7.02133 11.3569
74.2 0 -1 11.9687
74.3 0 -1 12.8944
74.4 6.0831 5.0831 13.6137
74.5 4.32308 3.32308 14.0402
74.6 18.8977 17.8977 13.9619
74.7 0.69614 -0.30386 14.0086
74.8 9.39547 8.39547 14.4492
74.9 0.604529 -0.395471 15.0021
75 2.35122 1.35122 15.7292
75.1 17.0602 16.0602 15.8068
75.2 10.5886 9.58858 15.4667
75.3 16.9079 15.9079 15.0249
75.4 21.3584 20.3584 14.2099
75.5 10.0915 9.0915 13.5841
75.6 23.2207 22.2207 12.9328
75.7 8.42145 7.42145 12.4405
75.8 4.54287 3.54287 12.6902
75.9 9.24128 8.24128 13.0012
76 6.21584 5.21584 13.2867
76.1 0 -1 13.9091
76.2 9.19034 8.19034 14.4664
76.3 0.809664 -0.190336 14.9862
76.4 5.36699 4.36699 15.644
76.5 6.48629 5.48629 15.9296
76.6 34.189 33.189 15.0367
76.7 6.98932 5.98932 14.0268
76.8 25.3198 24.3198 13.2715
76.9 21.373 20.373 12.1496
77 1.03328 0.0332808 11.947
77.1 9.24232 8.24232 12.3986
77.2 0 -1 12.8715
77.3 22.2762 21.2762 12.7436
77.4 14.5031 13.5031 12.0369
77.5 10.6432 9.64319 11.7332
77.6 10.0959 9.09593 11.6721
77.7 12.4816 11.4816 11.5609
77.8 7.9127 6.9127 11.5441
77.9 11.818 10.818 11.4424
78 30.4921 29.4921 10.3638
78.1 26.0576 25.0576 8.70055
78.2 9.5733 8.5733 7.90731
78.3 7.30825 6.30825 7.93919
78.4 15.4042 14.4042 7.87425
78.5 1.4339 0.433904 8.00257
78.6 14.8576 13.8576 8.15965
78.7 5.14239 4.14239 8.26212
78.8 0 -1 8.90992
78.9 7.89525 6.89525 9.48534
79 12.0512 11.0512 9.46429
79.1 23.3026 22.3026 8.79045
79.2 6.75088 5.75088 8.37537
79.3 0 -1 8.92829
79.4 5.81154 4.81154 9.57672
79.5 13.307 12.307 9.65848
79.6 11.555 10.555 9.45485
79.7 9.32644 8.32644 9.44343
79.8 1.03312 0.0331188 9.87764
79.9 8.96688 7.96688 10.34
80 8.50699 7.50699 10.5078
80.1 8.87225 7.87225 10.6251
80.2 10.1385 9.13852 10.6825
80.3 8.93709 7.93709 10.7521
80.4 5.18518 4.18518 11.0301
80.5 8.35997 7.35997 11.2702
80.6 22.7912 21.7912 10.6835
80.7 31.3359 30.3359 9.11171
80.8 15.8729 14.8729 7.86166
80.9 1.46062 0.460619 7.86416
81 12.5701 11.5701 8.09908
81.1 12.215 11.215 7.95728
81.2 3.75429 2.75429 8.1695
81.3 0 -1 8.94168
81.4 0 -1 9.92097
81.5 2.94532 1.94532 10.6941
81.6 18.8016 17.8016 10.6673
81.7 8.25309 7.25309 10.4324
81.8 0 -1 10.9425
81.9 3.9765 2.9765 11.6896
82 9.6356 8.6356 11.9814
82.1 18.3446 17.3446 11.6576
82.2 9.53875 8.53875 11.2314
82.3 24.0086 23.0086 10.5497
82.4 13.4807 12.4807 9.81801
82.5 1.49273 0.492732 9.94415
82.6 13.1988 12.1988 10.2086
82.7 6.32371 5.32371 10.153
82.8 32.7902 31.7902 9.27702
82.9 7.20979 6.20979 8.45069
83 0 -1 8.90175
83.1 10.3846 9.38463 9.34998
83.2 13.8642 12.8642 9.16832
83.3 16.8653 15.8653 8.67993
83.4 8.88584 7.88584 8.44943
83.5 0 -1 8.9431
83.6 6.28753 5.28753 9.51509
83.7 20.7189 19.7189 9.249
83.8 9.65986 8.65986 8.8236
83.9 4.55624 3.55624 9.03073
84 8.77749 7.77749 9.36728
84.1 4.52751 3.52751 9.71727
84.2 5.47249 4.47249 10.2107
84.3 2.15436 1.15436 10.8168
84.4 7.84564 6.84564 11.2419
84.5 17.8794 16.8794 11.0591
84.6 3.59925 2.59925 11.0023
84.7 8.52136 7.52136 11.3363
84.8 8.32115 7.32115 11.4238
84.9 27.589 26.589 10.7072
85 9.9065 8.9065 9.95153
85.1 4.18333 3.18333 10.1773
85.2 0 -1 10.9013
85.3 9.98237 8.98237 11.3811
85.4 11.9831 10.9831 11.2539
85.5 26.1953 25.1953 10.4665
85.6 1.8392 0.839198 10.1219
85.7 6.15338 5.15338 10.523
85.8 20.8157 19.8157 10.23
85.9 16.6359 15.6359 9.41925
86 18.0798 17.0798 8.6038
86.1 29.9789 28.9789 7.20781
86.2 27.8533 26.8533 5.50583
86.3 0.483078 -0.516922 5.05266
86.4 6.59963 5.59963 5.48578
86.5 22.4912 21.4912 5.12968
86.6 10.8531 9.85312 4.51692
86.7 15.8376 14.8376 4.05229
86.8 28.6948 27.6948 2.91749
86.9 15.5237 14.5237 1.80308
87 7.14898 6.14898 1.62082
87.1 2.85102 1.85102 2.10112
87.2 0 -1 2.92641
87.3 4.31117 3.31117 3.62546
87.4 18.9839 17.9839 3.50607
87.5 13.5314 12.5314 2.98464
87.6 6.02771 5.02771 2.96865
87.7 8.40473 7.40473 3.16178
87.8 18.5304 17.5304 2.8632
87.9 11.5596 10.5596 2.41585
88 8.65109 7.65109 2.38908
88.1 5.78668 4.78668 2.60553
88.2 14.2133 13.2133 2.67286
88.3 0.121002 -0.878998 2.896
88.4 18.9409 17.9409 2.962
88.5 2.18638 1.18638 2.89684
88.6 24.1379 23.1379 2.52587
88.7 14.6138 13.6138 1.76656
88.8 4.09122 3.09122 1.68533
88.9 21.8892 20.8892 1.32652
89 25.4278 24.4278 0.0743548
89.1 19.1374 18.1374 -1.11001
89.2 12.7484 11.7484 -1.75979
89.3 16.7061 15.7061 -2.20935
89.4 7.17159 6.17159 -2.4346
89.5 18.2292 17.2292 -2.75378
89.6 17.4021 16.4021 -3.42931
89.7 7.1971 6.1971 -3.63737
89.8 0 -1 -3.03768
89.9 0 -1 -2.13271
90 13.3133 12.3133 -1.80616
90.1 15.5028 14.5028 -2.17779
90.2 13.8672 12.8672 -2.62461
90.3 11.1578 10.1578 -2.91638
90.4 17.3605 16.3605 -3.32815
90.5 12.1936 11.1936 -3.78738
90.6 14.2587 13.2587 -4.10651
90.7 7.43667 6.43667 -4.16661
90.8 4.90931 3.90931 -3.79813
90.9 0 -1 -3.04272
91 0 -1 -2.15437
91.1 17.7492 16.7492 -2.01683
91.2 12.2508 11.2508 -2.39093
91.3 4.39599 3.39599 -2.28773
91.4 10.8259 9.82589 -2.08906
91.5 11.2943 10.2943 -2.11965
91.6 3.48386 2.48386 -1.90948
91.7 14.3004 13.3004 -1.84942
91.8 15.6996 14.6996 -2.23374
91.9 4.13807 3.13807 -2.25428
92 9.604 8.604 -1.97573
92.1 6.25793 5.25793 -1.79173
92.2 18.4674 17.4674 -2.08663
92.3 25.4581 24.4581 -3.17817
92.4 16.4842 15.4842 -4.22128
92.5 9.59037 8.59037 -4.52569
92.6 2.83033 1.83033 -4.29803
92.7 28.8132 27.8132 -4.93217
92.8 31.0424 30.0424 -6.68432
92.9 7.31404 6.31404 -7.56926
93 0 -1 -7.04653
93.1 0 -1 -6.08835
93.2 4.39399 3.39399 -5.35933
93.3 15.606 14.606 -5.36084
93.4 19.8323 18.8323 -6.04055
93.5 10.1677 9.16771 -6.46915
93.6 0 -1 -6.0779
93.7 9.84358 8.84358 -5.56682
93.8 0.15642 -0.84358 -5.03139
93.9 4.41566 3.41566 -4.36264
94 14.675 13.675 -4.2771
94.1 10.9094 9.90937 -4.46857
94.2 3.55101 2.55101 -4.28092
94.3 17.7661 16.7661 -4.38681
94.4 18.3112 17.3112 -5.07348
94.5 8.67499 7.67499 -5.41478
94.6 6.10784 5.10784 -5.19911
94.7 5.5889 4.5889 -4.76357
94.8 0 -1 -4.08215
94.9 9.45696 8.45696 -3.66285
95 24.6829 23.6829 -4.23494
95.1 5.86011 4.86011 -4.6731
95.2 4.21594 3.21594 -4.36947
95.3 21.4259 20.4259 -4.55858
95.4 5.4629 4.4629 -4.93617
95.5 27.518 26.518 -5.59606
95.6 12.3429 11.3429 -6.48881
95.7 16.8226 15.8226 -7.06628
95.8 21.3061 20.3061 -7.84059
95.9 0.905645 -0.0943548 -7.92935
96 0 -1 -7.11095
96.1 9.50722 8.50722 -6.66835
96.2 27.5683 26.5683 -7.47718
96.3 26.1791 25.1791 -9.0152
96.4 12.4521 11.4521 -9.96272
96.5 13.8214 12.8214 -10.3787
96.6 20.472 19.472 -11.0202
96.7 7.66593 6.66593 -11.3742
96.8 2.33407 1.33407 -10.9218
96.9 0.203747 -0.796253 -10.1323
97 13.3692 12.3692 -9.81643
97.1 12.4961 11.4961 -10.0426
97.2 11.9488 10.9488 -10.2753
97.3 12.3149 11.3149 -10.5101
97.4 16.4956 15.4956 -10.935
97.5 13.1717 12.1717 -11.3877
97.6 12.0518 11.0518 -11.7253
97.7 24.5929 23.5929 -12.5631
97.8 22.7993 21.7993 -13.7749
97.9 3.93631 2.93631 -14.1704
98 12.0879 11.0879 -14.0221
98.1 4.5318 3.5318 -13.8164
98.2 6.47 5.47 -13.4034
98.3 5.91818 4.91818 -13.0229
98.4 7.61182 6.61182 -12.6576
98.5 0.0936314 -0.906369 -12.1338
98.6 19.9064 18.9064 -12.1252
98.7 9.96693 8.96693 -12.4996
98.8 5.88768 4.88768 -12.3427
98.9 4.14539 3.14539 -11.8591
99 4.75968 3.75968 -11.3185
99.1 6.32297 5.32297 -10.8856
99.2 8.91735 7.91735 -10.5957
99.3 0 -1 -10.0497
99.4 4.38134 3.38134 -9.33023
99.5 8.70789 7.70789 -8.99915
99.6 17.214 16.214 -9.29831
99.7 22.3765 21.3765 -10.2672
99.8 27.0592 26.0592 -11.6571
99.9 15.0964 14.0964 -12.7509
100 14.7758 13.7758 -13.232
