-3.89744
-4.20586
5.02038
-2.58105
-1.51052
2.74182
-2.00468
-3.65411
-2.8857
-3.87355
-4.2343
-1.72671
1.31678
4.14944
3.23104
3.2381
4.8865
2.14006
-3.50024
2.56674
2.52901
2.19485
3.79078
-3.54144
-2.3274
4.61161
4.00736
2.94888
2.00438
-3.12049
-2.66008
2.24134
1.79836
4.08496
-3.2645
-3.79537
-3.63321
1.98493
-3.66796
-3.57252
-3.36719
-2.89886
-4.66822
-2.04373
-3.09976
-0.893234
1.79014
3.67268
3.57195
2.54504
-2.91176
-2.9461
-2.09081
-3.50631
2.58423
-3.0033
3.67689
-2.23913
3.48666
-2.94723
-3.95435
-3.91596
2.52535
-2.83096
-3.10121
-2.86574
3.88076
-2.62194
3.0536
0.839977
-2.28612
-2.64058
-2.49658
3.86275
-1.67462
-3.36787
-3.21596
2.73465
-3.42927
2.26174
2.95276
3.70929
-0.25433
3.11278
2.06112
-3.5322
-1.2199
-3.23625
-2.10793
2.95751
-3.9895
-1.57831
-4.91124
-2.86983
-3.73093
-1.1823
-4.03097
2.00639
1.1488
-2.93317
