0 9822.82 8.82282 1.01317
0.1 10265.6 9.26556 1.0099
0.2 10215.6 9.21556 0.987983
0.3 10168.8 9.16876 0.970069
0.4 9799.25 8.79925 0.971723
0.5 9788.73 8.78873 0.989384
0.6 9990.74 8.99074 1.00172
0.7 9792.04 8.79204 1.01151
0.8 10181.4 9.18144 1.01331
0.9 9839.71 8.83971 1.01487
1 9796.02 8.79602 1.02775
1.1 10458.5 9.45851 1.01723
1.2 10006.8 9.00685 0.997457
1.3 9932.38 8.93238 0.997556
1.4 10084.4 9.08438 0.994492
1.5 10470.6 9.47057 0.969779
1.6 10030.3 9.03027 0.94479
1.7 10360.9 9.3609 0.924398
1.8 10078.1 9.07813 0.903354
1.9 10253.5 9.25348 0.886538
2 9954 8.954 0.877683
2.1 9875.55 8.87555 0.884298
2.2 9916.81 8.91681 0.894781
2.3 9910.67 8.91067 0.901636
2.4 10262.8 9.26276 0.89507
2.5 9840.29 8.84029 0.890432
2.6 10125.3 9.12526 0.888338
2.7 10415 9.41501 0.864926
2.8 10009.8 9.00984 0.844688
2.9 10067.8 9.06784 0.837896
3 10237.6 9.23763 0.823747
3.1 10085.7 9.08573 0.809361
3.2 9874.52 8.87452 0.810171
3.3 9964.11 8.96411 0.817241
3.4 9948.51 8.94851 0.822832
3.5 9854.44 8.85444 0.830448
3.6 10258.3 9.25833 0.825103
3.7 10164.3 9.16431 0.80389
3.8 10530.6 9.53064 0.771397
3.9 9948.76 8.94876 0.74804
4 10227.2 9.22717 0.736467
4.1 10078.4 9.07843 0.726647
4.2 9381.24 8.38124 0.749334
4.3 10039.5 9.03945 0.776892
4.4 9641.67 8.64167 0.797127
4.5 9520.13 8.52013 0.834135
4.6 10074.5 9.07448 0.853231
4.7 10246 9.24598 0.840011
4.8 10256.3 9.25628 0.813765
4.9 10571.2 9.57115 0.774555
5 10116.7 9.11672 0.742293
5.1 10005.5 9.00552 0.733246
5.2 10118 9.11798 0.727089
5.3 10056.1 9.05608 0.719078
5.4 10008.1 9.00807 0.716386
5.5 9797.65 8.79765 0.727683
5.6 9439.72 8.43972 0.763618
5.7 9756.05 8.75605 0.799137
5.8 10347.3 9.34728 0.797147
5.9 10069 9.06899 0.777974
6 10229.3 9.22932 0.76437
6.1 9629.16 8.62916 0.771531
6.2 9905.58 8.90558 0.78836
6.3 10493.7 9.49372 0.774864
6.4 9534.29 8.53429 0.775389
6.5 9639.04 8.63904 0.81288
6.6 9502.94 8.50294 0.853402
6.7 10191.9 9.19189 0.868308
6.8 10082.4 9.08236 0.858414
6.9 10004.6 9.00464 0.853476
7 9955.69 8.95569 0.854099
7.1 10210.7 9.21072 0.845061
7.2 10262.5 9.26248 0.824967
7.3 9765.25 8.76525 0.824603
7.4 9621.08 8.62108 0.850824
7.5 10041.8 9.04185 0.867302
7.6 10033.7 9.03368 0.865218
7.7 10096.2 9.09618 0.858595
7.8 10107.7 9.10766 0.847641
7.9 10291 9.29101 0.829669
8 9928.1 8.9281 0.817775
8.1 10294.9 9.29491 0.80525
8.2 10211 9.21103 0.781253
8.3 10330.2 9.33024 0.75501
8.4 9999.48 8.99948 0.740323
8.5 9780.53 8.78053 0.749817
8.6 9698.21 8.69821 0.776485
8.7 9426.07 8.42607 0.81888
8.8 9619.63 8.61963 0.865407
8.9 9665.29 8.66529 0.899595
9 10170.7 9.17067 0.90892
9.1 10012.2 9.01221 0.90021
9.2 10385.2 9.38521 0.88139
9.3 9964.74 8.96474 0.865849
9.4 9944.66 8.94466 0.868569
9.5 9913.11 8.91311 0.872644
9.6 10580.5 9.58054 0.847673
9.7 10574.2 9.57417 0.794363
9.8 10295.7 9.29567 0.752942
9.9 9788.46 8.78846 0.746978
10 9941.38 8.94138 0.756566
10.1 10197.7 9.19768 0.753396
10.2 9617.25 8.61725 0.764361
10.3 9461.9 8.4619 0.808166
10.4 9390.75 8.39075 0.862577
10.5 9858.73 8.85873 0.90138
10.6 9582.25 8.58225 0.928864
10.7 10138.3 9.13827 0.942523
10.8 9838.81 8.83881 0.947901
10.9 9621.72 8.62172 0.970294
11 10208.2 9.2082 0.977379
11.1 10334.7 9.33474 0.953109
11.2 10329.2 9.32921 0.920904
11.3 10143.5 9.14352 0.899341
11.4 9761.8 8.7618 0.900708
11.5 10279.4 9.27938 0.8963
11.6 10407.7 9.40768 0.864375
11.7 10432.5 9.43249 0.824356
11.8 10062.8 9.06284 0.800526
11.9 9936.36 8.93636 0.797783
12 10074.9 9.07491 0.798833
12.1 9723.04 8.72304 0.806769
12.2 10285.7 9.2857 0.805143
12.3 10191.4 9.19136 0.784057
12.4 10123.4 9.12336 0.771892
12.5 9272.1 8.2721 0.799651
12.6 9747.92 8.74792 0.844297
12.7 9788.17 8.78817 0.87009
12.8 9819.22 8.81922 0.88991
12.9 9714.26 8.71426 0.914536
13 9539.93 8.53993 0.949473
13.1 9893.07 8.89307 0.977577
13.2 9797.93 8.79793 0.99387
13.3 10033.2 9.03324 0.999496
13.4 10466.3 9.46629 0.976851
13.5 10210.8 9.21077 0.94621
13.6 9964.48 8.96448 0.935813
13.7 9986.1 8.9861 0.938069
13.8 9852.21 8.85221 0.945007
13.9 10105.2 9.10522 0.946737
14 10104.1 9.1041 0.935346
14.1 10510 9.50996 0.907285
14.2 9911.62 8.91162 0.889016
14.3 9789.4 8.7894 0.898718
14.4 10236.8 9.23684 0.896805
14.5 10302.2 9.30223 0.872272
14.6 10256 9.256 0.843873
14.7 10368.2 9.3682 0.813093
14.8 10246.6 9.24659 0.782501
14.9 10321.8 9.32179 0.754166
15 10133.9 9.13388 0.734004
15.1 9653.38 8.65338 0.744786
15.2 9463.37 8.46337 0.784738
15.3 9892.38 8.89238 0.814696
15.4 10250.4 9.25043 0.808489
15.5 10406.1 9.4061 0.78119
15.6 9620.12 8.62012 0.778422
15.7 10074 9.07399 0.789201
15.8 10163.9 9.16393 0.782148
15.9 9695.01 8.69501 0.789173
16 9775.7 8.7757 0.810495
16.1 10411.7 9.41166 0.800112
16.2 10736.1 9.73607 0.746574
16.3 10496.5 9.49652 0.68928
16.4 9882.34 8.88234 0.668562
16.5 9991.43 8.99143 0.67187
16.6 10036.2 9.0362 0.670852
16.7 10105.1 9.1051 0.664609
16.8 9966.88 8.96688 0.661063
16.9 10012.6 9.01262 0.661401
17 10088.4 9.08836 0.653002
17.1 10788.7 9.78869 0.612747
17.2 10049.3 9.04932 0.576693
17.3 9609.6 8.6096 0.586545
17.4 10281 9.28099 0.590871
17.5 10122.8 9.12279 0.576244
17.6 9686.65 8.68665 0.583342
17.7 9971.58 8.97158 0.598042
17.8 10069.9 9.06988 0.596798
17.9 10230.9 9.23093 0.581955
18 10196.6 9.19655 0.563967
18.1 9658.06 8.65806 0.57139
18.2 9576.55 8.57655 0.606158
18.3 9829.05 8.82905 0.633574
18.4 10211 9.21102 0.635042
18.5 9795.97 8.79597 0.634423
18.6 10169.6 9.16965 0.635555
18.7 9873.72 8.87372 0.634273
18.8 10100.2 9.10024 0.634106
18.9 10089.1 9.08908 0.624886
19 10258.1 9.25806 0.609473
19.1 9843.28 8.84328 0.603741
19.2 10164.3 9.16433 0.600554
19.3 10354.2 9.35416 0.574953
19.4 10564 9.564 0.533986
19.5 9719.62 8.71962 0.519429
19.6 9995.62 8.99562 0.529603
19.7 9989.28 8.98928 0.531295
19.8 10129.8 9.12975 0.526665
19.9 9804.76 8.80476 0.530251
20 9900.34 8.90034 0.543289
20.1 9919.52 8.91952 0.551955
20.2 10150.5 9.15052 0.54704
20.3 10468.9 9.46887 0.515576
20.4 10815.2 9.81523 0.45275
20.5 10786.3 9.78634 0.376495
20.6 10273.6 9.27355 0.325325
20.7 9866.47 8.86647 0.314706
20.8 10100.7 9.10066 0.314992
20.9 10016.3 9.01628 0.310892
21 9904.38 8.90438 0.314337
21.1 9944.96 8.94496 0.319987
21.2 10159.3 9.15933 0.31807
21.3 9599.35 8.59935 0.327976
21.4 10213 9.21301 0.336447
21.5 9836.92 8.83692 0.336098
21.6 10093.1 9.09309 0.336682
21.7 10208.3 9.20832 0.324139
21.8 10041.7 9.0417 0.310485
21.9 10343.9 9.34395 0.290207
22 10404.3 9.40428 0.254185
22.1 10376.4 9.37635 0.217672
22.2 9917.24 8.91724 0.201375
22.3 10223 9.223 0.19236
22.4 10170.1 9.1701 0.174625
22.5 10129.5 9.12955 0.159362
22.6 10080 9.07997 0.148381
22.7 10226 9.22602 0.131195
22.8 10433 9.43301 0.104275
22.9 9430.62 8.43062 0.108253
23 10164.8 9.16484 0.12543
23.1 9786.62 8.78662 0.131159
23.2 9952.34 8.95234 0.142179
23.3 9837.54 8.83754 0.155532
23.4 9554.93 8.55493 0.182366
23.5 10099.4 9.09937 0.19943
23.6 9903.74 8.90374 0.201845
23.7 9906.39 8.90639 0.210939
23.8 9781.1 8.7811 0.224987
23.9 10115.3 9.11526 0.230446
24 9956.62 8.95662 0.227282
24.1 10174.6 9.17464 0.221861
24.2 9754.48 8.75448 0.225792
24.3 9936.01 8.93601 0.238476
24.4 10050.3 9.05032 0.240709
24.5 9960.21 8.96021 0.240666
24.6 9977.64 8.97764 0.240895
24.7 10518 9.51801 0.215448
24.8 10593 9.59302 0.166119
24.9 9891.55 8.89155 0.140378
25 10195.1 9.19514 0.133763
25.1 9993.32 8.99332 0.125428
25.2 10112.8 9.11284 0.119849
25.3 9940.74 8.94074 0.117195
25.4 10054.2 9.05422 0.118164
25.5 9733.1 8.7331 0.127875
25.6 10103.3 9.10325 0.132772
25.7 10409.9 9.40989 0.110361
25.8 10151.6 9.15161 0.0837601
25.9 10092.8 9.0928 0.0704899
26 10054.3 9.05432 0.0625516
26.1 10108.8 9.10881 0.0555244
26.2 9862.63 8.86263 0.0561508
26.3 10075.2 9.07519 0.0582963
26.4 10049.4 9.04943 0.0519962
26.5 10280.1 9.28006 0.0364846
26.6 10023 9.023 0.0224763
26.7 10036.4 9.0364 0.0183433
26.8 9956.52 8.95652 0.0198001
26.9 9844.79 8.84479 0.0266122
27 10346.6 9.34662 0.0184797
27.1 9992.13 8.99213 0.00207952
27.2 10387.4 9.38744 -0.018315
27.3 10220 9.22003 -0.0440757
27.4 9746.66 8.74666 -0.0454342
27.5 10173.3 9.17329 -0.0441027
27.6 10214 9.21401 -0.058117
27.7 9595.08 8.59508 -0.0493386
27.8 9733.34 8.73334 -0.0192139
27.9 9918.48 8.91848 -0.00406838
28 10519.6 9.51964 -0.0229494
28.1 10100.6 9.10059 -0.0526644
28.2 10359.7 9.35968 -0.0752362
28.3 9832.26 8.83226 -0.084934
28.4 10134 9.13396 -0.0843329
28.5 9806.12 8.80612 -0.080796
28.6 10082.6 9.08265 -0.0777285
28.7 10200.9 9.20094 -0.0895547
28.8 10022.8 9.0228 -0.0990306
28.9 9733.04 8.73304 -0.0878968
29 9840.82 8.84082 -0.0705246
29.1 10351.8 9.35182 -0.0785496
29.2 10163.5 9.16355 -0.102229
29.3 10221 9.221 -0.122487
29.4 10216.9 9.21685 -0.145137
29.5 10501.4 9.50136 -0.182826
29.6 10813.8 9.81379 -0.245386
29.7 10432.1 9.43215 -0.305604
29.8 10274.4 9.27444 -0.342056
29.9 10076.7 9.07666 -0.359243
30 9916.41 8.91641 -0.361077
30.1 10149.1 9.1491 -0.36413
30.2 9983.09 8.98309 -0.370897
30.3 10297.2 9.29723 -0.387667
30.4 10660.3 9.66032 -0.433128
30.5 10483.7 9.48372 -0.487895
30.6 10302.3 9.30226 -0.527873
30.7 10227.9 9.22785 -0.554422
30.8 10074.1 9.07411 -0.569617
30.9 10029.1 9.02907 -0.57546
31 10034.2 9.03424 -0.579662
31.1 10235.1 9.23509 -0.593697
31.2 10332.4 9.33239 -0.620004
31.3 10113.7 9.11367 -0.641897
31.4 10077.8 9.0778 -0.651326
31.5 9836.53 8.83653 -0.647551
31.6 9924.24 8.92424 -0.6368
31.7 9941.3 8.9413 -0.629878
31.8 9996.87 8.99687 -0.626202
31.9 9895.48 8.89548 -0.621279
32 10042 9.04198 -0.61857
32.1 10040.9 9.04088 -0.622765
32.2 10195.1 9.19511 -0.634301
32.3 10160.5 9.16049 -0.653068
32.4 10505.2 9.50515 -0.68551
32.5 10260.9 9.26092 -0.721167
32.6 10065 9.06501 -0.73853
32.7 9998.82 8.99882 -0.742467
32.8 10008.9 9.00894 -0.74398
32.9 10182.1 9.18211 -0.753279
33 10135.7 9.13572 -0.768268
33.1 10161.4 9.16143 -0.785309
33.2 10541.2 9.54121 -0.820074
33.3 10501.8 9.50184 -0.869921
33.4 10357.4 9.35735 -0.911658
33.5 10070.8 9.07078 -0.935012
33.6 10288.7 9.28872 -0.952413
33.7 9950.95 8.95095 -0.965684
33.8 10434.2 9.4342 -0.985723
33.9 10252.2 9.25216 -1.01842
34 10416.9 9.41686 -1.05161
34.1 10114 9.11395 -1.07698
34.2 10078.4 9.07843 -1.0884
34.3 10132.4 9.13241 -1.09957
34.4 10239.7 9.23968 -1.11652
34.5 9953.27 8.95327 -1.12673
34.6 10203.9 9.20392 -1.13664
34.7 10281.8 9.28178 -1.15796
34.8 9995.47 8.99547 -1.17279
34.9 10172.1 9.17214 -1.17994
35 9673.3 8.6733 -1.17249
35.1 9901.76 8.90176 -1.153
35.2 9794.23 8.79423 -1.13861
35.3 10215.2 9.21515 -1.13861
35.4 9994.45 8.99445 -1.14769
35.5 10133.9 9.13386 -1.15525
35.6 10161.6 9.16156 -1.172
35.7 10719 9.71898 -1.2146
35.8 10424.3 9.4243 -1.26902
35.9 10432.1 9.43212 -1.31422
36 10580.5 9.5805 -1.36452
36.1 10504.9 9.50491 -1.41552
36.2 10002.1 9.00214 -1.44284
36.3 10294.9 9.29493 -1.45906
36.4 10118.2 9.11821 -1.47984
36.5 10482.4 9.4824 -1.51086
36.6 10474.8 9.47481 -1.55717
36.7 10551.8 9.55176 -1.60899
36.8 10629.2 9.62917 -1.66915
36.9 10937.3 9.93726 -1.74626
37 10744.1 9.74408 -1.82879
37.1 10737.6 9.73761 -1.9034
37.2 10569.1 9.56913 -1.96694
37.3 10285.8 9.2858 -2.013
37.4 10731.7 9.73173 -2.0624
37.5 10172.1 9.17213 -2.1054
37.6 10163.9 9.16385 -2.12386
37.7 9873.97 8.87397 -2.12475
37.8 9784.24 8.78424 -2.11205
37.9 10401.5 9.40154 -2.12257
38 10582.7 9.5827 -2.16793
38.1 10412.4 9.4124 -2.21725
38.2 10424.8 9.42481 -2.25942
38.3 10349.7 9.34966 -2.29912
38.4 10534.2 9.53418 -2.34189
38.5 10196.6 9.19664 -2.37908
38.6 10502.6 9.50257 -2.41451
38.7 10225.6 9.2256 -2.449
38.8 10226.8 9.22678 -2.47555
38.9 10709.1 9.70906 -2.52148
39 10545.4 9.54538 -2.58077
39.1 10328.9 9.32889 -2.62634
39.2 10480.3 9.48029 -2.66648
39.3 10230.7 9.23067 -2.70154
39.4 10292 9.292 -2.72871
39.5 10223.7 9.22373 -2.75324
39.6 10037.1 9.03707 -2.76585
39.7 9887.29 8.88729 -2.76433
39.8 10200.5 9.20051 -2.77014
39.9 10353.5 9.35347 -2.79682
40 10526 9.52599 -2.84217
40.1 10864.6 9.86465 -2.90864
40.2 10477.7 9.47772 -2.97759
40.3 11144.2 10.1442 -3.05907
40.4 10796.7 9.79669 -3.15198
40.5 10642.6 9.64255 -3.22532
40.6 10509.4 9.50937 -3.28409
40.7 10658.1 9.65813 -3.34259
40.8 10495.9 9.49588 -3.39779
40.9 10220.6 9.2206 -3.4382
41 11004.7 10.0047 -3.50165
41.1 11174.4 10.1744 -3.60512
41.2 10834.2 9.83417 -3.70453
41.3 10717.1 9.71707 -3.784
41.4 10775.4 9.77542 -3.85872
41.5 10688.2 9.68818 -3.93112
41.6 10623.8 9.62378 -3.99844
41.7 10845.3 9.84534 -4.07017
41.8 10439.6 9.43956 -4.13381
41.9 10566 9.56598 -4.18713
42 10733 9.733 -4.24974
42.1 10426.2 9.42615 -4.30738
42.2 10545.6 9.54556 -4.36013
42.3 11132.4 10.1324 -4.44505
42.4 11460.5 10.4605 -4.57045
42.5 11149.7 10.1497 -4.69917
42.6 11038.5 10.0385 -4.80948
42.7 10908.1 9.90806 -4.90764
42.8 10986 9.98602 -5.00248
42.9 10925.3 9.92535 -5.09974
43 11388.9 10.3889 -5.21687
43.1 11587.3 10.5873 -5.36182
43.2 11213.3 10.2133 -5.49896
43.3 10807.6 9.80759 -5.60391
43.4 11240.2 10.2402 -5.70823
43.5 11249.5 10.2495 -5.82975
43.6 11114.8 10.1148 -5.94848
43.7 11147.2 10.1472 -6.06083
43.8 10881.4 9.8814 -6.1623
43.9 10921.1 9.92112 -6.25372
44 10956.5 9.95647 -6.3491
44.1 11325.8 10.3258 -6.46273
44.2 11254.8 10.2548 -6.59043
44.3 11355.4 10.3554 -6.72064
44.4 11101.8 10.1018 -6.83989
44.5 10573.7 9.57368 -6.92947
44.6 11491 10.491 -7.03479
44.7 11419.4 10.4194 -7.17524
44.8 11317.9 10.3179 -7.31228
44.9 11189.7 10.1897 -7.43859
45 11340.7 10.3407 -7.56701
45.1 11599.5 10.5995 -7.71269
45.2 11441.1 10.4411 -7.86112
45.3 10952.9 9.95288 -7.98234
45.4 11095.1 10.0951 -8.08792
45.5 11325.9 10.3259 -8.20959
45.6 11590.1 10.5901 -8.35266
45.7 11282.7 10.2827 -8.49693
45.8 11610.9 10.6109 -8.64114
45.9 11241 10.241 -8.78518
46 11941.9 10.9419 -8.94781
46.1 12209.7 11.2097 -9.14985
46.2 11804.9 10.8049 -9.34898
46.3 11672.5 10.6725 -9.52556
46.4 11813.8 10.8138 -9.69944
46.5 11623.5 10.6235 -9.87111
46.6 11793.2 10.7932 -10.0456
46.7 12283.8 11.2838 -10.2464
46.8 11884.4 10.8844 -10.4534
46.9 12048.8 11.0488 -10.6523
47 12093.9 11.0939 -10.859
47.1 12160.1 11.1601 -11.0691
47.2 11638.9 10.6389 -11.2591
47.3 11766.5 10.7665 -11.4338
47.4 12088 11.088 -11.6223
47.5 11383.2 10.3832 -11.793
47.6 11096.4 10.0964 -11.922
47.7 11450.2 10.4502 -12.0514
47.8 11586.3 10.5863 -12.1989
47.9 11103.7 10.1037 -12.3346
48 11437.3 10.4373 -12.4632
48.1 11287.5 10.2875 -12.5984
48.2 11412.3 10.4123 -12.7325
48.3 11044.5 10.0445 -12.8548
48.4 11100 10.1 -12.9648
48.5 11306.5 10.3065 -13.085
48.6 11324.5 10.3245 -13.2141
48.7 11049 10.049 -13.3343
48.8 11320.1 10.3201 -13.4517
48.9 10839.5 9.8395 -13.5587
49 10911.9 9.91194 -13.6469
49.1 10500.3 9.50027 -13.7163
49.2 10375 9.375 -13.7617
49.3 10290 9.29 -13.7965
49.4 10570 9.57002 -13.8408
49.5 10699.4 9.69935 -13.9003
49.6 10179.2 9.17923 -13.9443
49.7 10249.8 9.24975 -13.9661
49.8 9792.87 8.79287 -13.9679
49.9 9880.25 8.88025 -13.9554
50 10199.6 9.19958 -13.9594
50.1 10358.5 9.35851 -13.9861
50.2 10370.3 9.37033 -14.0198
50.3 9968.26 8.96826 -14.0388
50.4 10392.6 9.39262 -14.0577
50.5 10131.2 9.13119 -14.0799
50.6 9787.87 8.78787 -14.0779
50.7 9860.22 8.86022 -14.0605
50.8 9625.95 8.62595 -14.0347
50.9 9675.84 8.67584 -14.0005
51 9577.63 8.57763 -13.9631
51.1 9613.17 8.61317 -13.9224
51.2 9503.02 8.50302 -13.8792
51.3 9697.07 8.69707 -13.8382
51.4 9425.7 8.4257 -13.795
51.5 9712.9 8.7129 -13.7516
51.6 9411.92 8.41192 -13.7086
51.7 9844.47 8.84447 -13.6701
51.8 9223.82 8.22382 -13.6217
51.9 9356.06 8.35606 -13.5553
52 9598.75 8.59875 -13.5011
52.1 9473.82 8.47382 -13.4563
52.2 9987.24 8.98724 -13.4285
52.3 9614.86 8.61486 -13.4037
52.4 9139.74 8.13974 -13.3439
52.5 9189.37 8.18937 -13.2607
52.6 8901.52 7.90152 -13.1686
52.7 9658.85 8.65885 -13.0968
52.8 9351.31 8.35131 -13.0421
52.9 9130.05 8.13005 -12.9697
53 9396.61 8.39661 -12.8935
53.1 8716.76 7.71676 -12.799
53.2 8985.51 7.98551 -12.6889
53.3 9265.6 8.2656 -12.5991
53.4 9067.63 8.06763 -12.5123
53.5 8633.68 7.63368 -12.3999
53.6 8890.82 7.89082 -12.2766
53.7 8634.49 7.63449 -12.1537
53.8 9060.89 8.06089 -12.0388
53.9 8893.45 7.89345 -11.9361
54 9227.15 8.22715 -11.842
54.1 9011.07 8.01107 -11.7526
54.2 9051.5 8.0515 -11.6552
54.3 8720.38 7.72038 -11.545
54.4 9045.22 8.04522 -11.4352
54.5 9094.94 8.09494 -11.3401
54.6 9008.51 8.00851 -11.2452
54.7 9010.93 8.01093 -11.1458
54.8 8778.8 7.7788 -11.0316
54.9 8095.01 7.09501 -10.8799
55 8788.23 7.78823 -10.7264
55.1 8596.76 7.59676 -10.5909
55.2 8381.26 7.38126 -10.4418
55.3 8565.4 7.5654 -10.2925
55.4 9064.53 8.06453 -10.1716
55.5 8732.13 7.73213 -10.058
55.6 8510.74 7.51074 -9.92171
55.7 8437.6 7.4376 -9.77006
55.8 8524.65 7.52465 -9.62182
55.9 9199.58 8.19958 -9.5069
56 9048.52 8.04852 -9.41579
56.1 9011.2 8.0112 -9.32034
56.2 9059.99 8.05999 -9.22113
56.3 8490.91 7.49091 -9.09877
56.4 8544.29 7.54429 -8.9528
56.5 8431.51 7.43151 -8.80046
56.6 8300.36 7.30036 -8.6373
56.7 8226.87 7.22687 -8.46502
56.8 8408.86 7.40886 -8.29726
56.9 8398.84 7.39884 -8.13577
57 8276.08 7.27608 -7.97288
57.1 8905.48 7.90548 -7.83112
57.2 8619.07 7.61907 -7.70396
57.3 8535.01 7.53501 -7.56281
57.4 8481.25 7.48125 -7.41644
57.5 8992.53 7.99253 -7.28853
57.6 8563.51 7.56351 -7.16195
57.7 8182.75 7.18275 -7.00186
57.8 8265.9 7.2659 -6.82743
57.9 8579.93 7.57993 -6.66857
58 8433.94 7.43394 -6.51723
58.1 8313.57 7.31357 -6.35512
58.2 8232.85 7.23285 -6.18236
58.3 8118.89 7.11889 -6.00047
58.4 8167.41 7.16741 -5.81596
58.5 8278.14 7.27814 -5.63668
58.6 8018.35 7.01835 -5.45145
58.7 8132.25 7.13225 -5.26137
58.8 8366.13 7.36613 -5.08607
58.9 8457.78 7.45778 -4.92575
59 8323.75 7.32375 -4.76247
59.1 7893.64 6.89364 -4.57344
59.2 7825.93 6.82593 -4.36405
59.3 8379.33 7.37933 -4.17497
59.4 8456.46 7.45646 -4.01243
59.5 8089.76 7.08976 -3.83859
59.6 7894.12 6.89412 -3.64034
59.7 8054.51 7.05451 -3.43819
59.8 7980.32 6.98032 -3.2392
59.9 7985.21 6.98521 -3.037
60 7791.7 6.7917 -2.82585
60.1 7819.3 6.8193 -2.6074
60.2 7804 6.804 -2.38796
60.3 7784.53 6.78453 -2.16955
60.4 8159.83 7.15983 -1.96503
60.5 7805.04 6.80504 -1.76173
60.6 7821.26 6.82126 -1.5438
60.7 7660.59 6.66059 -1.32079
60.8 8279.46 7.27946 -1.11707
60.9 7977.96 6.97796 -0.927535
61 8083.87 7.08387 -0.730724
61.1 7762.67 6.76267 -0.523838
61.2 8085.26 7.08526 -0.317813
61.3 8043.99 7.04399 -0.122131
61.4 8007 7.007 0.0732235
61.5 8326.07 7.32607 0.258013
61.6 7969.61 6.96961 0.446739
61.7 7580.57 6.58057 0.665991
61.8 7910.14 6.91014 0.887305
61.9 8423.82 7.42382 1.07271
62 8287.03 7.28703 1.24194
62.1 7822.57 6.82257 1.43365
62.2 8208.32 7.20832 1.63063
62.3 8079.77 7.07977 1.81785
62.4 8172.89 7.17289 2.00432
62.5 8177.1 7.1771 2.18749
62.6 8152.14 7.15214 2.3716
62.7 8008.78 7.00878 2.56352
62.8 8039.02 7.03902 2.75857
62.9 8414.39 7.41439 2.93647
63 8328.85 7.32885 3.10192
63.1 8157.91 7.15791 3.27659
63.2 8275.55 7.27555 3.45286
63.3 8520.98 7.52098 3.61475
63.4 8301.89 7.30189 3.77473
63.5 8282.52 7.28252 3.94516
63.6 8128.47 7.12847 4.12384
63.7 8314.93 7.31493 4.29968
63.8 8586.34 7.58634 4.45486
63.9 8702.4 7.7024 4.5936
64 8286.1 7.2861 4.74501
64.1 8224.07 7.22407 4.91649
64.2 8454.96 7.45496 5.0808
64.3 8788.01 7.78801 5.22032
64.4 8635.69 7.63569 5.35221
64.5 8333.67 7.33367 5.50187
64.6 8541.1 7.5411 5.6572
64.7 8409.83 7.40983 5.81225
64.8 8161.13 7.16113 5.98079
64.9 8555.04 7.55504 6.14589
65 8168.77 7.16877 6.31055
65.1 8383.34 7.38334 6.48177
65.2 8216.32 7.21632 6.65184
65.3 8485.04 7.48504 6.81533
65.4 8555.04 7.55504 6.96557
65.5 8419.41 7.41941 7.11569
65.6 8687.64 7.68764 7.26
65.7 8608.89 7.60889 7.39742
65.8 8431.88 7.43188 7.54459
65.9 8470 7.47 7.69937
66 8362.73 7.36273 7.85646
66.1 8690.06 7.69006 8.00279
66.2 8763.21 7.76321 8.13281
66.3 8578.77 7.57877 8.26438
66.4 8903.8 7.9038 8.38889
66.5 8978.59 7.97859 8.49752
66.6 8758.74 7.75874 8.61073
66.7 8772.93 7.77293 8.73339
66.8 8704.4 7.7044 8.86058
66.9 8480.29 7.48029 9.00243
67 8241.32 7.24132 9.16242
67.1 8836.21 7.83621 9.30743
67.2 8847.04 7.84704 9.42616
67.3 8869.15 7.86915 9.54
67.4 8876.56 7.87656 9.65334
67.5 8787.99 7.78799 9.77023
67.6 8769.51 7.76951 9.89101
67.7 9001.66 8.00166 10.001
67.8 9223.81 8.22381 10.0936
67.9 8675.14 7.67514 10.1992
68 8781.27 7.78127 10.3221
68.1 9101.26 8.10126 10.4289
68.2 9070.85 8.07085 10.522
68.3 9018.39 8.01839 10.6168
68.4 9118.86 8.11886 10.71
68.5 9078.78 8.07878 10.8003
68.6 9096.51 8.09651 10.8924
68.7 8920.48 7.92048 10.9902
68.8 9150.88 8.15088 11.0891
68.9 8480.23 7.48023 11.208
69 8662.05 7.66205 11.3462
69.1 8928.15 7.92815 11.4673
69.2 9081.8 8.0818 11.5669
69.3 9269.68 8.26968 11.6508
69.4 9161.1 8.1611 11.728
69.5 9542.93 8.54293 11.7943
69.6 9118.59 8.11859 11.8639
69.7 8894.04 7.89404 11.963
69.8 8568.09 7.56809 12.0862
69.9 9084.77 8.08477 12.2045
70 8672.24 7.67224 12.3141
70.1 9756.9 8.7569 12.3907
70.2 9600.34 8.60034 12.4314
70.3 9027.55 8.02755 12.4971
70.4 9316.29 8.31629 12.5781
70.5 9174.17 8.17417 12.655
70.6 9227.12 8.22712 12.7329
70.7 9457.94 8.45794 12.7991
70.8 9497.45 8.49745 12.8509
70.9 9739.1 8.7391 12.8914
71 9307.36 8.30736 12.9392
71.1 9547.07 8.54707 12.9938
71.2 9612.68 8.61268 13.0384
71.3 9362.04 8.36204 13.0897
71.4 9417.15 8.41715 13.1482
71.5 9657.15 8.65715 13.1964
71.6 9422.89 8.42289 13.2389
71.7 10370.5 9.37046 13.2479
71.8 10398.5 9.3985 13.2141
71.9 10367.2 9.36722 13.1782
72 9803.75 8.80375 13.1687
72.1 10047.7 9.04769 13.1715
72.2 10397.8 9.39784 13.1522
72.3 10138.5 9.13847 13.1252
72.4 10438.9 9.43885 13.0965
72.5 10135.3 9.13533 13.0685
72.6 10327.1 9.32713 13.0436
72.7 10347.1 9.34705 13.0109
72.8 10393.4 9.39343 12.9728
72.9 10586.1 9.58608 12.9254
73 10297.1 9.29707 12.8831
73.1 10142.6 9.14257 12.8571
73.2 10690.4 9.69039 12.8136
73.3 10975 9.97504 12.7318
73.4 11168.7 10.1687 12.6285
73.5 10641 9.64101 12.5363
73.6 11202.5 10.2025 12.4409
73.7 11246 10.246 12.3249
73.8 10627.7 9.62766 12.2267
73.9 11540.9 10.5409 12.1147
74 11639.1 10.6391 11.9615
74.1 11437.2 10.4372 11.8076
74.2 11384.6 10.3846 11.6675
74.3 11074.4 10.0744 11.5416
74.4 11625.6 10.6256 11.405
74.5 11664.2 10.6642 11.2421
74.6 11945 10.945 11.0609
74.7 12052.1 11.0521 10.8639
74.8 11746.6 10.7466 10.6747
74.9 11656.7 10.6567 10.503
75 11737.3 10.7373 10.3297
75.1 12384.7 11.3847 10.1261
75.2 11933.7 10.9337 9.91393
75.3 11794.8 10.7948 9.72571
75.4 11629.2 10.6292 9.55472
75.5 11557.4 10.5574 9.39251
75.6 11949.2 10.9492 9.21856
75.7 11589 10.589 9.04457
75.8 11418 10.418 8.88977
75.9 11991.6 10.9916 8.71643
76 12405.8 11.4058 8.50197
76.1 11855.3 10.8553 8.29104
76.2 11805 10.805 8.104
76.3 12025.2 11.0252 7.91478
76.4 11500.3 10.5003 7.7422
76.5 10989.4 9.98938 7.61314
76.6 11376.6 10.3766 7.4935
76.7 11180.3 10.1803 7.36855
76.8 11009.7 10.0097 7.2574
76.9 11137.1 10.1371 7.14767
77 11497.1 10.4971 7.01697
77.1 11366.2 10.3662 6.87776
77.2 10949.8 9.94976 6.75844
77.3 11531.8 10.5318 6.63206
77.4 11554.5 10.5545 6.48325
77.5 11074.9 10.0749 6.34963
77.6 11466.2 10.4662 6.22128
77.7 11220.5 10.2205 6.09108
77.8 10834.8 9.83477 5.98532
77.9 11155.4 10.1554 5.8841
78 11168.3 10.1683 5.76933
78.1 11231.2 10.2312 5.64834
78.2 11445.3 10.4453 5.51414
78.3 11532.2 10.5322 5.36904
78.4 10974.9 9.97486 5.24341
78.5 11093.4 10.0934 5.13744
78.6 11070.9 10.0709 5.02967
78.7 11140.1 10.1401 4.91917
78.8 11113.5 10.1135 4.80558
78.9 11353 10.353 4.68326
79 11122.8 10.1228 4.56036
79.1 11151.4 10.1514 4.44685
79.2 10874.4 9.87444 4.34513
79.3 11001 10.001 4.25058
79.4 10909 9.909 4.15436
79.5 11166.5 10.1665 4.05294
79.6 10539.6 9.53959 3.96944
79.7 10515.5 9.51546 3.91025
79.8 11164.4 10.1644 3.82724
79.9 11009.3 10.0093 3.72175
80 10985.1 9.9851 3.62111
80.1 10914.8 9.91477 3.52871
80.2 10386 9.38601 3.46279
80.3 10525.9 9.52591 3.41357
80.4 10704.6 9.70457 3.3546
80.5 10433.7 9.43367 3.29577
80.6 10931.3 9.93132 3.22813
80.7 10551.2 9.55122 3.15562
80.8 10729.7 9.72974 3.09004
80.9 10596.6 9.59665 3.02592
81 10350.4 9.35038 2.97823
81.1 10315.2 9.31518 2.94159
81.2 10709.5 9.70946 2.8938
81.3 10010 9.00997 2.85814
81.4 10370 9.36995 2.83368
81.5 10781.8 9.78177 2.77806
81.6 10714 9.71403 2.7095
81.7 9847.32 8.84732 2.67748
81.8 10604 9.604 2.64945
81.9 10851.5 9.85147 2.58192
82 10598.4 9.59838 2.51047
82.1 10561 9.56105 2.45031
82.2 10726.8 9.72679 2.38704
82.3 10543.2 9.5432 2.32174
82.4 11019.6 10.0196 2.24555
82.5 10425.8 9.42575 2.17493
82.6 10612.6 9.61264 2.11899
82.7 10755 9.75496 2.05367
82.8 10378.8 9.37881 1.99805
82.9 10249 9.24899 1.96513
83 10203.4 9.20339 1.94122
83.1 10394.7 9.39468 1.9101
83.2 10595.3 9.59532 1.86218
83.3 10445.8 9.44584 1.81162
83.4 10350.8 9.35076 1.76961
83.5 10611.4 9.61141 1.72281
83.6 10215 9.21497 1.68489
83.7 9821.49 8.82149 1.6788
83.8 10290.2 9.2902 1.67109
83.9 10353.6 9.35364 1.64308
84 9956.26 8.95626 1.62845
84.1 9854.5 8.8545 1.63304
84.2 10439.2 9.43919 1.62002
84.3 9996.14 8.99614 1.60176
84.4 9944.95 8.94495 1.59869
84.5 10634.2 9.63421 1.57196
84.6 10196.1 9.19611 1.53317
84.7 10319 9.31904 1.50412
84.8 10528.1 9.52813 1.46174
84.9 10657.8 9.6578 1.4059
85 10155 9.15496 1.36424
85.1 10478.2 9.47821 1.33085
85.2 10296.1 9.29608 1.29443
85.3 10251.1 9.25105 1.26432
85.4 10520.8 9.52077 1.2286
85.5 9942.32 8.94232 1.20576
85.6 10131.2 9.13124 1.19932
85.7 10110.9 9.11092 1.188
85.8 10198.9 9.19885 1.17204
85.9 10250.1 9.25015 1.14989
86 10263.3 9.26326 1.12538
86.1 10084.4 9.08441 1.1076
86.2 10130.9 9.13086 1.09746
86.3 9895.13 8.89513 1.09363
86.4 10415.5 9.41555 1.07966
86.5 9886.01 8.88601 1.06561
86.6 10201.7 9.20175 1.05901
86.7 10110.8 9.11076 1.04278
86.8 10648.4 9.64839 1.00356
86.9 10689.8 9.68981 0.942848
87 9988.56 8.98856 0.908267
87.1 10108.5 9.10854 0.900251
87.2 10032.3 9.03235 0.895382
87.3 9848.93 8.84893 0.897123
87.4 10568.9 9.56889 0.877523
87.5 10116.4 9.11638 0.847758
87.6 9930.09 8.93009 0.842325
87.7 10057.6 9.05756 0.841852
87.8 10144.8 9.14484 0.833144
87.9 9979.8 8.9798 0.8276
88 9879.83 8.87983 0.83513
88.1 9660.21 8.66021 0.854487
88.2 10365.2 9.3652 0.850825
88.3 10593.2 9.59317 0.8093
88.4 9944.28 8.94428 0.786057
88.5 9358.36 8.35836 0.816786
88.6 9605.61 8.60561 0.864024
88.7 10021.3 9.02132 0.883916
88.8 10061.4 9.06138 0.881599
88.9 10049 9.04899 0.876762
89 9935.13 8.93513 0.877021
89.1 10006.9 9.00694 0.88075
89.2 9721.53 8.72153 0.89471
89.3 9735.9 8.7359 0.919675
89.4 9905.02 8.90502 0.937045
89.5 10063 9.06305 0.939576
89.6 10049.1 9.04907 0.933961
89.7 10165.3 9.16529 0.924649
89.8 9853.25 8.85325 0.923833
89.9 9971.33 8.97133 0.930413
90 10066.2 9.06619 0.930506
90.1 9840.93 8.84093 0.934199
90.2 10110 9.10999 0.935593
90.3 10091.6 9.09158 0.92731
90.4 10024.5 9.02452 0.92069
90.5 10138.6 9.1386 0.912406
90.6 10106.4 9.10638 0.900991
90.7 10041.3 9.04128 0.893783
90.8 9974.67 8.97467 0.891708
90.9 10216.8 9.21677 0.880271
91 10496 9.49596 0.84847
91.1 9906.41 8.90641 0.831212
91.2 9642.32 8.64232 0.847294
91.3 10370.4 9.37041 0.845886
91.4 10280.1 9.28013 0.819585
91.5 9721.8 8.7218 0.818612
91.6 9797.35 8.79735 0.837746
91.7 10232.5 9.2325 0.839023
91.8 9786.78 8.78678 0.840126
91.9 9752.69 8.75269 0.861983
92 9520.5 8.5205 0.897424
92.1 9781.57 8.78157 0.92858
92.2 10284.6 9.2846 0.92797
92.3 10002.2 9.00223 0.916353
92.4 9930.96 8.93096 0.917894
92.5 9902.17 8.90217 0.929299
92.6 9300.11 8.30011 0.965945
92.7 9949.78 8.94978 0.999514
92.8 10184.7 9.18465 0.995537
92.9 10293.7 9.29367 0.973967
93 9966.59 8.96659 0.961493
93.1 9950.49 8.95049 0.964647
93.2 9838.51 8.83851 0.973722
93.3 10179.9 9.17987 0.972182
93.4 10124.2 9.12423 0.961163
93.5 9660.07 8.66007 0.969865
93.6 9970.82 8.97082 0.986868
93.7 9862.55 8.86255 0.994851
93.8 10305.6 9.30564 0.984877
93.9 10451.6 9.45161 0.950682
94 10152.5 9.15249 0.921577
94.1 10003.9 9.00391 0.912879
94.2 9916.27 8.91627 0.914609
94.3 10275.4 9.27544 0.904579
94.4 10225 9.22502 0.884101
94.5 9668.13 8.66813 0.888773
94.6 9698.13 8.69813 0.917982
94.7 9741.67 8.74167 0.943152
94.8 10378.1 9.37813 0.938408
94.9 10162.8 9.1628 0.914146
95 10192.9 9.19288 0.896634
95.1 9856.21 8.85621 0.894656
95.2 9825.33 8.82533 0.908736
95.3 9876.32 8.87632 0.922807
95.4 10032 9.03197 0.928385
95.5 9935.84 8.93584 0.927468
95.6 10596.2 9.59619 0.901688
95.7 10262.7 9.26268 0.863896
95.8 9937.58 8.93758 0.849197
95.9 10479.1 9.47905 0.827907
96 10310.3 9.31027 0.790636
96.1 10424.1 9.42409 0.752788
96.2 10391.4 9.39144 0.714172
96.3 10141.2 9.14124 0.685437
96.4 10466.2 9.46618 0.656413
96.5 9953.24 8.95324 0.636987
96.6 9978.39 8.97839 0.637819
96.7 9962.96 8.96296 0.640944
96.8 10024.4 9.02438 0.640764
96.9 10145.9 9.14593 0.63352
97 9899.02 8.89902 0.634405
97.1 9398.01 8.39801 0.666211
97.2 9867.59 8.86759 0.699422
97.3 10070.3 9.07025 0.706606
97.4 9800.76 8.80076 0.711156
97.5 10313.2 9.31323 0.705378
97.6 10050 9.04997 0.689709
97.7 10128.3 9.1283 0.676779
97.8 10614.9 9.61488 0.641527
97.9 10294.7 9.29473 0.600989
98 9725.36 8.72536 0.598504
98.1 9705.09 8.70509 0.623429
98.2 9848.18 8.84818 0.648269
98.3 9416.13 8.41613 0.682657
98.4 10062.8 9.06283 0.705598
98.5 10257.3 9.25734 0.693239
98.6 10189.8 9.18981 0.671707
98.7 10144.3 9.14428 0.654813
98.8 10065 9.06498 0.646763
98.9 9543.44 8.54344 0.664756
99 9821.91 8.82191 0.692909
99.1 10031.5 9.03149 0.702434
99.2 9884.2 8.8842 0.709388
99.3 9434.67 8.43467 0.744261
99.4 9200.41 8.20041 0.806614
99.5 9936.12 8.93612 0.850818
99.6 9536.3 8.5363 0.880529
99.7 9606.81 8.60681 0.920597
99.8 9698.24 8.69824 0.956277
99.9 9642.7 8.6427 0.988891
100 9822.82 8.82282 1.01317
