0 10100.4 9.10045 0.79318
0.1 9838.02 8.83802 0.796287
0.2 9684.81 8.68481 0.816611
0.3 10166.4 9.1664 0.822767
0.4 10325.1 9.32513 0.799986
0.5 10411.7 9.41169 0.764536
0.6 10288.5 9.28854 0.728223
0.7 10559.6 9.55957 0.688749
0.8 9854.22 8.85422 0.668268
0.9 10075.3 9.07528 0.66889
1 9973.19 8.97319 0.666472
1.1 10229.4 9.22939 0.657844
1.2 9778.05 8.77805 0.658027
1.3 9981.05 8.98105 0.666631
1.4 10160.4 9.16037 0.662223
1.5 9924.16 8.92416 0.656516
1.6 10344.8 9.3448 0.642966
1.7 10123.4 9.12345 0.622139
1.8 10009.8 9.00978 0.61527
1.9 9784.03 8.78403 0.625294
2 9757.61 8.75761 0.647416
2.1 9702.14 8.70214 0.673955
2.2 9814.85 8.81485 0.69677
2.3 10045.7 9.04568 0.70391
2.4 10086.6 9.08663 0.700684
2.5 9603.65 8.60365 0.715944
2.6 9708.16 8.70816 0.746493
2.7 10014.4 9.01437 0.760858
2.8 10106.2 9.10617 0.75499
2.9 10280.3 9.28028 0.739297
3 9647.46 8.64746 0.741104
3.1 10230.9 9.23088 0.742454
3.2 10516.8 9.51678 0.709846
3.3 10205.9 9.20586 0.674199
3.4 10264.1 9.26413 0.651592
3.5 9755.81 8.75581 0.651654
3.6 9618.12 8.61812 0.680567
3.7 9605.27 8.60527 0.718103
3.8 9806.95 8.80695 0.746361
3.9 10038.4 9.03837 0.754678
4 10098.4 9.09839 0.749943
4.1 9891.47 8.89147 0.749977
4.2 10014.1 9.01415 0.754688
4.3 9803.29 8.80329 0.76453
4.4 9806.7 8.8067 0.782727
4.5 9854.15 8.85415 0.798752
4.6 10120.9 9.12087 0.799126
4.7 10244 9.24399 0.786184
4.8 9468.87 8.46887 0.798831
4.9 9904.49 8.90449 0.826631
5 9873.38 8.87338 0.83964
5.1 9967.56 8.96756 0.847895
5.2 9852.97 8.85297 0.855823
5.3 10136.8 9.13684 0.857752
5.4 9754.18 8.75418 0.862436
5.5 10215.4 9.21543 0.862281
5.6 10111.8 9.11183 0.849526
5.7 9904.52 8.90452 0.847127
5.8 10031.8 9.03178 0.850677
5.9 9812.58 8.81258 0.857503
6 10151.3 9.15128 0.858193
6.1 10112.8 9.11282 0.848449
6.2 9778.77 8.77877 0.852534
6.3 9990.78 8.99078 0.862039
6.4 10053.3 9.05331 0.862658
6.5 9724.62 8.72462 0.872991
6.6 9938.95 8.93895 0.88751
6.7 10061.4 9.06139 0.889693
6.8 9866.48 8.86648 0.893347
6.9 9943.42 8.94342 0.90161
7 10043.1 9.04305 0.901335
7.1 10288.7 9.28868 0.886855
7.2 9985.49 8.98549 0.872681
7.3 10280.3 9.28033 0.859511
7.4 9943.32 8.94332 0.849768
7.5 9933.85 8.93385 0.855791
7.6 9624.94 8.62494 0.876192
7.7 9965.33 8.96533 0.896997
7.8 9590.08 8.59008 0.91993
7.9 9858.07 8.85807 0.944039
8 10148.3 9.14831 0.94485
8.1 10282.3 9.28227 0.923267
8.2 10454.7 9.45474 0.890508
8.3 9786.52 8.78652 0.876722
8.4 10295.4 9.29538 0.869795
8.5 10176.1 9.17606 0.85002
8.6 9977.2 8.9772 0.841291
8.7 10004 9.00396 0.841414
8.8 10006 9.00604 0.84178
8.9 9816.87 8.81687 0.852197
9 9543.86 8.54386 0.881136
9.1 9966.06 8.96606 0.90436
9.2 10024.3 9.02428 0.905153
9.3 10359.1 9.35911 0.887914
9.4 10004.4 9.0044 0.869825
9.5 10324.1 9.32412 0.852072
9.6 10185 9.18501 0.828867
9.7 10133.5 9.13354 0.810075
9.8 10518.1 9.51811 0.778423
9.9 10273.2 9.27317 0.7427
10 9838.13 8.83813 0.736005
10.1 9865.81 8.86581 0.745897
10.2 10413.4 9.41338 0.735082
10.3 9840.68 8.84068 0.724321
10.4 9974.46 8.97446 0.730893
10.5 9876.18 8.87618 0.740451
10.6 9668.08 8.66808 0.761524
10.7 9907.79 8.90779 0.781207
10.8 9992.87 8.99287 0.789378
10.9 9610.97 8.61097 0.807804
11 9987.25 8.98725 0.824643
11.1 10263.3 9.26329 0.814459
11.2 10193.8 9.19376 0.793332
11.3 10021.9 9.02195 0.783973
11.4 9657.52 8.65752 0.799287
11.5 9605.14 8.60514 0.83508
11.6 9579.19 8.57919 0.871276
11.7 10461 9.46103 0.871222
11.8 10011.2 9.01116 0.853081
11.9 9749.47 8.74947 0.863113
12 9637.98 8.63798 0.891815
12.1 9806.33 8.80633 0.920464
12.2 9570.89 8.57089 0.949955
12.3 10081.2 9.08118 0.967066
12.4 9852.27 8.85227 0.973907
12.5 9722.85 8.72285 0.991354
12.6 10204.5 9.20455 0.994933
12.7 10132.5 9.13247 0.980265
12.8 10158 9.15804 0.965628
12.9 10034.5 9.03448 0.957432
13 9820.82 8.82082 0.962015
13.1 10243.3 9.24333 0.958111
13.2 10126.4 9.12637 0.944397
13.3 9613.4 8.6134 0.955439
13.4 9836.59 8.83659 0.981055
13.5 9775.62 8.77562 0.999931
13.6 10156.2 9.1562 1.00183
13.7 10421.3 9.42131 0.973086
13.8 10728.8 9.72877 0.919919
13.9 10038.5 9.03848 0.883695
14 9908.42 8.90842 0.882307
14.1 10001.5 9.00155 0.887453
14.2 9836.61 8.83661 0.894283
14.3 10248.8 9.2488 0.886145
14.4 10831.3 9.83134 0.8366
14.5 10330.9 9.33088 0.781439
14.6 10260.3 9.2603 0.749754
14.7 10116.6 9.11662 0.731953
14.8 9952.35 8.95235 0.72525
14.9 10428.3 9.42831 0.707326
15 10059.2 9.05918 0.685039
15.1 10128.8 9.12877 0.673062
15.2 10219 9.21898 0.657587
15.3 9928.32 8.92832 0.651162
15.4 9825.61 8.82561 0.660982
15.5 10034.9 9.03493 0.66818
15.6 9910.8 8.9108 0.672143
15.7 9848.5 8.8485 0.684541
15.8 9617.55 8.61755 0.710886
15.9 9710.94 8.71094 0.740463
16 10277 9.27703 0.742903
16.1 10020 9.02005 0.730304
16.2 10120.3 9.12033 0.721465
16.3 10148.8 9.14884 0.710182
16.4 9882.72 8.88272 0.706525
16.5 10320.5 9.3205 0.6951
16.6 10301.4 9.30144 0.667041
16.7 10141.5 9.14152 0.644696
16.8 10085.8 9.0858 0.633616
16.9 9912.86 8.91286 0.632404
17 10100 9.10002 0.63203
17.1 9912.68 8.91268 0.630629
17.2 10260.7 9.26069 0.621857
17.3 10052.5 9.05249 0.608523
17.4 9975.37 8.97537 0.605221
17.5 10064.6 9.06464 0.604846
17.6 9756.51 8.75651 0.610904
17.7 10434.8 9.43479 0.600012
17.8 10360.5 9.36048 0.565732
17.9 9911.96 8.91196 0.552337
18 9755.82 8.75582 0.565112
18.1 10109.9 9.10985 0.571843
18.2 10014.7 9.0147 0.565686
18.3 10380.4 9.3804 0.544537
18.4 10521.5 9.52146 0.502001
18.5 10372.4 9.37238 0.458504
18.6 10194 9.19396 0.430868
18.7 9911 8.911 0.424195
18.8 10074.2 9.07415 0.421858
18.9 10446.7 9.4467 0.396622
19 10433.7 9.43372 0.35625
19.1 10018 9.01797 0.333542
19.2 10043.3 9.04333 0.327089
19.3 10290.4 9.29042 0.311857
19.4 10132 9.13202 0.289193
19.5 10582.5 9.58255 0.257019
19.6 9718.27 8.71827 0.242016
19.7 10188 9.18804 0.242158
19.8 10178.5 9.17855 0.228072
19.9 9884.16 8.88416 0.223641
20 10103.7 9.1037 0.221641
20.1 10307.8 9.30777 0.205065
20.2 9758.6 8.7586 0.201017
20.3 10067.6 9.06759 0.207854
20.4 9902.23 8.90223 0.210304
20.5 10082.8 9.08281 0.209721
20.6 10133.9 9.13391 0.200595
20.7 9981.95 8.98195 0.194961
20.8 10021.9 9.0219 0.192249
20.9 10322.7 9.32274 0.178422
21 9709.78 8.70978 0.176531
21.1 10047.9 9.04787 0.185974
21.2 9974.54 8.97454 0.185932
21.3 10153.4 9.1534 0.179474
21.4 10032.9 9.03285 0.170976
21.5 10082 9.08198 0.164798
21.6 9969.54 8.96954 0.163913
21.7 9792.52 8.79252 0.171319
21.8 10513.3 9.51326 0.158684
21.9 9815.51 8.81551 0.146057
22 9721.59 8.72159 0.166537
22.1 9575.69 8.57569 0.198334
22.2 10234.3 9.23429 0.207781
22.3 10117.2 9.11717 0.192307
22.4 10317.7 9.31769 0.171578
22.5 9958.58 8.95858 0.157245
22.6 10268.7 9.26871 0.145261
22.7 10035.9 9.0359 0.130224
22.8 10344.6 9.34457 0.110565
22.9 10175.8 9.1758 0.0869895
23 10039.6 9.03965 0.0742378
23.1 10234.9 9.23491 0.0602672
23.2 10143.6 9.14358 0.0440199
23.3 9800.58 8.80058 0.0459255
23.4 9854.2 8.8542 0.0623202
23.5 9731.14 8.73114 0.0818965
23.6 10077.1 9.07714 0.0895361
23.7 10344.8 9.34485 0.0704686
23.8 10248.2 9.24816 0.0435388
23.9 9956.47 8.95647 0.0309103
24 10320.4 9.32037 0.0168337
24.1 10066.3 9.06635 0.000434084
24.2 9866.82 8.86682 0.0011947
24.3 10131.3 9.13128 -0.000449719
24.4 10280.9 9.28088 -0.0178738
24.5 9939.8 8.9398 -0.0299785
24.6 10236.7 9.23674 -0.0383077
24.7 9798.25 8.79825 -0.0391707
24.8 9950.65 8.95065 -0.0288028
24.9 9908.01 8.90801 -0.0203484
25 9852.5 8.8525 -0.00957201
25.1 10025.2 9.02522 -0.00440841
25.2 10225.7 9.22567 -0.0173306
25.3 10390.5 9.39051 -0.0433335
25.4 9598.09 8.59809 -0.0427742
25.5 9777.13 8.77713 -0.0169393
25.6 10080.4 9.08041 -0.0078492
25.7 9911.95 8.91195 -0.00590185
25.8 9930.84 8.93084 -0.00217405
25.9 10531.8 9.53178 -0.0218414
26 9845.75 8.84575 -0.0371888
26.1 9698.34 8.69834 -0.0171685
26.2 9518.16 8.51816 0.0216868
26.3 9567.16 8.56716 0.0641027
26.4 10076.9 9.07689 0.0814129
26.5 10242.5 9.24253 0.0683865
26.6 10114.2 9.11424 0.0521977
26.7 9885.44 8.88544 0.0515317
26.8 9930.87 8.93087 0.0584277
26.9 10142.2 9.14222 0.056388
27 9954.07 8.95407 0.0491017
27.1 10621.1 9.62109 0.0216067
27.2 10134.7 9.13474 -0.0118379
27.3 9939.77 8.93977 -0.0191195
27.4 10143.5 9.14349 -0.0249824
27.5 10319.2 9.31922 -0.0446311
27.6 9799.64 8.79964 -0.0499121
27.7 9838.79 8.83879 -0.0351751
27.8 9996.46 8.99646 -0.0266321
27.9 10020.2 9.02016 -0.0262832
28 9919.53 8.91953 -0.0240429
28.1 10151.8 9.15182 -0.0307011
28.2 10667.4 9.66737 -0.0691995
28.3 10359.5 9.35946 -0.115868
28.4 9868.52 8.86852 -0.127976
28.5 9657.54 8.65754 -0.106709
28.6 9760.95 8.76095 -0.0807259
28.7 10196.8 9.19679 -0.0769985
28.8 10003.7 9.00372 -0.0862444
28.9 10272.9 9.27285 -0.101154
29 10221.3 9.2213 -0.12249
29.1 9845 8.845 -0.12748
29.2 10131.1 9.13114 -0.128958
29.3 10268.1 9.26813 -0.145034
29.4 9823.89 8.82389 -0.151313
29.5 10283.6 9.28356 -0.158922
29.6 10245.6 9.24557 -0.180746
29.7 9811.48 8.81148 -0.184199
29.8 9785.03 8.78503 -0.164131
29.9 9471.9 8.4719 -0.130911
30 10313.2 9.31321 -0.122422
30.1 10408.7 9.40867 -0.151827
30.2 9911.17 8.91117 -0.168269
30.3 10026.4 9.02643 -0.16852
30.4 10244.9 9.24494 -0.181428
30.5 10252.1 9.25207 -0.204348
30.6 10025.9 9.0259 -0.217538
30.7 9913.43 8.91343 -0.217102
30.8 10185.3 9.18531 -0.221154
30.9 9966.89 8.96689 -0.229661
31 10381.3 9.38132 -0.245908
31.1 9897.2 8.8972 -0.25807
31.2 9996.32 8.99632 -0.255707
31.3 10038.3 9.03827 -0.25586
31.4 9940.62 8.94062 -0.257005
31.5 10334.4 9.33442 -0.26829
31.6 9783.06 8.78306 -0.274456
31.7 10248.9 9.24891 -0.279468
31.8 10380.6 9.38062 -0.309183
31.9 10518.2 9.5182 -0.351454
32 9964.37 8.96437 -0.372364
32.1 9528.67 8.52867 -0.353507
32.2 10277.5 9.27754 -0.345007
32.3 10145.9 9.14592 -0.361927
32.4 10013.6 9.01361 -0.369618
32.5 9755.74 8.75574 -0.359206
32.6 9899.63 8.89963 -0.34369
32.7 10001 9.00098 -0.33831
32.8 10099.4 9.09941 -0.343489
32.9 10216.9 9.21692 -0.359294
33 10310.6 9.31063 -0.384644
33.1 10170.1 9.17014 -0.407072
33.2 9966.06 8.96606 -0.415997
33.3 10192.3 9.19227 -0.422036
33.4 9637.39 8.63739 -0.413469
33.5 9886.77 8.88677 -0.393238
33.6 10026.2 9.02624 -0.387042
33.7 9989.45 8.98945 -0.388872
33.8 10300 9.29995 -0.403406
33.9 10263.5 9.26351 -0.429341
34 10109.4 9.10944 -0.448064
34.1 10059 9.05898 -0.457412
34.2 10127.7 9.12767 -0.467914
34.3 10337.6 9.33756 -0.491458
34.4 10478.6 9.47857 -0.531394
34.5 10458 9.45801 -0.57557
34.6 10029.3 9.02934 -0.599559
34.7 9910.15 8.91015 -0.598771
34.8 10011.1 9.01111 -0.597755
34.9 10484 9.48398 -0.620095
35 10140.9 9.14087 -0.651386
35.1 10578.1 9.57805 -0.687044
35.2 10098.4 9.09838 -0.717343
35.3 9889.42 8.88942 -0.720513
35.4 10096.5 9.09654 -0.71913
35.5 9832.97 8.83297 -0.715589
35.6 10051.9 9.05188 -0.712046
35.7 10226.1 9.22612 -0.724613
35.8 10193.4 9.19339 -0.74438
35.9 10075 9.07501 -0.757786
36 10081.5 9.08149 -0.768619
36.1 10586.8 9.5868 -0.801801
36.2 10540.6 9.54065 -0.85478
36.3 10311.1 9.31115 -0.896024
36.4 9934.14 8.93414 -0.909851
36.5 10108.6 9.10864 -0.916164
36.6 10548.9 9.54888 -0.945452
36.7 10028 9.02797 -0.97235
36.8 10020.3 9.02034 -0.977157
36.9 10011.7 9.01169 -0.98063
37 10402.8 9.40279 -0.999294
37.1 9957.56 8.95756 -1.01558
37.2 10008.1 9.00808 -1.01701
37.3 10206.7 9.20668 -1.02893
37.4 10540.5 9.54049 -1.0647
37.5 10395.9 9.3959 -1.10978
37.6 10306.7 9.30665 -1.14319
37.7 9790.94 8.79094 -1.14948
37.8 10055.5 9.05551 -1.14616
37.9 10432.8 9.43284 -1.16846
38 10266.5 9.26645 -1.19927
38.1 9735.63 8.73563 -1.20042
38.2 9823.74 8.82374 -1.18367
38.3 10384.2 9.38417 -1.1927
38.4 10250.2 9.25018 -1.22253
38.5 10410.1 9.41014 -1.25652
38.6 10381.3 9.38133 -1.29295
38.7 9926.33 8.92633 -1.3093
38.8 10120.1 9.12012 -1.31616
38.9 10610.9 9.61088 -1.35121
39 10506.2 9.50617 -1.40355
39.1 10262.3 9.26226 -1.44357
39.2 10449.1 9.4491 -1.48038
39.3 10472.4 9.47244 -1.52474
39.4 10314.3 9.31433 -1.56424
39.5 10393.5 9.39354 -1.60152
39.6 10524.6 9.52455 -1.64229
39.7 9594.99 8.59499 -1.64967
39.8 10044 9.04404 -1.63864
39.9 10592.4 9.59242 -1.66962
40 10935.2 9.93523 -1.742
40.1 10557.3 9.55733 -1.81374
40.2 10277.6 9.27759 -1.85762
40.3 10306.2 9.30616 -1.88765
40.4 10249.5 9.24955 -1.91609
40.5 10492.9 9.49293 -1.9561
40.6 10955.7 9.95573 -2.02412
40.7 10334 9.33399 -2.08856
40.8 10781.2 9.78123 -2.14814
40.9 10859.3 9.85933 -2.22525
41 10359.4 9.35937 -2.28563
41.1 10245.6 9.24559 -2.31793
41.2 10207.9 9.20789 -2.34231
41.3 10494.8 9.49482 -2.37749
41.4 10430.8 9.43083 -2.42133
41.5 10267 9.26704 -2.45805
41.6 10477.6 9.47759 -2.49348
41.7 10042.4 9.04242 -2.52163
41.8 10626.1 9.62607 -2.55404
41.9 10019.9 9.01985 -2.58637
42 10685.2 9.68517 -2.62629
42.1 10978 9.97796 -2.70619
42.2 11044 10.044 -2.8057
42.3 10916.9 9.91692 -2.90292
42.4 10749 9.74895 -2.98363
42.5 10092.6 9.09257 -3.02767
42.6 10386.2 9.38618 -3.05612
42.7 10616.9 9.61688 -3.10216
42.8 10150.6 9.15064 -3.14152
42.9 10608.2 9.60818 -3.18453
43 11111.6 10.1116 -3.26533
43.1 10592.5 9.59249 -3.35005
43.2 10886 9.88603 -3.42415
43.3 10384.2 9.38419 -3.48711
43.4 10663.5 9.66352 -3.54367
43.5 10932.8 9.93284 -3.62001
43.6 10573.1 9.57311 -3.6946
43.7 10642.5 9.64245 -3.75732
43.8 10714.6 9.71463 -3.82666
43.9 11122.3 10.1223 -3.9176
44 10933.5 9.93352 -4.01565
44.1 10383.3 9.3833 -4.08402
44.2 10709.2 9.70917 -4.14239
44.3 10919.7 9.91965 -4.22033
44.4 10596.1 9.59607 -4.29621
44.5 10751.5 9.75147 -4.36423
44.6 10603 9.60303 -4.43342
44.7 11086.8 10.0868 -4.51849
44.8 11038.3 10.0383 -4.62266
44.9 11127 10.127 -4.73198
45 11244 10.244 -4.85008
45.1 11245.2 10.2452 -4.97314
45.2 11040 10.04 -5.08606
45.3 10706 9.70596 -5.17205
45.4 10260.2 9.26016 -5.2234
45.5 10594.8 9.59476 -5.26943
45.6 10876.4 9.87638 -5.34213
45.7 11042 10.042 -5.43589
45.8 10897.3 9.89729 -5.53563
45.9 11653 10.653 -5.66454
46 11704.6 10.7046 -5.82544
46.1 11064.4 10.0644 -5.96461
46.2 11157 10.157 -6.07825
46.3 11105.9 10.1059 -6.19135
46.4 11151.4 10.1514 -6.30166
46.5 10690.3 9.69034 -6.39949
46.6 11860.5 10.8605 -6.52602
46.7 11182 10.182 -6.67186
46.8 11077 10.077 -6.78753
46.9 10847.7 9.84775 -6.88476
47 11067.6 10.0676 -6.98282
47.1 11320.4 10.3204 -7.10237
47.2 11579.3 10.5793 -7.2456
47.3 11487.9 10.4879 -7.39959
47.4 11794.3 10.7943 -7.56103
47.5 11145.2 10.1452 -7.70717
47.6 11292.3 10.2923 -7.83257
47.7 11371.6 10.3716 -7.96662
47.8 11757.5 10.7575 -8.12166
47.9 11461.5 10.4615 -8.27893
48 11136.5 10.1365 -8.41259
48.1 11589.2 10.5892 -8.55075
48.2 11662 10.662 -8.7099
48.3 11479.5 10.4795 -8.86916
48.4 11949.4 10.9494 -9.04098
48.5 11817.9 10.8179 -9.22496
48.6 11356.7 10.3567 -9.38265
48.7 10992.3 9.99234 -9.50403
48.8 11394.3 10.3943 -9.62619
48.9 11640.4 10.6404 -9.7756
49 11615.2 10.6152 -9.93855
49.1 11840 10.84 -10.1105
49.2 11587.3 10.5873 -10.2794
49.3 11404.1 10.4041 -10.4348
49.4 12307.3 11.3073 -10.6199
49.5 12034.9 11.0349 -10.8312
49.6 11733.6 10.7336 -11.0202
49.7 11496.9 10.4969 -11.1841
49.8 11768.7 10.7687 -11.3496
49.9 11964.6 10.9646 -11.5335
50 11767.1 10.7671 -11.7224
50.1 12363.8 11.3638 -11.928
50.2 11915.2 10.9152 -12.137
50.3 11533.6 10.5336 -12.3124
50.4 11625 10.625 -12.4723
50.5 11712.1 10.7121 -12.6378
50.6 11513.7 10.5137 -12.7977
50.7 11333.2 10.3332 -12.9425
50.8 11653.9 10.6539 -13.0932
50.9 11744.8 10.7448 -13.2607
51 11545.2 10.5452 -13.4226
51.1 11015.9 10.0159 -13.5498
51.2 10700.6 9.70062 -13.641
51.3 11285.3 10.2853 -13.7409
51.4 11130.7 10.1307 -13.8579
51.5 10913.3 9.91331 -13.9592
51.6 10507.1 9.50714 -14.031
51.7 10495.8 9.4958 -14.0833
51.8 10493.7 9.49369 -14.1305
51.9 10091 9.09096 -14.1614
52 10444 9.44397 -14.1915
52.1 10725.8 9.72583 -14.2467
52.2 10369.3 9.36928 -14.2977
52.3 9932.37 8.93237 -14.3186
52.4 10692.8 9.69276 -14.349
52.5 10110.1 9.11009 -14.3854
52.6 10150.8 9.15085 -14.4022
52.7 10257.6 9.25755 -14.4222
52.8 10284.6 9.28456 -14.4475
52.9 9949.99 8.94999 -14.4587
53 9925.57 8.92557 -14.456
53.1 10284.8 9.28481 -14.4647
53.2 9903.73 8.90373 -14.4715
53.3 9695.38 8.69538 -14.4525
53.4 9487.5 8.4875 -14.4122
53.5 9431.07 8.43107 -14.3591
53.6 9463.96 8.46396 -14.3051
53.7 9678.72 8.67872 -14.2615
53.8 9556.74 8.55674 -14.2216
53.9 9387.58 8.38758 -14.1684
54 9214.04 8.21404 -14.1022
54.1 9804.11 8.80411 -14.0528
54.2 9577.69 8.57769 -14.0193
54.3 9682.04 8.68204 -13.9851
54.4 9930.02 8.93002 -13.9619
54.5 9238.65 8.23865 -13.9173
54.6 8840.42 7.84042 -13.8249
54.7 8928.63 7.92863 -13.717
54.8 9374.5 8.3745 -13.6325
54.9 9502.69 8.50269 -13.5716
55 8960.46 7.96046 -13.4941
55.1 8880.92 7.88092 -13.3881
55.2 8759.27 7.75927 -13.2708
55.3 8841.54 7.84154 -13.1498
55.4 8522.16 7.52216 -13.019
55.5 8819.72 7.81972 -12.8871
55.6 8757.73 7.75773 -12.7673
55.7 9318.27 8.31827 -12.6703
55.8 9099.9 8.0999 -12.5898
55.9 9357.85 8.35785 -12.513
56 9122.3 8.1223 -12.4345
56.1 8889.15 7.88915 -12.3353
56.2 8686.01 7.68601 -12.2169
56.3 9106.63 8.10663 -12.1086
56.4 9295.36 8.29536 -12.025
56.5 8994.16 7.99416 -11.9385
56.6 8907.14 7.90714 -11.8346
56.7 8849.64 7.84964 -11.7244
56.8 9173.17 8.17317 -11.6245
56.9 8909.45 7.90945 -11.5275
57 9002.76 8.00276 -11.4242
57.1 8906.47 7.90647 -11.3183
57.2 8778.18 7.77818 -11.2036
57.3 8855.98 7.85598 -11.084
57.4 8430.39 7.43039 -10.9466
57.5 8198.69 7.19869 -10.7822
57.6 8625.58 7.62558 -10.6242
57.7 8631.17 7.63117 -10.4862
57.8 8852.07 7.85207 -10.3591
57.9 8560.13 7.56013 -10.2285
58 8510.72 7.51072 -10.0822
58.1 8231.42 7.23142 -9.92017
58.2 8451.52 7.45152 -9.75785
58.3 8882.03 7.88203 -9.62293
58.4 8815.63 7.81563 -9.50615
58.5 8835.31 7.83531 -9.38714
58.6 8401.02 7.40102 -9.2485
58.7 8383.21 7.38321 -9.09161
58.8 8721.33 7.72133 -8.94591
58.9 8583.99 7.58399 -8.81054
59 8750.05 7.75005 -8.6763
59.1 8352.88 7.35288 -8.52901
59.2 8080.66 7.08066 -8.35517
59.3 8610.19 7.61019 -8.19136
59.4 8649.04 7.64904 -8.04844
59.5 8010.03 7.01003 -7.88253
59.6 8202.41 7.20241 -7.69552
59.7 8111.99 7.11199 -7.51178
59.8 8416.58 7.41658 -7.33617
59.9 7889.84 6.88984 -7.15097
60 8121.66 7.12166 -6.95496
60.1 8273.28 7.27328 -6.77423
60.2 8482.43 7.48243 -6.61144
60.3 8439.35 7.43935 -6.45573
60.4 8340.01 7.34001 -6.29742
60.5 8779.73 7.77973 -6.15128
60.6 8251.94 7.25194 -6.00035
60.7 8165.76 7.16576 -5.82348
60.8 8060.65 7.06065 -5.63512
60.9 8112.38 7.11238 -5.44481
61 8220.97 7.22097 -5.26168
61.1 8317.99 7.31799 -5.08722
61.2 8108.41 7.10841 -4.90774
61.3 8075.21 7.07521 -4.71967
61.4 8386.02 7.38602 -4.54092
61.5 8003.69 7.00369 -4.35929
61.6 8112.76 7.11276 -4.16839
61.7 8355.88 7.35588 -3.99029
61.8 8204.99 7.20499 -3.81721
61.9 8149.98 7.14998 -3.63435
62 7923.71 6.92371 -3.44127
62.1 8535.39 7.53539 -3.26403
62.2 8220.4 7.2204 -3.09654
62.3 7785.58 6.78558 -2.89947
62.4 7938.13 6.93813 -2.68717
62.5 7876.16 6.87616 -2.47779
62.6 8065.95 7.06595 -2.27646
62.7 8264.12 7.26412 -2.08989
62.8 7831.03 6.83103 -1.8939
62.9 7862.95 6.86295 -1.68123
63 7962.98 6.96298 -1.47251
63.1 8054.91 7.05491 -1.27363
63.2 8169.85 7.16985 -1.08395
63.3 8072.84 7.07284 -0.895245
63.4 7969.61 6.96961 -0.696667
63.5 7772.71 6.77271 -0.486609
63.6 8238.35 7.23835 -0.286659
63.7 7930.88 6.93088 -0.0925788
63.8 7929.3 6.9293 0.111311
63.9 8168 7.168 0.308252
64 7868.09 6.86809 0.506752
64.1 7979.89 6.97989 0.714921
64.2 7576.69 6.57669 0.936015
64.3 7973.02 6.97302 1.15523
64.4 8209.41 7.20941 1.3491
64.5 8037.36 7.03736 1.53774
64.6 8017.85 7.01785 1.73359
64.7 8179.14 7.17914 1.9215
64.8 8604.33 7.60433 2.08482
64.9 8229.41 7.22941 2.24608
65 8036.61 7.03661 2.43084
65.1 7997.25 6.99725 2.62968
65.2 7738.49 6.73849 2.84281
65.3 7743.89 6.74389 3.06605
65.4 8055.17 7.05517 3.27553
65.5 8165.54 7.16554 3.4674
65.6 7902.99 6.90299 3.66264
65.7 8283.45 7.28345 3.85094
65.8 8493.6 7.4936 4.01506
65.9 8267.9 7.2679 4.17856
66 8115.47 7.11547 4.35833
66.1 8069.67 7.06967 4.54957
66.2 7883.61 6.88361 4.74952
66.3 8335.39 7.33539 4.93783
66.4 8301.51 7.30151 5.10824
66.5 8323.48 7.32348 5.27568
66.6 8505.44 7.50544 5.43509
66.7 8327.86 7.32786 5.59582
66.8 8063.45 7.06345 5.77237
66.9 8693.87 7.69387 5.93256
67 8809.26 7.80926 6.06283
67.1 8326.6 7.3266 6.20665
67.2 8280.79 7.28079 6.3725
67.3 8568.85 7.56885 6.53073
67.4 8436.15 7.43615 6.68101
67.5 8612.58 7.61258 6.82766
67.6 8642.01 7.64201 6.96562
67.7 8712.11 7.71211 7.09756
67.8 8754.1 7.7541 7.22608
67.9 8477.77 7.47777 7.36373
68 8644.28 7.64428 7.50722
68.1 8461.38 7.46138 7.6522
68.2 8619.22 7.61922 7.79623
68.3 8821.41 7.82141 7.92465
68.4 8893.44 7.89344 8.04105
68.5 8604.35 7.60435 8.1674
68.6 8429.57 7.42957 8.31363
68.7 8543.78 7.54378 8.46479
68.8 8457.7 7.4577 8.61465
68.9 8563.29 7.56329 8.76406
69 8412.43 7.41243 8.91413
69.1 8741.03 7.74103 9.05661
69.2 8557.16 7.55716 9.19281
69.3 8680.72 7.68072 9.3297
69.4 8696.76 7.69676 9.46243
69.5 8508.52 7.50852 9.60201
69.6 8588.1 7.5881 9.74447
69.7 8890.6 7.8906 9.87402
69.8 8316.22 7.31622 10.0128
69.9 8786 7.786 10.1544
70 8871.86 7.87186 10.2743
70.1 8783.32 7.78332 10.3937
70.2 8423.46 7.42346 10.5303
70.3 8953.93 7.95393 10.6597
70.4 9015.61 8.01561 10.7621
70.5 9364.14 8.36414 10.8444
70.6 9133.88 8.13388 10.9195
70.7 9461.87 8.46187 10.99
70.8 9124.38 8.12438 11.0624
70.9 9103.95 8.10395 11.1507
71 8796.21 7.79621 11.2559
71.1 8755.23 7.75523 11.3771
71.2 8738.45 7.73845 11.5007
71.3 9056.25 8.05625 11.6122
71.4 8791.7 7.7917 11.7199
71.5 9123.04 8.12304 11.8221
71.6 9230.84 8.23084 11.9068
71.7 9072.61 8.07261 11.9939
71.8 8734.43 7.73443 12.0994
71.9 9419.51 8.41951 12.1904
72 9364.63 8.36463 12.2548
72.1 9326.76 8.32676 12.32
72.2 9268.22 8.26822 12.3893
72.3 9430.23 8.43023 12.4552
72.4 9173.79 8.17379 12.5263
72.5 9105.65 8.10565 12.61
72.6 9304.39 8.30439 12.6891
72.7 9338.93 8.33893 12.7586
72.8 9199.54 8.19954 12.8316
72.9 9270.78 8.27078 12.9052
73 9720.14 8.72014 12.9559
73.1 9782.92 8.78292 12.983
73.2 9660.15 8.66015 13.0147
73.3 8937.57 7.93757 13.0816
73.4 9515.43 8.51543 13.1542
73.5 9744.63 8.74463 13.1954
73.6 9551.8 8.5518 13.23
73.7 9823.56 8.82356 13.2606
73.8 9743.06 8.74306 13.2844
73.9 9654.93 8.65493 13.3116
74 10108 9.10803 13.324
74.1 9960.94 8.96094 13.3209
74.2 10332.8 9.33281 13.3062
74.3 10171.2 9.17118 13.281
74.4 10530.4 9.53038 13.2472
74.5 10054.6 9.05461 13.2203
74.6 9991.97 8.99197 13.2136
74.7 10376 9.37598 13.195
74.8 10420.3 9.42028 13.1572
74.9 10365.2 9.36521 13.1179
75 10393.5 9.39349 13.0797
75.1 10380.7 9.38072 13.0413
75.2 10421.1 9.42114 12.9975
75.3 11146.1 10.1461 12.9202
75.4 10959.2 9.95924 12.8199
75.5 10652.5 9.65246 12.7376
75.6 10800.2 9.80016 12.6611
75.7 11299.1 10.2991 12.5575
75.8 11238.1 10.2381 12.4309
75.9 11633.6 10.6336 12.2888
76 11236.8 10.2368 12.1457
76.1 11591.3 10.5913 12.0015
76.2 11664.9 10.6649 11.8436
76.3 11081.2 10.0812 11.7057
76.4 11251.6 10.2516 11.584
76.5 11758.3 10.7583 11.4334
76.6 11927.2 10.9272 11.2547
76.7 11280 10.28 11.094
76.8 11520.1 10.5201 10.9489
76.9 11873.7 10.8737 10.7824
77 11553.4 10.5534 10.6109
77.1 11896.6 10.8966 10.437
77.2 11807 10.807 10.2554
77.3 11483.8 10.4838 10.0889
77.4 11726 10.726 9.92741
77.5 11702.9 10.7029 9.75452
77.6 12197 11.197 9.56216
77.7 11624.8 10.6248 9.37307
77.8 11670.4 10.6704 9.2068
77.9 11421.1 10.4211 9.05035
78 11875.6 10.8756 8.88606
78.1 11522.1 10.5221 8.71761
78.2 11634.7 10.6347 8.56155
78.3 10881.3 9.88132 8.43539
78.4 11123.2 10.1232 8.33115
78.5 11186.9 10.1869 8.21631
78.6 11373.3 10.3733 8.08863
78.7 11321.3 10.3213 7.95497
78.8 11262.1 10.2621 7.82719
78.9 10908.4 9.90837 7.71812
79 10962.2 9.96215 7.62321
79.1 10928.6 9.92858 7.5274
79.2 11276.2 10.2762 7.41694
79.3 11302 10.302 7.28795
79.4 11706.2 10.7062 7.13648
79.5 11844.8 10.8448 6.96504
79.6 10928.9 9.92893 6.82934
79.7 10505.1 9.50509 6.74892
79.8 11349.7 10.3497 6.65591
79.9 11100.3 10.1003 6.53638
80 11339.4 10.3394 6.41297
80.1 11314.6 10.3146 6.28129
80.2 11352.1 10.3521 6.14916
80.3 11089.6 10.0896 6.02522
80.4 11476.7 10.4767 5.89852
80.5 10835.9 9.83592 5.78578
80.6 10734 9.73399 5.70048
80.7 11430.9 10.4309 5.59266
80.8 11321.7 10.3217 5.45868
80.9 11230.6 10.2306 5.33096
81 11098.9 10.0989 5.21352
81.1 11221.9 10.2219 5.09727
81.2 11122 10.122 4.98187
81.3 10840.7 9.84069 4.88492
81.4 10527.9 9.52795 4.8132
81.5 10913.9 9.91391 4.74049
81.6 10798.2 9.79819 4.6545
81.7 11293.7 10.2937 4.54955
81.8 11142.2 10.1422 4.43309
81.9 10593.7 9.59367 4.34392
82 10859.8 9.85983 4.26969
82.1 10637.2 9.63723 4.19724
82.2 10504.4 9.50436 4.13624
82.3 11051.8 10.0518 4.05815
82.4 10989.3 9.98927 3.95989
82.5 10755.8 9.7558 3.87176
82.6 10863.7 9.86368 3.78791
82.7 11217.2 10.2172 3.68567
82.8 10971.3 9.97127 3.57808
82.9 10895.1 9.8951 3.48554
83 10446.8 9.44679 3.41831
83.1 10459.1 9.45909 3.37028
83.2 10521 9.521 3.32294
83.3 10324 9.32402 3.27749
83.4 10970 9.97 3.21404
83.5 10563.1 9.56313 3.13898
83.6 10837.4 9.83735 3.06958
83.7 10248.3 9.24832 3.01563
83.8 10552.4 9.55242 2.97145
83.9 10709.4 9.70939 2.91219
84 10380.5 9.38048 2.85496
84.1 10978 9.97797 2.78859
84.2 10341 9.34097 2.72534
84.3 10408.8 9.40881 2.68478
84.4 10320.8 9.32078 2.64952
84.5 10247.7 9.24766 2.61958
84.6 10419.4 9.41943 2.58615
84.7 10450 9.45002 2.54098
84.8 10903.5 9.90355 2.47644
84.9 10285 9.28503 2.41843
85 10471.8 9.47179 2.37633
85.1 10660.1 9.66011 2.32247
85.2 10336.1 9.3361 2.27435
85.3 10158.8 9.15877 2.24652
85.4 10490.5 9.49049 2.21234
85.5 10684.3 9.68427 2.15605
85.6 10488.5 9.48852 2.10015
85.7 10066.8 9.06682 2.0712
85.8 10196.7 9.19666 2.05213
85.9 10959.5 9.95946 1.99778
86 10398.7 9.39872 1.93366
86.1 10413.9 9.41393 1.88766
86.2 10858.1 9.85809 1.82587
86.3 10583.5 9.58354 1.75578
86.4 10557.5 9.55751 1.69875
86.5 10250.5 9.25053 1.65816
86.6 10292.4 9.29244 1.62999
86.7 10168.9 9.16892 1.60814
86.8 10008.1 9.00814 1.59783
86.9 10177.4 9.1774 1.58762
87 10216.3 9.21628 1.56935
87.1 10092.3 9.09231 1.5548
87.2 9916.87 8.91687 1.55404
87.3 9897.71 8.89771 1.56074
87.4 10245.3 9.24526 1.55433
87.5 10091 9.09097 1.53897
87.6 10160.5 9.16052 1.52425
87.7 10411 9.41096 1.49685
87.8 10224.6 9.22458 1.46718
87.9 10105 9.10504 1.44668
88 10650.3 9.65028 1.41189
88.1 9961.01 8.96101 1.38339
88.2 10058.9 9.05886 1.37958
88.3 9943.87 8.94387 1.37827
88.4 10335.9 9.33585 1.3651
88.5 10017.3 9.01725 1.3493
88.6 10059.8 9.05979 1.34387
88.7 9968.57 8.96857 1.34494
88.8 9581.87 8.58187 1.36481
88.9 10041.2 9.04123 1.38043
89 10319.8 9.3198 1.36516
89.1 10266.8 9.26678 1.33627
89.2 10339.6 9.33958 1.30785
89.3 9961.7 8.9617 1.28974
89.4 10624 9.62403 1.26097
89.5 10104.5 9.10448 1.22924
89.6 9840.12 8.84012 1.22908
89.7 9858.14 8.85814 1.24218
89.8 10126.8 9.1268 1.24084
89.9 10563.5 9.56349 1.20865
90 10309.9 9.30987 1.16907
90.1 9893.52 8.89352 1.15633
90.2 10157.5 9.15746 1.15115
90.3 10293.3 9.29325 1.13115
90.4 10056.4 9.05642 1.11488
90.5 9907.36 8.90736 1.11478
90.6 10122.8 9.12279 1.11041
90.7 10527 9.52696 1.08137
90.8 10084.4 9.08442 1.05065
90.9 10480.7 9.48073 1.02131
91 10173.3 9.17326 0.993344
91.1 9673.79 8.67379 0.997559
91.2 10041.9 9.04189 1.00907
91.3 10097.7 9.09767 1.00547
91.4 9890.2 8.8902 1.00279
91.5 10501.7 9.50171 0.985571
91.6 9850.43 8.85043 0.969246
91.7 10212.3 9.21229 0.96253
91.8 10246.5 9.24649 0.941649
91.9 10209.9 9.2099 0.921408
92 9676.93 8.67693 0.925347
92.1 10034.7 9.03472 0.936523
92.2 10130.4 9.13038 0.931621
92.3 9873.96 8.87396 0.930921
92.4 9999.18 8.99918 0.936734
92.5 9866.44 8.86644 0.943739
92.6 9978.68 8.97868 0.949423
92.7 10243.7 9.24367 0.93992
92.8 10004 9.00396 0.929911
92.9 9825.6 8.8256 0.93438
93 10384.7 9.38471 0.923682
93.1 10280.1 9.28013 0.893321
93.2 10212.8 9.21284 0.86956
93.3 9909.64 8.90964 0.861239
93.4 10305 9.305 0.850454
93.5 9962.21 8.96221 0.840785
93.6 9691.35 8.69135 0.853458
93.7 10253.7 9.25372 0.854672
93.8 10377.6 9.37757 0.825678
93.9 10312.5 9.31252 0.796327
94 9353.21 8.35321 0.811048
94.1 9722.7 8.7227 0.851165
94.2 10044.6 9.04456 0.864829
94.3 10006.6 9.00659 0.867172
94.4 9308.69 8.30869 0.89827
94.5 9940.93 8.94093 0.930558
94.6 10340.5 9.3405 0.919349
94.7 10422.2 9.4222 0.884226
94.8 10119.9 9.11992 0.857483
94.9 10100 9.09998 0.84539
95 10049.6 9.04959 0.836494
95.1 10324.5 9.32451 0.819187
95.2 9976.62 8.97662 0.804936
95.3 10139.5 9.13946 0.795722
95.4 10421.2 9.42118 0.770157
95.5 10150.2 9.15017 0.742427
95.6 10134.7 9.13475 0.730859
95.7 9340.78 8.34078 0.754831
95.8 9841.51 8.84151 0.790581
95.9 10111.1 9.11113 0.795123
96 10242.3 9.24227 0.779055
96.1 10058.6 9.05856 0.766857
96.2 9628.88 8.62888 0.779846
96.3 9998.03 8.99803 0.795797
96.4 10114.6 9.11459 0.792954
96.5 10020.3 9.02029 0.783631
96.6 10547.5 9.54753 0.758172
96.7 9874.67 8.87467 0.738652
96.8 10066.8 9.06678 0.739051
96.9 9835.43 8.83543 0.746114
97 9701 8.701 0.766218
97.1 10043.7 9.04365 0.779216
97.2 9908.12 8.90812 0.782466
97.3 10119.7 9.11967 0.778859
97.4 10343.1 9.34314 0.759716
97.5 9791.01 8.79101 0.752099
97.6 10177.2 9.17719 0.750834
97.7 10185.7 9.18572 0.735924
97.8 9921.41 8.92141 0.732242
97.9 9554.55 8.55455 0.755663
98 9913.77 8.91377 0.779052
98.1 10216.8 9.21677 0.774672
98.2 10166.3 9.16632 0.757082
98.3 10076.2 9.07624 0.745786
98.4 9843.21 8.84321 0.749097
98.5 9924.79 8.92479 0.758829
98.6 10069.3 9.06931 0.760574
98.7 9861.76 8.86176 0.764771
98.8 9868.83 8.86883 0.776394
98.9 9963.35 8.96335 0.787992
99 9358.35 8.35835 0.820939
99.1 9676.51 8.67651 0.864157
99.2 10148.1 9.14811 0.873059
99.3 10445.1 9.44505 0.848305
99.4 9849.6 8.8496 0.834862
99.5 9876.28 8.87628 0.844822
99.6 9988.3 8.9883 0.853354
99.7 9786.98 8.78698 0.86176
99.8 10452.3 9.45228 0.849302
99.9 10330.4 9.33038 0.814538
100 10100.4 9.10045 0.79318
