0 21.4834 20.4834 -1.1701
0.1 16.3551 15.3551 -2.03879
0.2 9.47929 8.47929 -2.32293
0.3 4.42997 3.42997 -2.10711
0.4 16.0907 15.0907 -2.14473
0.5 13.3279 12.3279 -2.52815
0.6 7.73726 6.73726 -2.61168
0.7 8.93487 7.93487 -2.42679
0.8 0.991838 -0.00816229 -1.95625
0.9 9.46574 8.46574 -1.52135
1 9.54242 8.54242 -1.40085
1.1 4.35156 3.35156 -1.11319
1.2 7.46039 6.46039 -0.736807
1.3 8.18805 7.18805 -0.456739
1.4 0 -1 0.0878249
1.5 8.87214 7.87214 0.644835
1.6 1.12786 0.127857 1.16422
1.7 7.19986 6.19986 1.68053
1.8 12.4783 11.4783 1.72724
1.9 12.677 11.677 1.5108
2 9.65431 8.65431 1.34894
2.1 17.6782 16.6782 1.02991
2.2 4.99276 3.99276 0.932846
2.3 5.31958 4.31958 1.37756
2.4 0 -1 2.10725
2.5 3.36192 2.36192 2.8912
2.6 6.63808 5.63808 3.44404
2.7 0 -1 4.12389
2.8 0 -1 5.09541
2.9 0.0430803 -0.95692 6.03854
3 13.5255 12.5255 6.28436
3.1 28.647 27.647 5.26442
3.2 23.4176 22.4176 3.75484
3.3 17.2046 16.2046 2.73837
3.4 7.16228 6.16228 2.50704
3.5 5.91146 4.91146 2.75749
3.6 14.0885 13.0885 2.83026
3.7 0 -1 3.12096
3.8 8.26789 7.26789 3.64105
3.9 9.95016 8.95016 3.66058
4 32.2298 31.2298 2.64839
4.1 12.3265 11.3265 1.55166
4.2 7.22574 6.22574 1.50182
4.3 0 -1 2.09099
4.4 10.7226 9.72265 2.39023
4.5 35.3345 34.3345 1.23984
4.6 14.5259 13.5259 -0.107925
4.7 9.41702 8.41702 -0.463991
4.8 16.888 15.888 -0.709989
4.9 3.91717 2.91717 -0.888233
5 38.129 37.129 -1.97891
5.1 21.0659 20.0659 -3.70792
5.2 8.67056 7.67056 -4.26302
5.3 1.32944 0.329441 -3.79782
5.4 0 -1 -2.93997
5.5 7.88055 6.88055 -2.30905
5.6 2.11945 1.11945 -1.76184
5.7 0 -1 -0.898359
5.8 0 -1 0.0936845
5.9 0 -1 1.09689
6 0 -1 2.0683
6.1 6.08852 5.08852 2.73764
6.2 12.6973 11.6973 2.7912
6.3 18.4276 17.4276 2.33476
6.4 5.32671 4.32671 2.11779
6.5 15.4808 14.4808 2.04543
6.6 10.2561 9.25611 1.75153
6.7 21.0249 20.0249 1.25993
6.8 0.698155 -0.301845 1.14056
6.9 21.7219 20.7219 0.824307
7 37.6332 36.6332 -0.916139
7.1 14.9161 13.9161 -2.49867
7.2 18.2892 17.2892 -3.26029
7.3 15.8506 14.8506 -3.93327
7.4 14.5464 13.5464 -4.49238
7.5 20.5959 19.5959 -5.28762
7.6 24.9143 23.9143 -6.41439
7.7 1.53244 0.532442 -6.77193
7.8 12.166 11.166 -6.56217
7.9 10.4295 9.42951 -6.62036
8 7.40447 6.40447 -6.4912
8.1 1.63662 0.636621 -6.02661
8.2 14.5751 13.5751 -5.80444
8.3 5.19779 4.19779 -5.85334
8.4 28.3962 27.3962 -6.4494
8.5 0.194285 -0.805715 -6.75743
8.6 0 -1 -5.92832
8.7 2.55401 1.55401 -5.06533
8.8 8.43422 7.43422 -4.61616
8.9 9.01177 8.01177 -4.41275
9 0 -1 -3.88701
9.1 5.19537 4.19537 -3.21593
9.2 10.3465 9.34654 -2.93895
9.3 4.4581 3.4581 -2.63483
9.4 1.13274 0.132737 -2.01856
9.5 17.1435 16.1435 -1.97226
9.6 21.6105 20.6105 -2.77617
9.7 9.82646 8.82646 -3.3151
9.8 6.07785 5.07785 -3.18265
9.9 9.47252 8.47252 -2.9716
10 8.36735 7.36735 -2.83553
10.1 8.76844 7.76844 -2.81724
10.2 31.8292 30.8292 -3.79299
10.3 21.8707 20.8707 -5.38261
10.4 23.9008 22.9008 -6.66801
10.5 11.1267 10.1267 -7.41148
10.6 13.5861 12.5861 -7.72976
10.7 16.9321 15.9321 -8.22723
10.8 14.4116 13.4116 -8.73501
10.9 3.94358 2.94358 -8.6406
11 0 -1 -7.92936
11.1 7.73268 6.73268 -7.29958
11.2 2.26732 1.26732 -6.79914
11.3 9.95891 8.95891 -6.44005
11.4 9.36777 8.36777 -6.32726
11.5 0.67332 -0.32668 -5.82978
11.6 2.33349 1.33349 -5.15558
11.7 28.2535 27.2535 -5.58156
11.8 9.41297 8.41297 -6.34825
11.9 11.2807 10.2807 -6.49389
12 12.1296 11.1296 -6.61435
12.1 6.58966 5.58966 -6.56326
12.2 9.11873 8.11873 -6.38176
12.3 10.8813 9.88127 -6.36224
12.4 8.76402 7.76402 -6.29802
12.5 1.23598 0.23598 -5.82939
12.6 5.08928 4.08928 -5.17853
12.7 5.93803 4.93803 -4.75972
12.8 15.2464 14.2464 -4.75835
12.9 3.72628 2.72628 -4.69001
13 8.95716 7.95716 -4.34646
13.1 1.04284 0.0428435 -3.83368
13.2 6.45858 5.45858 -3.29453
13.3 13.5414 12.5414 -3.20938
13.4 4.7402 3.7402 -3.17275
13.5 19.052 18.052 -3.33865
13.6 7.48344 6.48344 -3.69611
13.7 27.3715 26.3715 -4.41453
13.8 8.34108 7.34108 -5.06588
13.9 3.01176 2.01176 -4.77223
14 9.7751 8.7751 -4.41164
14.1 6.8329 5.8329 -4.19577
14.2 4.21853 3.21853 -3.79142
14.3 9.17346 8.17346 -3.43093
14.4 0 -1 -2.85551
14.5 0 -1 -1.97215
14.6 12.9004 11.9004 -1.57368
14.7 7.1735 6.1735 -1.588
14.8 19.3831 18.3831 -1.85818
14.9 3.62696 2.62696 -2.07933
15 30.3084 29.3084 -2.81417
15.1 20.8168 19.8168 -4.2225
15.2 18.2935 17.2935 -5.19118
15.3 7.49729 6.49729 -5.46189
15.4 3.79511 2.79511 -5.09823
15.5 6.20489 5.20489 -4.574
15.6 0 -1 -3.91369
15.7 7.41648 6.41648 -3.28464
15.8 2.58352 1.58352 -2.82244
15.9 19.1908 18.1908 -2.97117
16 24.4993 23.4993 -3.98927
16.1 6.30992 5.30992 -4.47349
16.2 0 -1 -3.94909
16.3 13.4134 12.4134 -3.59739
16.4 6.58659 5.58659 -3.63684
16.5 27.1904 26.1904 -4.30169
16.6 12.8096 11.8096 -5.13394
16.7 0 -1 -4.86534
16.8 2.61022 1.61022 -4.07905
16.9 8.93865 7.93865 -3.63599
17 8.45113 7.45113 -3.50686
17.1 14.7214 13.7214 -3.65953
17.2 11.5516 10.5516 -3.90172
17.3 3.72704 2.72704 -3.71129
17.4 10.0319 9.03187 -3.46871
17.5 16.5871 15.5871 -3.74718
17.6 13.0722 12.0722 -4.21543
17.7 15.032 14.032 -4.59788
17.8 6.34143 5.34143 -4.66321
17.9 9.05311 8.05311 -4.51406
18 15.6396 14.6396 -4.67645
18.1 4.24267 3.24267 -4.63217
18.2 2.67913 1.67913 -4.0575
18.3 7.58817 6.58817 -3.58692
18.4 9.73269 8.73269 -3.3845
18.5 0 -1 -2.85739
18.6 0 -1 -1.95067
18.7 8.67337 7.67337 -1.35187
18.8 3.76924 2.76924 -0.979097
18.9 13.7867 12.7867 -0.901257
19 16.2365 15.2365 -1.30961
19.1 8.63098 7.63098 -1.57757
19.2 14.0958 13.0958 -1.70731
19.3 4.8074 3.8074 -1.59835
19.4 0 -1 -0.912054
19.5 6.40002 5.40002 -0.302479
19.6 16.3464 15.3464 -0.376932
19.7 11.1422 10.1422 -0.756555
19.8 20.2799 19.2799 -1.28804
19.9 5.83137 4.83137 -1.55884
20 10.8498 9.84976 -1.5627
20.1 28.6723 27.6723 -2.43316
20.2 13.4275 12.4275 -3.42861
20.3 7.05045 6.05045 -3.52942
20.4 8.06027 7.06027 -3.37178
20.5 19.4383 18.4383 -3.65535
20.6 2.50139 1.50139 -3.7288
20.7 8.35302 7.35302 -3.32789
20.8 1.64698 0.646984 -2.77962
20.9 0 -1 -1.93203
21 7.76541 6.76541 -1.38399
21.1 20.2212 19.2212 -1.73745
21.2 17.9003 16.9003 -2.564
21.3 13.3069 12.3069 -3.15249
21.4 16.9629 15.9629 -3.73665
21.5 26.1438 25.1438 -4.80408
21.6 11.6101 10.6101 -5.6353
21.7 8.87316 7.87316 -5.73027
21.8 7.21616 6.21616 -5.50185
21.9 0 -1 -4.90227
22 6.17526 5.17526 -4.23668
22.1 4.75118 3.75118 -3.7965
22.2 17.9902 16.9902 -4.10743
22.3 49.4789 48.4789 -6.28958
22.4 21.6044 20.6044 -8.61458
22.5 6.48025 5.48025 -9.26416
22.6 25.9241 24.9241 -9.90137
22.7 16.2786 15.2786 -10.8422
22.8 1.31706 0.31706 -10.7738
22.9 0 -1 -9.89908
23 0 -1 -8.94883
23.1 8.94378 7.94378 -8.35523
23.2 1.05622 0.0562246 -7.83759
23.3 6.11344 5.11344 -7.22704
23.4 3.88656 2.88656 -6.70564
23.5 5.52697 4.52697 -6.18735
23.6 4.47303 3.47303 -5.65733
23.7 0 -1 -4.88466
23.8 1.19898 0.198983 -4.04512
23.9 16.4892 15.4892 -3.86577
24 5.34287 4.34287 -3.91553
24.1 12.4974 11.4974 -3.88758
24.2 15.3815 14.3815 -4.2128
24.3 11.7883 10.7883 -4.64029
24.4 26.4174 25.4174 -5.50812
24.5 14.2557 13.2557 -6.47228
24.6 14.8682 13.8682 -6.98579
24.7 11.7605 10.7605 -7.2477
24.8 0 -1 -6.87007
24.9 3.57854 2.57854 -6.11517
25 6.42146 5.42146 -5.62378
25.1 13.5213 12.5213 -5.63237
25.2 16.4787 15.4787 -6.01856
25.3 0 -1 -5.83008
25.4 0 -1 -4.93489
25.5 6.0706 5.0706 -4.28353
25.6 17.1418 16.1418 -4.41911
25.7 17.0563 16.0563 -5.04575
25.8 9.73129 8.73129 -5.3446
25.9 0 -1 -4.8614
26 0 -1 -3.93693
26.1 5.94058 4.94058 -3.21616
26.2 4.05942 3.05942 -2.73978
26.3 15.4609 14.4609 -2.77932
26.4 27.1734 26.1734 -3.89539
26.5 34.7772 33.7772 -5.88918
26.6 22.5885 21.5885 -7.65131
26.7 6.75755 5.75755 -8.15623
26.8 3.24245 2.24245 -7.80212
26.9 18.9747 17.9747 -7.92179
27 17.5106 16.5106 -8.6362
27.1 12.2011 11.2011 -9.2158
27.2 28.558 27.558 -10.2533
27.3 21.5035 20.5035 -11.5832
27.4 3.97326 2.97326 -11.9571
27.5 14.5742 13.5742 -11.9049
27.6 2.70476 1.70476 -11.7323
27.7 8.34773 7.34773 -11.4112
27.8 20.7019 19.7019 -11.7885
27.9 10.9503 9.95034 -12.269
28 3.59895 2.59895 -12.1515
28.1 23.8457 22.8457 -12.5078
28.2 14.3544 13.3544 -13.2947
28.3 8.20095 7.20095 -13.4376
28.4 1.99536 0.995358 -13.0559
28.5 17.8509 16.8509 -13.0077
28.6 5.04956 4.04956 -13.1298
28.7 15.1042 14.1042 -13.1514
28.8 5.8345 4.8345 -13.2397
28.9 23.97 22.97 -13.6684
29 0.195523 -0.804477 -13.777
29.1 0 -1 -12.9552
29.2 9.49 8.49 -12.4608
29.3 18.5798 17.5798 -12.8074
29.4 15.4487 14.4487 -13.4743
29.5 16.6416 15.6416 -14.0701
29.6 9.83983 8.83983 -14.3475
29.7 2.77114 1.77114 -14.0387
29.8 7.22886 6.22886 -13.5315
29.9 0 -1 -12.8957
30 5.59696 4.59696 -12.2108
30.1 4.40304 3.40304 -11.659
30.2 1.35075 0.350746 -10.998
30.3 8.64925 7.64925 -10.4631
30.4 0 -1 -9.90987
30.5 9.46064 8.46064 -9.38302
30.6 0.539356 -0.460644 -8.87096
30.7 9.98884 8.98884 -8.49567
30.8 18.2673 17.2673 -8.7756
30.9 1.74382 0.743817 -8.73655
31 0 -1 -7.90202
31.1 0.97441 -0.0255896 -7.02491
31.2 15.1713 14.1713 -6.77619
31.3 3.85433 2.85433 -6.63807
31.4 0 -1 -5.91097
31.5 4.01464 3.01464 -5.13436
31.6 5.98536 4.98536 -4.5885
31.7 0 -1 -3.87293
31.8 0 -1 -2.96583
31.9 12.6222 11.6222 -2.57132
32 7.3778 6.3778 -2.47657
32.1 0 -1 -1.87158
32.2 0 -1 -0.957105
32.3 11.1816 10.1816 -0.507415
32.4 8.81843 7.81843 -0.41209
32.5 1.01795 0.0179498 0.0425052
32.6 8.98205 7.98205 0.479794
32.7 15.166 14.166 0.307078
32.8 14.834 13.834 -0.0915059
32.9 0 -1 0.128137
33 6.96013 5.96013 0.71916
33.1 5.6853 4.6853 1.07319
33.2 17.5353 16.5353 0.888299
33.3 18.8126 17.8126 0.17042
33.4 12.1111 11.1111 -0.419369
33.5 18.8226 17.8226 -0.91433
33.6 3.59026 2.59026 -1.07031
33.7 16.4827 15.4827 -1.07273
33.8 0 -1 -0.821103
33.9 0 -1 0.0302069
34 13.666 12.666 0.294164
34.1 26.4826 25.4826 -0.634122
34.2 22.7973 21.7973 -2.01762
34.3 17.0541 16.0541 -2.99022
34.4 8.79616 7.79616 -3.34241
34.5 16.3334 15.3334 -3.63757
34.6 14.8704 13.8704 -4.08521
34.7 0 -1 -3.84041
34.8 0 -1 -2.91114
34.9 0 -1 -1.90184
35 0 -1 -0.933741
35.1 6.12994 5.12994 -0.230651
35.2 3.87006 2.87006 0.318112
35.3 0 -1 1.10168
35.4 2.45531 1.45531 1.93499
35.5 7.54469 6.54469 2.48188
35.6 0 -1 3.13565
35.7 0.329459 -0.670541 3.99981
35.8 15.7548 14.7548 4.25821
35.9 3.91571 2.91571 4.35722
36 2.25787 1.25787 4.96162
36.1 7.74213 6.74213 5.43411
36.2 12.4354 11.4354 5.46589
36.3 11.947 10.947 5.14496
36.4 36.0644 35.0644 3.80231
36.5 22.6421 21.6421 2.01519
36.6 16.1142 15.1142 1.02505
36.7 10.0286 9.0286 0.741179
36.8 0.768355 -0.231645 1.17164
36.9 1.34228 0.342276 1.98586
37 9.82079 8.82079 2.42064
37.1 12.3405 11.3405 2.32847
37.2 19.9694 18.9694 1.62618
37.3 36.527 35.527 -0.0210676
37.4 7.97038 6.97038 -1.18324
37.5 10.6388 9.63884 -1.25926
37.6 11.3908 10.3908 -1.36335
37.7 17.3954 16.3954 -1.78409
37.8 12.9741 11.9741 -2.25937
37.9 9.6305 8.6305 -2.3694
38 0 -1 -1.85938
38.1 0 -1 -0.952522
38.2 9.93565 8.93565 -0.450158
38.3 10.0643 9.06435 -0.354236
38.4 0 -1 0.138463
38.5 0 -1 1.09162
38.6 0 -1 2.09395
38.7 0 -1 3.09867
38.8 0.110594 -0.889406 4.04106
38.9 9.88941 8.88941 4.58189
39 2.36183 1.36183 4.98707
39.1 7.63817 6.63817 5.48371
39.2 0 -1 6.13045
39.3 0 -1 7.094
39.4 0.598581 -0.401419 7.99737
39.5 14.5902 13.5902 8.28489
39.6 4.81121 3.81121 8.38184
39.7 6.96668 5.96668 8.65792
39.8 21.9628 20.9628 8.3243
39.9 1.07057 0.0705658 8.25822
40 1.93579 0.935789 8.8264
40.1 34.7589 33.7589 8.15054
40.2 5.6499 4.6499 7.27288
40.3 7.65541 6.65541 7.48802
40.4 0 -1 8.12239
40.5 3.94365 2.94365 8.81491
40.6 15.9852 14.9852 8.92108
40.7 0.0711481 -0.928852 9.17534
40.8 0 -1 10.0514
40.9 8.76877 7.76877 10.6043
41 10.7642 9.76425 10.7173
41.1 2.72126 1.72126 10.9555
41.2 20.9004 19.9004 10.7996
41.3 6.84534 5.84534 10.5388
41.4 0 -1 11.1163
41.5 0 -1 12.0918
41.6 1.96066 0.960656 12.9264
41.7 14.6019 13.6019 13.1484
41.8 8.14866 7.14866 12.9964
41.9 21.9443 20.9443 12.5412
42 3.34454 2.34454 12.3713
42.1 0.060795 -0.939205 13.0483
42.2 9.93921 8.93921 13.5959
42.3 0 -1 14.113
42.4 6.29713 5.29713 14.7576
42.5 3.70287 2.70287 15.3112
42.6 0 -1 16.1031
42.7 2.02311 1.02311 16.9539
42.8 7.97689 6.97689 17.5032
42.9 0 -1 18.1333
43 0 -1 19.0743
43.1 4.18565 3.18565 19.8416
43.2 10.3878 9.38783 20.1008
43.3 17.2986 16.2986 19.7383
43.4 17.4228 16.4228 19.0701
43.5 12.0299 11.0299 18.5093
43.6 27.8115 26.8115 17.5736
43.7 12.0732 11.0732 16.6139
43.8 20.2047 19.2047 15.9614
43.9 11.1973 10.1973 15.4152
44 16.3625 15.3625 15.0066
44.1 11.0261 10.0261 14.7141
44.2 2.57652 1.57652 14.9752
44.3 7.42348 6.42348 15.4694
44.4 2.64675 1.64675 15.9072
44.5 20.5185 19.5185 15.7289
44.6 16.8347 15.8347 15.0446
44.7 0.197314 -0.802686 15.0455
44.8 24.2592 23.2592 14.7774
44.9 17.7815 16.7815 13.809
45 15.389 14.389 13.1161
45.1 13.1616 12.1616 12.6993
45.2 9.2113 8.2113 12.5888
45.3 7.10539 6.10539 12.6559
45.4 27.3451 26.3451 11.9429
45.5 23.1696 22.1696 10.5384
45.6 17.8126 16.8126 9.50166
45.7 9.07567 8.07567 9.11805
45.8 13.8473 12.8473 8.90099
45.9 18.2525 17.2525 8.38622
46 6.62788 5.62788 8.10188
46.1 18.6011 17.6011 7.7719
46.2 21.2334 20.2334 6.85399
46.3 16.9294 15.9294 6.04258
46.4 0 -1 6.07847
46.5 20.8862 19.8862 5.91992
46.6 27.2031 26.2031 4.66473
46.7 17.8796 16.8796 3.47036
46.8 10.9316 9.93155 2.89935
46.9 28.8657 27.8657 1.89231
47 24.2338 23.2338 0.406921
47.1 9.17865 8.17865 -0.355091
47.2 20.8214 19.8214 -0.899738
47.3 16.118 15.118 -1.67488
47.4 12.8198 11.8198 -2.09396
47.5 1.06221 0.0622131 -1.79671
47.6 0 -1 -0.899997
47.7 0 -1 0.0366845
47.8 12.7661 11.7661 0.421231
47.9 7.23392 6.23392 0.517077
48 0 -1 1.12813
48.1 0 -1 2.04499
48.2 9.83803 8.83803 2.60353
48.3 0.161966 -0.838034 3.1285
48.4 5.13285 4.13285 3.80879
48.5 4.86715 3.86715 4.36877
48.6 0 -1 5.07011
48.7 9.41089 8.41089 5.6059
48.8 4.46879 3.46879 5.92286
48.9 11.3861 10.3861 6.13149
49 4.73417 3.73417 6.38537
49.1 0 -1 7.11369
49.2 0 -1 8.06967
49.3 5.93563 4.93563 8.74812
49.4 10.515 9.51503 8.98904
49.5 3.54934 2.54934 9.2792
49.6 10.4014 9.40136 9.4931
49.7 19.5986 18.5986 9.09464
49.8 8.9045 7.9045 8.57904
49.9 35.6884 34.6884 7.33026
50 25.4071 24.4071 5.54019
50.1 0 -1 5.15845
50.2 8.94681 7.94681 5.63346
50.3 1.05319 0.0531909 6.19758
50.4 0 -1 7.02599
50.5 15.8444 14.8444 7.21738
50.6 18.2551 17.2551 6.64516
50.7 5.90049 4.90049 6.47182
50.8 0 -1 7.09222
50.9 6.32179 5.32179 7.7146
51 12.9005 11.9005 7.84523
51.1 0.777718 -0.222282 8.19164
51.2 0 -1 9.0856
51.3 3.7034 2.7034 9.80029
51.4 23.3659 22.3659 9.52442
51.5 12.0107 11.0107 8.79473
51.6 22.452 21.452 8.06897
51.7 8.46793 7.46793 7.62343
51.8 1.28885 0.288852 8.01593
51.9 8.71115 7.71115 8.54352
52 0 -1 9.05411
52.1 17.117 16.117 9.21811
52.2 4.09285 3.09285 9.22325
52.3 8.79011 7.79011 9.51077
52.4 7.14388 6.14388 9.7703
52.5 2.85612 1.85612 10.2336
52.6 7.03749 6.03749 10.7407
52.7 3.73684 2.73684 11.1911
52.8 10.256 9.25598 11.469
52.9 11.4396 10.4396 11.4195
53 10.3786 9.37855 11.3326
53.1 13.0664 12.0664 11.0248
53.2 38.0896 37.0896 9.57045
53.3 19.8612 18.8612 7.78291
53.4 21.115 20.115 6.68469
53.5 9.84808 8.84808 6.18227
53.6 5.17124 4.17124 6.33179
53.7 12.8957 11.8957 6.44038
53.8 7.10429 6.10429 6.48364
53.9 6.31164 5.31164 6.7614
54 9.98098 8.98098 6.9749
54.1 3.70738 2.70738 7.32577
54.2 0 -1 8.10773
54.3 0.633702 -0.366298 9.01991
54.4 10.5423 9.54229 9.42024
54.5 17.8716 16.8716 9.13119
54.6 0.952412 -0.047588 9.21051
54.7 2.99874 1.99874 9.90809
54.8 9.37804 8.37804 10.2195
54.9 26.0749 25.0749 9.54417
55 11.5483 10.5483 8.76373
55.1 6.17547 5.17547 8.81458
55.2 6.41233 5.41233 9.01179
55.3 36.8875 35.8875 7.96487
55.4 10.5247 9.52472 6.80783
55.5 0.70448 -0.29552 6.95614
55.6 28.832 27.832 6.54003
55.7 10.4635 9.46347 5.71853
55.8 7.58399 6.58399 5.72565
55.9 10.0406 9.04056 5.64171
56 48.0732 47.0732 3.9204
56.1 10.8882 9.88822 2.20009
56.2 3.41406 2.41406 2.22633
56.3 14.9072 13.9072 2.32788
56.4 8.94793 7.94793 2.17959
56.5 10.0667 9.06673 2.21518
56.6 6.0781 5.0781 2.42472
56.7 4.53649 3.53649 2.86823
56.8 5.46351 4.46351 3.36086
56.9 7.05294 6.05294 3.67617
57 20.5787 19.5787 3.29602
57.1 20.2182 19.2182 2.39078
57.2 6.4632 5.4632 2.02548
57.3 10.7498 9.7498 2.12606
57.4 4.93712 3.93712 2.39214
57.5 0 -1 3.1139
57.6 0 -1 4.09255
57.7 0 -1 5.09907
57.8 0 -1 6.03605
57.9 13.5769 12.5769 6.33826
58 16.4231 15.4231 5.9487
58.1 7.89904 6.89904 5.71037
58.2 13.8497 12.8497 5.58792
58.3 12.6469 11.6469 5.28995
58.4 14.5176 13.5176 4.89181
58.5 20.181 19.181 4.20674
58.6 10.9057 9.90571 3.73474
58.7 0 -1 4.09453
58.8 11.0579 10.0579 4.44725
58.9 18.9421 17.9421 4.09444
59 0 -1 4.1846
59.1 0.696647 -0.303353 4.96883
59.2 18.8985 17.8985 4.98401
59.3 22.5326 21.5326 4.02078
59.4 16.0481 15.0481 3.1757
59.5 1.82423 0.824228 3.19546
59.6 14.4441 13.4441 3.24996
59.7 27.8428 26.8428 2.24162
59.8 17.7131 16.7131 1.08803
59.9 7.23868 6.23868 0.655266
60 31.9731 30.9731 -0.252895
60.1 13.4702 12.4702 -1.45723
60.2 23.0176 22.0176 -2.29403
60.3 4.30038 3.30038 -2.58312
60.4 0 -1 -1.89191
60.5 1.45543 0.455426 -1.0907
60.6 23.9111 22.9111 -1.26204
60.7 4.63347 3.63347 -1.58243
60.8 6.76612 5.76612 -1.31815
60.9 17.9525 16.9525 -1.46954
61 5.28138 4.28138 -1.58125
61.1 5.78552 4.78552 -1.24094
61.2 14.4207 13.4207 -1.2266
61.3 9.7938 8.7938 -1.34548
61.4 0.406454 -0.593546 -0.931311
61.5 9.59355 8.59355 -0.432426
61.6 2.05798 1.05798 -0.00888951
61.7 10.3281 9.32805 0.345132
61.8 7.61397 6.61397 0.467125
61.9 13.5101 12.5101 0.374842
62 16.4899 15.4899 -0.0630672
62.1 9.55605 8.55605 -0.312212
62.2 0.443948 -0.556052 0.151516
62.3 2.14173 1.14173 0.946146
62.4 7.85827 6.85827 1.49676
62.5 2.8365 1.8365 1.86883
62.6 24.9775 23.9775 1.55608
62.7 4.88541 3.88541 1.10066
62.8 19.5016 18.5016 0.819222
62.9 7.79897 6.79897 0.589027
63 1.41556 0.415564 0.893943
63.1 33.2981 32.2981 0.229069
63.2 15.6537 14.6537 -1.10819
63.3 23.0949 22.0949 -2.06801
63.4 6.53772 5.53772 -2.46857
63.5 0 -1 -1.92831
63.6 12.754 11.754 -1.73488
63.7 40.9156 39.9156 -3.24581
63.8 17.6287 16.6287 -5.00471
63.9 8.70169 7.70169 -5.40702
64 3.03676 2.03676 -5.14546
64.1 28.6054 27.6054 -5.76814
64.2 31.2082 30.2082 -7.61635
64.3 26.0765 25.0765 -9.36471
64.4 1.07314 0.073136 -9.72705
64.5 0 -1 -9.00146
64.6 18.9126 17.9126 -8.85432
64.7 1.08744 0.087437 -8.76376
64.8 1.43609 0.436088 -8.01939
64.9 8.56391 7.56391 -7.50227
65 7.35891 6.35891 -7.24727
65.1 2.64109 1.64109 -6.74031
65.2 0.784428 -0.215572 -5.97961
65.3 9.21557 8.21557 -5.44097
65.4 0 -1 -4.86125
65.5 0 -1 -3.92378
65.6 4.38988 3.38988 -3.19177
65.7 13.8203 12.8203 -3.02335
65.8 3.66745 2.66745 -2.93795
65.9 19.7477 18.7477 -3.10813
66 9.49466 8.49466 -3.52179
66.1 16.1435 15.1435 -3.82973
66.2 9.32622 8.32622 -4.06397
66.3 9.33207 8.33207 -4.02797
66.4 7.8122 6.8122 -3.87633
66.5 6.26605 5.26605 -3.55945
66.6 1.15096 0.150957 -2.9816
66.7 9.97757 8.97757 -2.55262
66.8 9.26563 8.26563 -2.51998
66.9 17.9541 16.9541 -2.80821
67 1.65171 0.651706 -2.76802
67.1 6.69049 5.69049 -2.27594
67.2 7.90582 6.90582 -1.96115
67.3 5.40369 4.40369 -1.61762
67.4 4.38489 3.38489 -1.14832
67.5 10.04 9.03999 -0.849186
67.6 5.57512 4.57512 -0.625447
67.7 9.34119 8.34119 -0.348151
67.8 0.658807 -0.341193 0.0976592
67.9 17.445 16.445 0.116559
68 21.6182 20.6182 -0.672539
68.1 7.97908 6.97908 -1.22642
68.2 22.9577 21.9577 -1.7263
68.3 0 -1 -1.79648
68.4 0 -1 -0.914198
68.5 0 -1 0.0754912
68.6 4.89996 3.89996 0.826827
68.7 5.10004 4.10004 1.33435
68.8 8.81116 7.81116 1.64247
68.9 7.22551 6.22551 1.87489
69 3.96333 2.96333 2.32195
69.1 0 -1 3.11814
69.2 0 -1 4.02072
69.3 15.462 14.462 4.2986
69.4 4.53803 3.53803 4.40053
69.5 0 -1 5.06722
69.6 8.67965 7.67965 5.6561
69.7 1.32035 0.320353 6.17117
69.8 7.73704 6.73704 6.64196
69.9 14.7505 13.7505 6.57796
70 9.81395 8.81395 6.37435
70.1 10.953 9.953 6.28896
70.2 16.7257 15.7257 5.8582
70.3 26.2456 25.2456 4.84025
70.4 3.77418 2.77418 4.40919
70.5 0.799653 -0.200347 4.97151
70.6 18.5616 17.5616 5.09092
70.7 0.638706 -0.361294 5.18687
70.8 6.30777 5.30777 5.75605
70.9 3.69223 2.69223 6.29556
71 4.91751 3.91751 6.7753
71.1 19.5927 18.5927 6.55397
71.2 20.557 19.557 5.63605
71.3 14.9328 13.9328 4.93146
71.4 0 -1 5.16357
71.5 0 -1 6.03286
71.6 13.1698 12.1698 6.36448
71.7 14.9766 13.9766 6.08561
71.8 2.20424 1.20424 6.19224
71.9 9.64938 8.64938 6.54226
72 9.35267 8.35267 6.61668
72.1 12.5471 11.5471 6.51894
72.2 12.8945 11.8945 6.22273
72.3 20.4614 19.4614 5.58383
72.4 15.5355 14.5355 4.79264
72.5 19.2089 18.2089 4.11259
72.6 3.76597 2.76597 3.89964
72.7 20.2053 19.2053 3.6677
72.8 12.1607 11.1607 3.09524
72.9 19.6222 18.6222 2.51524
73 8.13084 7.13084 2.13092
73.1 17.4555 16.4555 1.73879
73.2 27.7819 26.7819 0.55356
73.3 20.8776 19.8776 -0.734937
73.4 0 -1 -0.815702
73.5 0 -1 0.0900138
73.6 0.178367 -0.821633 1.04308
73.7 9.82163 8.82163 1.55679
73.8 6.06568 5.06568 1.81084
73.9 8.36684 7.36684 1.96543
74 27.2393 26.2393 1.29046
74.1 8.32813 7.32813 0.595311
74.2 11.5435 10.5435 0.410071
74.3 29.6595 28.6595 -0.572651
74.4 17.6842 16.6842 -1.77716
74.5 1.11287 0.112866 -1.77636
74.6 0 -1 -0.910076
74.7 1.55194 0.551938 -0.0183013
74.8 8.44806 7.44806 0.458508
74.9 15.8467 14.8467 0.194633
75 33.8294 32.8294 -1.25926
75.1 30.3238 29.3238 -3.22979
75.2 3.19323 2.19323 -4.11857
75.3 39.9541 38.9541 -5.29918
75.4 16.8526 15.8526 -6.86802
75.5 0 -1 -6.84284
75.6 0 -1 -5.90926
75.7 0 -1 -4.90459
75.8 1.39291 0.392906 -4.05427
75.9 16.8956 15.8956 -3.92803
76 11.3961 10.3961 -4.33359
76.1 23.7803 22.7803 -5.06704
76.2 11.5729 10.5729 -5.78435
76.3 15.4979 14.4979 -6.23514
76.4 20.5222 19.5222 -6.95462
76.5 9.60781 8.60781 -7.44399
76.6 9.33419 8.33419 -7.40114
76.7 0 -1 -6.86049
76.8 0.562928 -0.437072 -5.98445
76.9 9.43707 8.43707 -5.42599
77 0 -1 -4.89866
77.1 7.98491 6.98491 -4.31666
77.2 2.01509 1.01509 -3.79268
77.3 6.48463 5.48463 -3.26274
77.4 8.36905 7.36905 -2.96487
77.5 5.14633 4.14633 -2.61243
77.6 0 -1 -1.87813
77.7 0 -1 -0.967441
77.8 13.2644 12.2644 -0.615235
77.9 10.2424 9.24237 -0.709855
78 6.4932 5.4932 -0.553861
78.1 3.85513 2.85513 -0.106869
78.2 9.09179 8.09179 0.19954
78.3 14.9535 13.9535 0.0669652
78.4 7.31583 6.31583 -0.0724365
78.5 17.1299 16.1299 -0.291099
78.6 7.65377 6.65377 -0.441777
78.7 0 -1 0.124342
78.8 0 -1 1.09189
78.9 0 -1 2.0989
79 0 -1 3.04695
79.1 10.7934 9.79339 3.48797
79.2 15.6514 14.6514 3.19068
79.3 20.3258 19.3258 2.43463
79.4 17.0751 16.0751 1.5293
79.5 26.0374 25.0374 0.483603
79.6 0.116992 -0.883008 0.217286
79.7 0 -1 1.0956
79.8 0.510133 -0.489867 1.91477
79.9 33.9366 32.9366 1.28012
80 13.6542 12.6542 0.128419
80.1 2.75043 1.75043 0.0964984
80.2 21.526 20.526 -0.110508
80.3 12.2268 11.2268 -0.690745
80.4 8.38372 7.38372 -0.764726
80.5 7.50328 6.50328 -0.615724
80.6 15.4993 14.4993 -0.714256
80.7 4.00949 3.00949 -0.653508
80.8 4.8506 3.8506 -0.160366
80.9 5.1494 4.1494 0.376132
81 0 -1 1.10128
81.1 4.36349 3.36349 1.81738
81.2 12.0534 11.0534 2.06225
81.3 3.58313 2.58313 2.28924
81.4 10.128 9.12796 2.50829
81.5 19.8536 18.8536 2.09108
81.6 10.0184 9.01843 1.66708
81.7 4.38917 3.38917 1.89343
81.8 5.61083 4.61083 2.32832
81.9 14.9732 13.9732 2.29917
82 15.0268 14.0268 1.89943
82.1 4.82841 3.82841 1.8411
82.2 17.6505 16.6505 1.66594
82.3 17.5211 16.5211 1.01295
82.4 9.58637 8.58637 0.62919
82.5 15.1762 14.1762 0.308069
82.6 22.5708 21.5708 -0.447301
82.7 2.66661 1.66661 -0.742658
82.8 17.1963 16.1963 -0.858836
82.9 20.0601 19.0601 -1.55211
83 2.74362 1.74362 -1.7353
83.1 12.7223 11.7223 -1.60724
83.2 15.6589 14.6589 -1.93937
83.3 8.7669 7.7669 -2.13921
83.4 6.36596 5.36596 -1.93493
83.5 6.48588 5.48588 -1.54784
83.6 0.023189 -0.976811 -0.926855
83.7 9.97681 8.97681 -0.406512
83.8 0 -1 0.11959
83.9 5.39041 4.39041 0.769771
84 13.6309 12.6309 0.725781
84.1 38.021 37.021 -0.744
84.2 21.618 20.618 -2.59167
84.3 17.8925 16.8925 -3.64388
84.4 13.4472 12.4472 -4.1498
84.5 0 -1 -3.88085
84.6 8.33994 7.33994 -3.408
84.7 17.6732 16.6732 -3.63875
84.8 13.0521 12.0521 -4.14541
84.9 14.5386 13.5386 -4.52154
85 8.77274 7.77274 -4.67575
85.1 7.62346 6.62346 -4.48552
85.2 0 -1 -3.89875
85.3 6.38366 5.38366 -3.26357
85.4 7.88926 6.88926 -2.93986
85.5 7.71717 6.71717 -2.72281
85.6 8.00991 7.00991 -2.46999
85.7 0 -1 -1.87024
85.8 0 -1 -0.906004
85.9 0 -1 0.0599068
86 8.54764 7.54764 0.599993
86.1 14.4356 13.4356 0.525925
86.2 7.01671 6.01671 0.510315
86.3 0 -1 1.12655
86.4 0 -1 2.04517
86.5 11.1678 10.1678 2.45384
86.6 18.8322 17.8322 1.99258
86.7 21.3036 20.3036 1.05045
86.8 14.3004 13.3004 0.289715
86.9 12.736 11.736 -0.118292
87 17.0957 16.0957 -0.600983
87.1 13.2776 12.2776 -1.04052
87.2 1.28674 0.286739 -0.796548
87.3 3.33478 2.33478 -0.102181
87.4 6.66522 5.66522 0.429998
87.5 3.69136 2.69136 0.909253
87.6 6.30864 5.30864 1.42302
87.7 1.3176 0.317601 2.01613
87.8 8.6824 7.6824 2.53216
87.9 0 -1 3.13679
88 0 -1 4.0918
88.1 0 -1 5.06223
88.2 8.6396 7.6396 5.574
88.3 19.4096 18.4096 5.20468
88.4 23.6147 22.6147 4.02796
88.5 35.8452 34.8452 2.18667
88.6 13.6204 12.6204 0.733113
88.7 18.8705 17.8705 0.0968253
88.8 0.570963 -0.429037 0.045913
88.9 23.1334 22.1334 -0.155128
89 6.29568 5.29568 -0.496865
89.1 5.61028 4.61028 -0.229586
89.2 12.8354 11.8354 -0.0875444
89.3 1.55433 0.554332 0.229946
89.4 0.710978 -0.289022 1.01756
89.5 10.9147 9.91469 1.40192
89.6 15.8814 14.8814 1.1883
89.7 3.61043 2.61043 1.0616
89.8 38.0188 37.0188 -0.0258424
89.9 25.7195 24.7195 -1.99234
90 16.1568 15.1568 -3.16306
90.1 15.2085 14.2085 -3.7379
90.2 9.33336 8.33336 -3.95039
90.3 4.44549 3.44549 -3.63716
90.4 0 -1 -2.94855
90.5 13.0047 12.0047 -2.58578
90.6 6.99527 5.99527 -2.5392
90.7 9.42422 8.42422 -2.34742
90.8 0.575776 -0.424224 -1.87384
90.9 8.38302 7.38302 -1.32875
91 1.61698 0.616977 -0.839661
91.1 12.2141 11.2141 -0.545488
91.2 7.7859 6.7859 -0.522263
91.3 15.0858 14.0858 -0.700435
91.4 14.9142 13.9142 -1.08924
91.5 0 -1 -0.836199
91.6 0 -1 0.0457715
91.7 9.24428 8.24428 0.627888
91.8 0.755724 -0.244276 1.18351
91.9 0 -1 2.02383
92 14.8705 13.8705 2.32807
92.1 5.12953 4.12953 2.40313
92.2 5.49403 4.49403 2.74613
92.3 21.0335 20.0335 2.41717
92.4 21.0292 20.0292 1.48316
92.5 2.44334 1.44334 1.25065
92.6 13.0919 12.0919 1.38162
92.7 14.4495 13.4495 1.05009
92.8 16.2123 15.2123 0.568343
92.9 6.24636 5.24636 0.41242
93 15.735 14.735 0.238056
93.1 20.3867 19.3867 -0.480353
93.2 12.3113 11.3113 -1.08864
93.3 12.1437 11.1437 -1.42986
93.4 26.6657 25.6657 -2.28565
93.5 10.4316 9.43158 -3.10884
93.6 18.9267 17.9267 -3.6892
93.7 24.0535 23.0535 -4.77182
93.8 20.9171 19.9171 -5.98697
93.9 16.2366 15.2366 -6.79772
94 4.06213 3.06213 -6.85744
94.1 8.12988 7.12988 -6.48612
94.2 0 -1 -5.86327
94.3 0.274844 -0.725156 -4.96999
94.4 9.72516 8.72516 -4.41759
94.5 0 -1 -3.85583
94.6 0 -1 -2.94003
94.7 6.29168 5.29168 -2.23123
94.8 3.70832 2.70832 -1.76283
94.9 16.9577 15.9577 -1.84319
95 22.9511 21.9511 -2.74475
95.1 17.2114 16.2114 -3.71475
95.2 12.5671 11.5671 -4.17173
95.3 0.31269 -0.68731 -3.83706
95.4 0 -1 -2.8999
95.5 0.0295861 -0.970414 -2.01084
95.6 23.3904 22.3904 -2.16
95.7 16.58 15.58 -2.96525
95.8 2.30482 1.30482 -3.04816
95.9 21.0148 20.0148 -3.23833
96 12.4523 11.4523 -3.79245
96.1 8.33337 7.33337 -3.9155
96.2 14.4857 13.4857 -4.05309
96.3 11.409 10.409 -4.31515
96.4 9.4223 8.4223 -4.32979
96.5 2.40593 1.40593 -4.03386
96.6 24.1236 23.1236 -4.38501
96.7 20.7028 19.7028 -5.4356
96.8 3.34536 2.34536 -5.65137
96.9 1.25782 0.257818 -5.00109
97 8.74218 7.74218 -4.46169
97.1 0 -1 -3.87972
97.2 4.09799 3.09799 -3.14535
97.3 5.90201 4.90201 -2.58148
97.4 0 -1 -1.96093
97.5 17.1843 16.1843 -1.78155
97.6 2.81567 1.81567 -1.6775
97.7 0.270632 -0.729368 -0.960656
97.8 9.72937 8.72937 -0.417831
97.9 0 -1 0.146947
98 0 -1 1.00204
98.1 21.6097 20.6097 0.828027
98.2 40.4563 39.4563 -1.07295
98.3 17.934 16.934 -2.82623
98.4 2.47802 1.47802 -3.05528
98.5 21.3471 20.3471 -3.29026
98.6 16.1748 15.1748 -3.9959
98.7 0 -1 -3.82881
98.8 0.0237049 -0.976295 -2.99883
98.9 18.2343 17.2343 -2.82786
99 1.74198 0.741982 -2.72757
99.1 0.439903 -0.560097 -1.98097
99.2 11.6365 10.6365 -1.56354
99.3 7.92356 6.92356 -1.48408
99.4 6.93326 5.93326 -1.25386
99.5 7.52889 6.52889 -0.967204
99.6 5.53784 4.53784 -0.629511
99.7 7.13495 6.13495 -0.250295
99.8 4.09427 3.09427 0.116078
99.9 20.9323 19.9323 -0.155865
100 21.4834 20.4834 -1.1701
