0.000000e+00 2.379155e+01 2.279155e+01 1.111985e+01
1.000000e-01 9.050583e+00 8.050583e+00 1.061336e+01
2.000000e-01 0.000000e+00 -1.000000e+00 1.099201e+01
3.000000e-01 1.689167e+01 1.589167e+01 1.118144e+01
4.000000e-01 3.108333e+00 2.108333e+00 1.124578e+01
5.000000e-01 7.303621e+00 6.303621e+00 1.164480e+01
6.000000e-01 7.705514e+00 6.705514e+00 1.194418e+01
7.000000e-01 4.990866e+00 3.990866e+00 1.222584e+01
8.000000e-01 2.214360e+01 2.114360e+01 1.184714e+01
9.000000e-01 2.248206e+01 2.148206e+01 1.078443e+01
1.000000e+00 5.374341e+00 4.374341e+00 1.036991e+01
1.100000e+00 8.259757e+00 7.259757e+00 1.061717e+01
1.200000e+00 6.421551e+00 5.421551e+00 1.089241e+01
1.300000e+00 8.954885e+00 7.954885e+00 1.111972e+01
1.400000e+00 6.363807e+00 5.363807e+00 1.140200e+01
1.500000e+00 0.000000e+00 -1.000000e+00 1.203893e+01
1.600000e+00 6.735048e+00 5.735048e+00 1.263808e+01
1.700000e+00 1.475262e+01 1.375262e+01 1.257086e+01
1.800000e+00 1.989166e+01 1.889166e+01 1.189197e+01
1.900000e+00 1.700484e+01 1.600484e+01 1.103517e+01
2.000000e+00 2.349891e+01 2.249891e+01 1.001878e+01
2.100000e+00 1.801732e+01 1.701732e+01 9.015346e+00
2.200000e+00 8.609969e+00 7.609969e+00 8.697823e+00
2.300000e+00 1.489636e+00 4.896359e-01 9.070984e+00
2.400000e+00 1.651542e+01 1.551542e+01 9.204220e+00
2.500000e+00 3.484581e+00 2.484581e+00 9.268658e+00
2.600000e+00 5.852319e+00 4.852319e+00 9.713228e+00
2.700000e+00 1.053570e+01 9.535699e+00 9.872092e+00
2.800000e+00 1.820254e+01 1.720254e+01 9.486910e+00
2.900000e+00 1.262442e+01 1.162442e+01 8.938994e+00
3.000000e+00 1.984668e+01 1.884668e+01 8.365627e+00
3.100000e+00 2.938349e+00 1.938349e+00 8.279022e+00
3.200000e+00 0.000000e+00 -1.000000e+00 9.041102e+00
3.300000e+00 1.768734e+00 7.687342e-01 9.912157e+00
3.400000e+00 8.231266e+00 7.231266e+00 1.046171e+01
3.500000e+00 0.000000e+00 -1.000000e+00 1.105054e+01
3.600000e+00 6.833854e+00 5.833854e+00 1.164351e+01
3.700000e+00 1.135739e+01 1.035739e+01 1.177733e+01
3.800000e+00 9.840014e+00 8.840014e+00 1.175401e+01
3.900000e+00 5.975742e+00 4.975742e+00 1.195369e+01
4.000000e+00 5.993002e+00 4.993002e+00 1.233960e+01
4.100000e+00 6.417710e+00 5.417710e+00 1.269428e+01
4.200000e+00 1.053473e+01 9.534730e+00 1.288590e+01
4.300000e+00 5.345344e+00 4.345344e+00 1.300932e+01
4.400000e+00 2.423837e+01 2.323837e+01 1.260578e+01
4.500000e+00 3.463852e+00 2.463852e+00 1.230163e+01
4.600000e+00 5.839350e+00 4.839350e+00 1.273925e+01
4.700000e+00 4.160650e+00 3.160650e+00 1.320952e+01
4.800000e+00 1.469469e+01 1.369469e+01 1.329654e+01
4.900000e+00 5.305312e+00 4.305312e+00 1.335457e+01
5.000000e+00 5.902483e+00 4.902483e+00 1.368790e+01
5.100000e+00 1.617851e+01 1.517851e+01 1.363201e+01
5.200000e+00 7.919009e+00 6.919009e+00 1.350883e+01
5.300000e+00 0.000000e+00 -1.000000e+00 1.407499e+01
5.400000e+00 1.354549e+00 3.545487e-01 1.487854e+01
5.500000e+00 1.864545e+01 1.764545e+01 1.496598e+01
5.600000e+00 5.237995e+00 4.237995e+00 1.474753e+01
5.700000e+00 2.476200e+01 2.376200e+01 1.429472e+01
5.800000e+00 0.000000e+00 -1.000000e+00 1.416031e+01
5.900000e+00 0.000000e+00 -1.000000e+00 1.502767e+01
6.000000e+00 0.000000e+00 -1.000000e+00 1.604345e+01
6.100000e+00 0.000000e+00 -1.000000e+00 1.704030e+01
6.200000e+00 0.000000e+00 -1.000000e+00 1.800990e+01
6.300000e+00 7.741187e+00 6.741187e+00 1.856939e+01
6.400000e+00 1.933377e+01 1.833377e+01 1.820799e+01
6.500000e+00 2.856437e+01 2.756437e+01 1.690214e+01
6.600000e+00 1.891574e+01 1.791574e+01 1.564416e+01
6.700000e+00 5.444937e+00 4.444937e+00 1.528593e+01
6.800000e+00 2.324933e+01 2.224933e+01 1.482112e+01
6.900000e+00 1.697729e+01 1.597729e+01 1.392849e+01
7.000000e+00 9.773384e+00 8.773384e+00 1.360712e+01
7.100000e+00 0.000000e+00 -1.000000e+00 1.400081e+01
7.200000e+00 1.810033e+01 1.710033e+01 1.406545e+01
7.300000e+00 1.401478e+01 1.301478e+01 1.358321e+01
7.400000e+00 8.972197e+00 7.972197e+00 1.333658e+01
7.500000e+00 2.251820e+01 2.151820e+01 1.277600e+01
7.600000e+00 1.452511e+01 1.352511e+01 1.200436e+01
7.700000e+00 1.542312e+01 1.442312e+01 1.130508e+01
7.800000e+00 4.462718e+01 4.362718e+01 9.466886e+00
7.900000e+00 1.181908e+01 1.081908e+01 7.841449e+00
8.000000e+00 0.000000e+00 -1.000000e+00 8.046076e+00
8.100000e+00 9.791509e+00 8.791509e+00 8.376343e+00
8.200000e+00 3.717226e+01 3.617226e+01 7.185489e+00
8.300000e+00 1.303623e+01 1.203623e+01 5.868737e+00
8.400000e+00 0.000000e+00 -1.000000e+00 6.084691e+00
8.500000e+00 0.000000e+00 -1.000000e+00 7.042891e+00
8.600000e+00 5.219488e-01 -4.780512e-01 7.935779e+00
8.700000e+00 1.718942e+01 1.618942e+01 8.073781e+00
8.800000e+00 1.189607e+01 1.089607e+01 7.754763e+00
8.900000e+00 3.925693e-01 -6.074307e-01 8.106376e+00
9.000000e+00 1.398868e+00 3.988680e-01 8.927273e+00
9.100000e+00 8.601132e+00 7.601132e+00 9.476137e+00
9.200000e+00 0.000000e+00 -1.000000e+00 1.008518e+01
9.300000e+00 0.000000e+00 -1.000000e+00 1.099200e+01
9.400000e+00 9.367813e+00 8.367813e+00 1.155174e+01
9.500000e+00 4.961263e+00 3.961263e+00 1.187184e+01
9.600000e+00 5.670925e+00 4.670925e+00 1.234385e+01
9.700000e+00 7.974140e-01 -2.025860e-01 1.297541e+01
9.800000e+00 1.126979e+01 1.026979e+01 1.335762e+01
9.900000e+00 8.922193e+00 7.922193e+00 1.340384e+01
1.000000e+01 9.010608e+00 8.010608e+00 1.346954e+01
1.010000e+01 1.274424e+01 1.174424e+01 1.340913e+01
1.020000e+01 7.255757e+00 6.255757e+00 1.345996e+01
1.030000e+01 0.000000e+00 -1.000000e+00 1.407278e+01
1.040000e+01 0.000000e+00 -1.000000e+00 1.501325e+01
1.050000e+01 5.211866e+00 4.211866e+00 1.575727e+01
1.060000e+01 6.283598e+00 5.283598e+00 1.614624e+01
1.070000e+01 1.796393e+01 1.696393e+01 1.596966e+01
1.080000e+01 1.192864e+01 1.092864e+01 1.550524e+01
1.090000e+01 1.627927e+01 1.527927e+01 1.512409e+01
1.100000e+01 2.332699e+00 1.332699e+00 1.523799e+01
1.110000e+01 0.000000e+00 -1.000000e+00 1.597699e+01
1.120000e+01 1.521855e+01 1.421855e+01 1.619663e+01
1.130000e+01 1.875960e+01 1.775960e+01 1.557683e+01
1.140000e+01 1.602185e+01 1.502185e+01 1.490217e+01
1.150000e+01 5.955140e+00 4.955140e+00 1.474924e+01
1.160000e+01 1.374999e+01 1.274999e+01 1.473702e+01
1.170000e+01 1.029487e+01 9.294874e+00 1.453741e+01
1.180000e+01 1.862813e+01 1.762813e+01 1.406256e+01
1.190000e+01 1.983695e+01 1.883695e+01 1.320177e+01
1.200000e+01 1.507268e+01 1.407268e+01 1.249765e+01
1.210000e+01 7.099426e+00 6.099426e+00 1.235212e+01
1.220000e+01 9.362819e+00 8.362819e+00 1.253705e+01
1.230000e+01 0.000000e+00 -1.000000e+00 1.306759e+01
1.240000e+01 4.989063e+00 3.989063e+00 1.370121e+01
1.250000e+01 1.803484e+01 1.703484e+01 1.362692e+01
1.260000e+01 9.485458e+00 8.485458e+00 1.324938e+01
1.270000e+01 2.231573e+01 2.131573e+01 1.260176e+01
1.280000e+01 2.402856e+01 2.302856e+01 1.138143e+01
1.290000e+01 1.787198e+01 1.687198e+01 1.030319e+01
1.300000e+01 1.327438e+01 1.227438e+01 9.782106e+00
1.310000e+01 0.000000e+00 -1.000000e+00 1.007660e+01
1.320000e+01 6.440613e+00 5.440613e+00 1.060801e+01
1.330000e+01 2.269597e+01 2.169597e+01 1.022333e+01
1.340000e+01 1.683416e+01 1.583416e+01 9.262866e+00
1.350000e+01 2.814208e+01 2.714208e+01 8.011565e+00
1.360000e+01 2.136698e+01 2.036698e+01 6.605762e+00
1.370000e+01 1.866361e+01 1.766361e+01 5.600322e+00
1.380000e+01 1.063527e+01 9.635270e+00 5.155074e+00
1.390000e+01 5.221320e+00 4.221320e+00 5.312386e+00
1.400000e+01 7.709164e+00 6.709164e+00 5.615981e+00
1.410000e+01 1.402371e+01 1.302371e+01 5.531901e+00
1.420000e+01 1.491012e+01 1.391012e+01 5.164603e+00
1.430000e+01 5.813735e+00 4.813735e+00 5.080941e+00
1.440000e+01 1.485219e+01 1.385219e+01 5.060633e+00
1.450000e+01 2.691083e+00 1.691083e+00 5.242866e+00
1.460000e+01 1.651969e+00 6.519690e-01 5.898447e+00
1.470000e+01 1.446691e+01 1.346691e+01 6.103109e+00
1.480000e+01 1.246014e+01 1.146014e+01 5.830507e+00
1.490000e+01 1.003293e+01 9.032925e+00 5.680558e+00
1.500000e+01 1.138806e+01 1.038806e+01 5.636283e+00
1.510000e+01 4.063590e+00 3.063590e+00 5.861968e+00
1.520000e+01 5.936410e+00 4.936410e+00 6.326901e+00
1.530000e+01 5.372656e+00 4.372656e+00 6.781582e+00
1.540000e+01 4.627344e+00 3.627344e+00 7.240243e+00
1.550000e+01 1.251373e+01 1.151373e+01 7.346878e+00
1.560000e+01 2.098171e+01 1.998171e+01 6.648251e+00
1.570000e+01 3.221490e+01 3.121490e+01 5.116363e+00
1.580000e+01 1.214511e+01 1.114511e+01 4.005818e+00
1.590000e+01 2.144557e+00 1.144557e+00 4.111752e+00
1.600000e+01 1.836546e+01 1.736546e+01 4.041922e+00
1.610000e+01 1.900778e+01 1.800778e+01 3.294613e+00
1.620000e+01 9.979338e+00 8.979338e+00 2.873953e+00
1.630000e+01 2.647422e+00 1.647422e+00 3.211047e+00
1.640000e+01 1.659084e+00 6.590840e-01 3.907900e+00
1.650000e+01 1.322525e+01 1.222525e+01 4.156097e+00
1.660000e+01 1.444381e+01 1.344381e+01 3.828817e+00
1.670000e+01 1.390414e+01 1.290414e+01 3.430972e+00
1.680000e+01 1.054936e+01 9.549360e+00 3.178977e+00
1.690000e+01 1.592768e+01 1.492768e+01 2.863022e+00
1.700000e+01 1.029068e+01 9.290681e+00 2.599641e+00
1.710000e+01 6.996493e+00 5.996493e+00 2.679906e+00
1.720000e+01 1.112128e+01 1.012128e+01 2.806478e+00
1.730000e+01 1.882227e+00 8.822267e-01 3.185170e+00
1.740000e+01 0.000000e+00 -1.000000e+00 4.031022e+00
1.750000e+01 4.337721e+00 3.337721e+00 4.749570e+00
1.760000e+01 1.514935e+01 1.414935e+01 4.868804e+00
1.770000e+01 5.129253e-01 -4.870747e-01 5.119020e+00
1.780000e+01 4.112585e+00 3.112585e+00 5.800981e+00
1.790000e+01 7.240127e+00 6.240127e+00 6.223314e+00
1.800000e+01 1.386532e+01 1.286532e+01 6.220838e+00
1.810000e+01 4.781966e+00 3.781966e+00 6.343411e+00
1.820000e+01 0.000000e+00 -1.000000e+00 7.058752e+00
1.830000e+01 0.000000e+00 -1.000000e+00 8.020082e+00
1.840000e+01 4.337490e+00 3.337490e+00 8.799754e+00
1.850000e+01 5.662510e+00 4.662510e+00 9.293357e+00
1.860000e+01 1.139215e+01 1.039215e+01 9.453254e+00
1.870000e+01 8.607849e+00 7.607849e+00 9.526264e+00
1.880000e+01 0.000000e+00 -1.000000e+00 1.004399e+01
1.890000e+01 7.427021e+00 6.427021e+00 1.062755e+01
1.900000e+01 8.991765e+00 7.991765e+00 1.080697e+01
1.910000e+01 1.833852e+01 1.733852e+01 1.040971e+01
1.920000e+01 2.274360e+01 2.174360e+01 9.507547e+00
1.930000e+01 2.499096e+00 1.499096e+00 9.195151e+00
1.940000e+01 1.591881e+01 1.491881e+01 9.168929e+00
1.950000e+01 1.898444e+01 1.798444e+01 8.438555e+00
1.960000e+01 2.895341e+01 2.795341e+01 7.160021e+00
1.970000e+01 6.143343e+00 5.143343e+00 6.438132e+00
1.980000e+01 9.324511e+00 8.324511e+00 6.560875e+00
1.990000e+01 7.177156e+00 6.177156e+00 6.743416e+00
2.000000e+01 1.087956e+01 9.879559e+00 6.863016e+00
2.010000e+01 2.618773e+00 1.618773e+00 7.199067e+00
2.020000e+01 6.870842e+00 5.870842e+00 7.596859e+00
2.030000e+01 2.281404e+01 2.181404e+01 7.193930e+00
2.040000e+01 1.228490e+01 1.128490e+01 6.488815e+00
2.050000e+01 1.563485e+01 1.463485e+01 6.098783e+00
2.060000e+01 3.394958e+00 2.394958e+00 6.139718e+00
2.070000e+01 9.000405e+00 8.000405e+00 6.480638e+00
2.080000e+01 5.106512e+00 4.106512e+00 6.760859e+00
2.090000e+01 1.489349e+01 1.389349e+01 6.759594e+00
2.100000e+01 9.726454e+00 8.726454e+00 6.591011e+00
2.110000e+01 8.112813e+00 7.112813e+00 6.653637e+00
2.120000e+01 9.844037e+00 8.844037e+00 6.782567e+00
2.130000e+01 5.753009e+00 4.753009e+00 6.932366e+00
2.140000e+01 2.018312e+01 1.918312e+01 6.664859e+00
2.150000e+01 1.212642e+01 1.112642e+01 6.049467e+00
2.160000e+01 2.412519e+01 2.312519e+01 5.312414e+00
2.170000e+01 1.289560e-01 -8.710440e-01 5.116678e+00
2.180000e+01 9.178152e+00 8.178152e+00 5.553978e+00
2.190000e+01 4.566523e+00 3.566523e+00 5.874328e+00
2.200000e+01 1.500580e+01 1.400580e+01 5.877471e+00
2.210000e+01 1.124953e+01 1.024953e+01 5.661707e+00
2.220000e+01 3.500530e+00 2.500530e+00 5.874480e+00
2.230000e+01 8.318520e+00 7.318520e+00 6.246687e+00
2.240000e+01 9.542313e+00 8.542313e+00 6.376419e+00
2.250000e+01 8.638637e+00 7.638637e+00 6.518028e+00
2.260000e+01 8.917490e-01 -1.082510e-01 6.947726e+00
2.270000e+01 1.900019e+01 1.800019e+01 6.923936e+00
2.280000e+01 1.757546e+01 1.657546e+01 6.187960e+00
2.290000e+01 1.647689e+01 1.547689e+01 5.500014e+00
2.300000e+01 1.048488e+01 9.484880e+00 5.143119e+00
2.310000e+01 1.084024e+01 9.840242e+00 5.078736e+00
2.320000e+01 6.251376e+00 5.251376e+00 5.148996e+00
2.330000e+01 2.134265e+01 2.034265e+01 4.807918e+00
2.340000e+01 9.365241e+00 8.365241e+00 4.306064e+00
2.350000e+01 1.836722e+01 1.736722e+01 3.840786e+00
2.360000e+01 2.087155e+01 1.987155e+01 2.939115e+00
2.370000e+01 1.813864e+01 1.713864e+01 2.050857e+00
2.380000e+01 6.004840e+00 5.004840e+00 1.841431e+00
2.390000e+01 4.389088e+00 3.389088e+00 2.252183e+00
2.400000e+01 6.312134e+00 5.312134e+00 2.723189e+00
2.410000e+01 5.289574e+00 4.289574e+00 3.133026e+00
2.420000e+01 8.398291e+00 7.398291e+00 3.456966e+00
2.430000e+01 7.266286e+00 6.266286e+00 3.616844e+00
2.440000e+01 2.135500e+01 2.035500e+01 3.217425e+00
2.450000e+01 1.348407e+01 1.248407e+01 2.539215e+00
2.460000e+01 1.461306e+01 1.361306e+01 2.099840e+00
2.470000e+01 1.142979e+01 1.042979e+01 1.855065e+00
2.480000e+01 1.851792e+00 8.517922e-01 2.181519e+00
2.490000e+01 0.000000e+00 -1.000000e+00 3.045760e+00
2.500000e+01 0.000000e+00 -1.000000e+00 4.038805e+00
2.510000e+01 0.000000e+00 -1.000000e+00 5.044304e+00
2.520000e+01 0.000000e+00 -1.000000e+00 5.983864e+00
2.530000e+01 1.328951e+01 1.228951e+01 6.271120e+00
2.540000e+01 2.384382e+01 2.284382e+01 5.454931e+00
2.550000e+01 2.816903e+01 2.716903e+01 3.937403e+00
2.560000e+01 1.914287e+01 1.814287e+01 2.653337e+00
2.570000e+01 5.554762e+00 4.554762e+00 2.380173e+00
2.580000e+01 5.351290e+00 4.351290e+00 2.727276e+00
2.590000e+01 1.410331e+01 1.310331e+01 2.772195e+00
2.600000e+01 1.373513e+01 1.273513e+01 2.312750e+00
2.610000e+01 3.534939e+01 3.434939e+01 8.956474e-01
2.620000e+01 2.579905e+01 2.479905e+01 -1.011251e+00
2.630000e+01 1.608930e+01 1.508930e+01 -2.140718e+00
2.640000e+01 1.199916e+01 1.099916e+01 -2.605014e+00
2.650000e+01 1.590122e+01 1.490122e+01 -2.996628e+00
2.660000e+01 1.074250e+01 9.742500e+00 -3.261701e+00
2.670000e+01 9.296327e-01 -7.036729e-02 -2.886929e+00
2.680000e+01 6.087598e+00 5.087598e+00 -2.364704e+00
2.690000e+01 2.066327e+01 1.966327e+01 -2.578196e+00
2.700000e+01 3.249130e+00 2.249130e+00 -2.803540e+00
2.710000e+01 2.200583e+01 2.100583e+01 -3.090893e+00
2.720000e+01 7.994169e+00 6.994169e+00 -3.480681e+00
2.730000e+01 7.263933e+00 6.263933e+00 -3.375667e+00
2.740000e+01 1.772815e+01 1.672815e+01 -3.606775e+00
2.750000e+01 1.500792e+01 1.400792e+01 -4.172475e+00
2.760000e+01 9.956394e+00 8.956394e+00 -4.434642e+00
2.770000e+01 1.004361e+01 9.043606e+00 -4.498805e+00
2.780000e+01 1.967673e+01 1.867673e+01 -5.024609e+00
2.790000e+01 2.701689e+01 2.601689e+01 -6.238915e+00
2.800000e+01 1.090694e+01 9.906937e+00 -7.063518e+00
2.810000e+01 2.399440e+00 1.399440e+00 -6.797371e+00
2.820000e+01 0.000000e+00 -1.000000e+00 -5.963996e+00
2.830000e+01 3.609833e+00 2.609833e+00 -5.187990e+00
2.840000e+01 1.033294e+01 9.332941e+00 -4.862788e+00
2.850000e+01 9.557314e+00 8.557314e+00 -4.815847e+00
2.860000e+01 6.499913e+00 5.499913e+00 -4.592412e+00
2.870000e+01 0.000000e+00 -1.000000e+00 -3.932816e+00
2.880000e+01 0.000000e+00 -1.000000e+00 -2.960689e+00
2.890000e+01 0.000000e+00 -1.000000e+00 -1.961990e+00
2.900000e+01 0.000000e+00 -1.000000e+00 -9.739848e-01
2.910000e+01 6.783901e+00 5.783901e+00 -4.900982e-01
2.920000e+01 3.977341e+01 3.877341e+01 -1.635925e+00
2.930000e+01 1.051052e+01 9.510517e+00 -3.045448e+00
2.940000e+01 2.010419e+01 1.910419e+01 -3.703441e+00
2.950000e+01 1.630895e+01 1.530895e+01 -4.554663e+00
2.960000e+01 3.398141e+01 3.298141e+01 -5.996031e+00
2.970000e+01 1.253762e+01 1.153762e+01 -7.207753e+00
2.980000e+01 7.462121e+00 6.462121e+00 -7.302441e+00
2.990000e+01 3.551967e+00 2.551967e+00 -6.889153e+00
3.000000e+01 9.830216e+00 8.830216e+00 -6.626053e+00
3.010000e+01 1.895041e+01 1.795041e+01 -6.995690e+00
3.020000e+01 1.020529e+01 9.205287e+00 -7.356791e+00
3.030000e+01 0.000000e+00 -1.000000e+00 -6.983980e+00
3.040000e+01 1.424034e+01 1.324034e+01 -6.703936e+00
3.050000e+01 5.759657e+00 4.759657e+00 -6.601559e+00
3.060000e+01 8.273227e-01 -1.726773e-01 -6.025545e+00
3.070000e+01 9.172677e+00 8.172677e+00 -5.496907e+00
3.080000e+01 3.287028e-01 -6.712972e-01 -4.972723e+00
3.090000e+01 9.671297e+00 8.671297e+00 -4.543417e+00
3.100000e+01 1.337282e+01 1.237282e+01 -4.604143e+00
3.110000e+01 6.627178e+00 5.627178e+00 -4.654873e+00
3.120000e+01 1.776342e+01 1.676342e+01 -4.829865e+00
3.130000e+01 2.633806e+00 1.633806e+00 -4.827470e+00
3.140000e+01 9.602775e+00 8.602775e+00 -4.508329e+00
3.150000e+01 7.570453e+00 6.570453e+00 -4.347157e+00
3.160000e+01 1.388772e+01 1.288772e+01 -4.502252e+00
3.170000e+01 2.637254e+01 2.537254e+01 -5.413590e+00
3.180000e+01 1.099132e+01 9.991323e+00 -6.169188e+00
3.190000e+01 1.177966e+00 1.779661e-01 -5.957417e+00
3.200000e+01 2.298087e+01 2.198087e+01 -6.241163e+00
3.210000e+01 2.869017e+01 2.769017e+01 -7.620846e+00
3.220000e+01 8.328962e+00 7.328962e+00 -8.428100e+00
3.230000e+01 3.265414e+00 2.265414e+00 -8.125869e+00
3.240000e+01 6.734586e+00 5.734586e+00 -7.609592e+00
3.250000e+01 0.000000e+00 -1.000000e+00 -6.926522e+00
3.260000e+01 4.895765e-01 -5.104235e-01 -6.046903e+00
3.270000e+01 1.379447e+01 1.279447e+01 -5.771411e+00
3.280000e+01 1.571596e+01 1.471596e+01 -6.108864e+00
3.290000e+01 0.000000e+00 -1.000000e+00 -5.886343e+00
3.300000e+01 0.000000e+00 -1.000000e+00 -5.006795e+00
3.310000e+01 8.891713e+00 7.891713e+00 -4.432850e+00
3.320000e+01 6.991192e+00 5.991192e+00 -4.199853e+00
3.330000e+01 9.284640e+00 8.284640e+00 -4.002305e+00
3.340000e+01 4.832455e+00 3.832455e+00 -3.722143e+00
3.350000e+01 1.062418e+01 9.624181e+00 -3.531440e+00
3.360000e+01 1.350840e+01 1.250840e+01 -3.711787e+00
3.370000e+01 1.361509e+01 1.261509e+01 -4.005552e+00
3.380000e+01 2.252329e+00 1.252329e+00 -3.786877e+00
3.390000e+01 1.207451e+00 2.074509e-01 -3.059837e+00
3.400000e+01 8.792549e+00 7.792549e+00 -2.506709e+00
3.410000e+01 9.113507e-02 -9.088649e-01 -2.002020e+00
3.420000e+01 1.671184e+01 1.571184e+01 -1.840908e+00
3.430000e+01 8.261605e+00 7.261605e+00 -2.051293e+00
3.440000e+01 1.717669e+01 1.617669e+01 -2.329225e+00
3.450000e+01 7.758729e+00 6.758729e+00 -2.524738e+00
3.460000e+01 8.658006e+00 7.658006e+00 -2.443502e+00
3.470000e+01 1.710360e+01 1.610360e+01 -2.676416e+00
3.480000e+01 8.786304e+00 7.786304e+00 -3.000995e+00
3.490000e+01 2.580332e+01 2.480332e+01 -3.885350e+00
3.500000e+01 4.551285e+01 4.451285e+01 -6.209287e+00
3.510000e+01 1.374070e+01 1.274070e+01 -8.074867e+00
3.520000e+01 1.039522e+01 9.395221e+00 -8.404719e+00
3.530000e+01 3.912297e+00 2.912297e+00 -8.173217e+00
3.540000e+01 1.404492e+01 1.304492e+01 -8.064339e+00
3.550000e+01 6.083557e+00 5.083557e+00 -8.046255e+00
3.560000e+01 1.171713e+01 1.071713e+01 -7.948964e+00
3.570000e+01 4.242097e+00 3.242097e+00 -7.698022e+00
3.580000e+01 3.203130e+00 2.203130e+00 -7.215729e+00
3.590000e+01 2.474730e+01 2.374730e+01 -7.606536e+00
3.600000e+01 2.204957e+01 2.104957e+01 -8.768986e+00
3.610000e+01 6.336730e+00 5.336730e+00 -9.195564e+00
3.620000e+01 3.663270e+00 2.663270e+00 -8.794686e+00
3.630000e+01 9.387992e+00 8.387992e+00 -8.468411e+00
3.640000e+01 1.297300e+01 1.197300e+01 -8.598108e+00
3.650000e+01 2.173317e+01 2.073317e+01 -9.335217e+00
3.660000e+01 2.320571e+01 2.220571e+01 -1.044249e+01
3.670000e+01 2.700133e+00 1.700133e+00 -1.072134e+01
3.680000e+01 0.000000e+00 -1.000000e+00 -9.955822e+00
3.690000e+01 0.000000e+00 -1.000000e+00 -8.958613e+00
3.700000e+01 0.000000e+00 -1.000000e+00 -7.961443e+00
3.710000e+01 0.000000e+00 -1.000000e+00 -6.956533e+00
3.720000e+01 0.000000e+00 -1.000000e+00 -5.994448e+00
3.730000e+01 7.301856e+00 6.301856e+00 -5.337255e+00
3.740000e+01 2.698144e+00 1.698144e+00 -4.808124e+00
3.750000e+01 5.026088e+00 4.026088e+00 -4.270314e+00
3.760000e+01 1.497391e+01 1.397391e+01 -4.225406e+00
3.770000e+01 7.713840e+00 6.713840e+00 -4.279690e+00
3.780000e+01 2.286160e+00 1.286160e+00 -3.891851e+00
3.790000e+01 1.679280e+01 1.579280e+01 -3.839009e+00
3.800000e+01 1.071355e+01 9.713547e+00 -4.145454e+00
3.810000e+01 1.230849e+01 1.130849e+01 -4.370052e+00
3.820000e+01 1.878878e+01 1.778878e+01 -4.872340e+00
3.830000e+01 1.196964e+01 1.096964e+01 -5.450825e+00
3.840000e+01 2.647859e+01 2.547859e+01 -6.401415e+00
3.850000e+01 2.294815e+01 2.194815e+01 -7.689416e+00
3.860000e+01 0.000000e+00 -1.000000e+00 -7.855293e+00
3.870000e+01 0.000000e+00 -1.000000e+00 -7.016593e+00
3.880000e+01 9.947512e+00 8.947512e+00 -6.461857e+00
3.890000e+01 2.741502e+00 1.741502e+00 -6.123804e+00
3.900000e+01 1.744434e+01 1.644434e+01 -6.141123e+00
3.910000e+01 9.866641e+00 8.866641e+00 -6.380651e+00
3.920000e+01 5.891056e-01 -4.108944e-01 -5.995197e+00
3.930000e+01 9.410894e+00 8.410894e+00 -5.489883e+00
3.940000e+01 0.000000e+00 -1.000000e+00 -4.920765e+00
3.950000e+01 3.003599e+00 2.003599e+00 -4.192135e+00
3.960000e+01 1.598952e+01 1.498952e+01 -4.065643e+00
3.970000e+01 6.451746e+00 5.451746e+00 -4.204639e+00
3.980000e+01 2.066622e+01 1.966622e+01 -4.539860e+00
3.990000e+01 6.083743e+00 5.083743e+00 -4.811289e+00
4.000000e+01 7.805173e+00 6.805173e+00 -4.593101e+00
4.010000e+01 1.068413e+01 9.684134e+00 -4.549194e+00
4.020000e+01 1.931587e+01 1.831587e+01 -4.948578e+00
4.030000e+01 0.000000e+00 -1.000000e+00 -4.863275e+00
4.040000e+01 0.000000e+00 -1.000000e+00 -4.035194e+00
4.050000e+01 1.395624e+01 1.295624e+01 -3.678413e+00
4.060000e+01 6.043763e+00 5.043763e+00 -3.658647e+00
4.070000e+01 1.449117e+01 1.349117e+01 -3.688793e+00
4.080000e+01 5.508834e+00 4.508834e+00 -3.612861e+00
4.090000e+01 0.000000e+00 -1.000000e+00 -2.974824e+00
4.100000e+01 8.125911e+00 7.125911e+00 -2.416637e+00
4.110000e+01 1.070541e+01 9.705411e+00 -2.303604e+00
4.120000e+01 8.511781e+00 7.511781e+00 -2.282263e+00
4.130000e+01 1.265690e+01 1.165690e+01 -2.288607e+00
4.140000e+01 0.000000e+00 -1.000000e+00 -1.926893e+00
4.150000e+01 6.545769e+00 5.545769e+00 -1.362434e+00
4.160000e+01 1.515065e+01 1.415065e+01 -1.391163e+00
4.170000e+01 1.251256e+01 1.151256e+01 -1.786611e+00
4.180000e+01 2.294305e+01 2.194305e+01 -2.591495e+00
4.190000e+01 2.589717e+01 2.489717e+01 -3.942928e+00
4.200000e+01 1.695081e+01 1.595081e+01 -5.033943e+00
4.210000e+01 9.218014e+00 8.218014e+00 -5.438744e+00
4.220000e+01 2.042896e+01 1.942896e+01 -5.959513e+00
4.230000e+01 2.035302e+01 1.935302e+01 -6.880746e+00
4.240000e+01 7.258041e+00 6.258041e+00 -7.250877e+00
4.250000e+01 4.996472e+00 3.996472e+00 -6.984967e+00
4.260000e+01 1.708229e+01 1.608229e+01 -7.070208e+00
4.270000e+01 1.066320e+01 9.663200e+00 -7.339725e+00
4.280000e+01 0.000000e+00 -1.000000e+00 -6.999045e+00
4.290000e+01 1.922357e+01 1.822357e+01 -7.024725e+00
4.300000e+01 2.077643e+01 1.977643e+01 -7.843647e+00
4.310000e+01 4.792834e+00 3.792834e+00 -8.185085e+00
4.320000e+01 1.720442e+01 1.620442e+01 -8.372642e+00
4.330000e+01 2.056240e+01 1.956240e+01 -9.212837e+00
4.340000e+01 2.253807e+01 2.153807e+01 -1.027573e+01
4.350000e+01 6.172137e+00 5.172137e+00 -1.073975e+01
4.360000e+01 1.390586e+01 1.290586e+01 -1.080950e+01
4.370000e+01 1.081114e+01 9.811141e+00 -1.101303e+01
4.380000e+01 1.492227e+01 1.392227e+01 -1.137478e+01
4.390000e+01 2.487209e+01 2.387209e+01 -1.227686e+01
4.400000e+01 1.075540e+01 9.755397e+00 -1.297492e+01
4.410000e+01 3.463383e+00 2.463383e+00 -1.278156e+01
4.420000e+01 7.918038e+00 6.918038e+00 -1.236734e+01
4.430000e+01 6.071313e+00 5.071313e+00 -1.204897e+01
4.440000e+01 6.010649e+00 5.010649e+00 -1.162873e+01
4.450000e+01 0.000000e+00 -1.000000e+00 -1.097292e+01
4.460000e+01 7.888893e+00 6.888893e+00 -1.035749e+01
4.470000e+01 2.111107e+00 1.111107e+00 -9.917610e+00
4.480000e+01 2.179083e+01 2.079083e+01 -1.008281e+01
4.490000e+01 8.209166e+00 7.209166e+00 -1.044428e+01
4.500000e+01 0.000000e+00 -1.000000e+00 -9.929381e+00
4.510000e+01 0.000000e+00 -1.000000e+00 -8.964466e+00
4.520000e+01 0.000000e+00 -1.000000e+00 -7.947868e+00
4.530000e+01 0.000000e+00 -1.000000e+00 -7.083462e+00
4.540000e+01 2.591582e+01 2.491582e+01 -7.298056e+00
4.550000e+01 1.078358e+01 9.783577e+00 -8.072536e+00
4.560000e+01 2.301744e+01 2.201744e+01 -8.795179e+00
4.570000e+01 1.257292e+01 1.157292e+01 -9.521711e+00
4.580000e+01 1.496951e+01 1.396951e+01 -9.899714e+00
4.590000e+01 2.740732e+00 1.740732e+00 -9.767132e+00
4.600000e+01 3.267328e+00 2.267328e+00 -9.143714e+00
4.610000e+01 6.732672e+00 5.732672e+00 -8.675379e+00
4.620000e+01 1.517790e+01 1.417790e+01 -8.747542e+00
4.630000e+01 1.323471e+01 1.223471e+01 -9.122500e+00
4.640000e+01 1.158739e+01 1.058739e+01 -9.348707e+00
4.650000e+01 5.742115e+00 4.742115e+00 -9.216546e+00
4.660000e+01 4.257885e+00 3.257885e+00 -8.725887e+00
4.670000e+01 1.307478e+00 3.074783e-01 -8.048413e+00
4.680000e+01 8.692522e+00 7.692522e+00 -7.528547e+00
4.690000e+01 2.796769e+00 1.796769e+00 -7.135190e+00
4.700000e+01 1.790291e+01 1.690291e+01 -7.219386e+00
4.710000e+01 1.930032e+01 1.830032e+01 -7.907944e+00
4.720000e+01 0.000000e+00 -1.000000e+00 -7.875453e+00
4.730000e+01 0.000000e+00 -1.000000e+00 -6.965365e+00
4.740000e+01 0.000000e+00 -1.000000e+00 -5.978039e+00
4.750000e+01 4.767054e+00 3.767054e+00 -5.238490e+00
4.760000e+01 8.881816e+00 7.881816e+00 -4.906364e+00
4.770000e+01 1.148075e+01 1.048075e+01 -4.928348e+00
4.780000e+01 1.481330e+01 1.381330e+01 -5.187465e+00
4.790000e+01 6.186986e+00 5.186986e+00 -5.238577e+00
4.800000e+01 8.992422e+00 7.992422e+00 -5.018476e+00
4.810000e+01 4.877672e+00 3.877672e+00 -4.719827e+00
4.820000e+01 1.042034e+01 9.420338e+00 -4.507885e+00
4.830000e+01 9.579662e+00 8.579662e+00 -4.431789e+00
4.840000e+01 0.000000e+00 -1.000000e+00 -3.920854e+00
4.850000e+01 1.245536e+00 2.455363e-01 -3.073900e+00
4.860000e+01 1.145581e+01 1.045581e+01 -2.729826e+00
4.870000e+01 1.710564e+01 1.610564e+01 -3.071814e+00
4.880000e+01 9.028236e+00 8.028236e+00 -3.355289e+00
4.890000e+01 1.024337e+01 9.243374e+00 -3.427316e+00
4.900000e+01 2.482402e+01 2.382402e+01 -4.187173e+00
4.910000e+01 2.609739e+01 2.509739e+01 -5.541695e+00
4.920000e+01 0.000000e+00 -1.000000e+00 -5.851688e+00
4.930000e+01 5.252337e+00 4.252337e+00 -5.416157e+00
4.940000e+01 3.875642e+01 3.775642e+01 -6.452468e+00
4.950000e+01 1.317613e+01 1.217613e+01 -7.897913e+00
4.960000e+01 1.281512e+01 1.181512e+01 -8.270283e+00
4.970000e+01 0.000000e+00 -1.000000e+00 -7.930621e+00
4.980000e+01 7.043059e+00 6.043059e+00 -7.348911e+00
4.990000e+01 6.757424e+00 5.757424e+00 -6.994923e+00
5.000000e+01 6.199516e+00 5.199516e+00 -6.624279e+00
5.010000e+01 0.000000e+00 -1.000000e+00 -5.921933e+00
5.020000e+01 0.000000e+00 -1.000000e+00 -5.071662e+00
5.030000e+01 2.366169e+01 2.266169e+01 -5.202300e+00
5.040000e+01 1.251868e+01 1.151868e+01 -5.856794e+00
5.050000e+01 5.345646e+00 4.345646e+00 -5.868996e+00
5.060000e+01 1.578715e+01 1.478715e+01 -5.925113e+00
5.070000e+01 1.116970e+01 1.016970e+01 -6.280300e+00
5.080000e+01 2.447393e+01 2.347393e+01 -7.130179e+00
5.090000e+01 3.067374e+01 2.967374e+01 -8.706277e+00
5.100000e+01 6.369473e+00 5.369473e+00 -9.498151e+00
5.110000e+01 0.000000e+00 -1.000000e+00 -9.004244e+00
5.120000e+01 1.378334e+01 1.278334e+01 -8.679465e+00
5.130000e+01 6.216663e+00 5.216663e+00 -8.602588e+00
5.140000e+01 6.249020e+00 5.249020e+00 -8.352232e+00
5.150000e+01 2.184212e+01 2.084212e+01 -8.694293e+00
5.160000e+01 1.157653e+01 1.057653e+01 -9.342047e+00
5.170000e+01 2.033233e+01 1.933233e+01 -9.928147e+00
5.180000e+01 8.378333e+00 7.378333e+00 -1.038761e+01
5.190000e+01 2.251194e+01 2.151194e+01 -1.093687e+01
5.200000e+01 9.109724e+00 8.109724e+00 -1.139560e+01
5.210000e+01 0.000000e+00 -1.000000e+00 -1.092809e+01
5.220000e+01 0.000000e+00 -1.000000e+00 -9.965847e+00
5.230000e+01 2.697028e+00 1.697028e+00 -9.174636e+00
5.240000e+01 1.649002e+01 1.549002e+01 -9.063969e+00
5.250000e+01 6.500262e+00 5.500262e+00 -9.208237e+00
5.260000e+01 1.736369e+01 1.636369e+01 -9.403926e+00
5.270000e+01 8.303120e+00 7.303120e+00 -9.687979e+00
5.280000e+01 1.864588e+01 1.764588e+01 -9.993938e+00
5.290000e+01 0.000000e+00 -1.000000e+00 -9.894363e+00
5.300000e+01 5.336424e+00 4.336424e+00 -9.259034e+00
5.310000e+01 4.663576e+00 3.663576e+00 -8.696011e+00
5.320000e+01 0.000000e+00 -1.000000e+00 -7.966351e+00
5.330000e+01 5.605431e+00 4.605431e+00 -7.261913e+00
5.340000e+01 4.394569e+00 3.394569e+00 -6.724002e+00
5.350000e+01 2.864423e+00 1.864423e+00 -6.119672e+00
5.360000e+01 7.950916e+00 6.950916e+00 -5.672713e+00
5.370000e+01 9.184661e+00 8.184661e+00 -5.498230e+00
5.380000e+01 7.392464e+00 6.392464e+00 -5.299866e+00
5.390000e+01 2.607536e+00 1.607536e+00 -4.814764e+00
5.400000e+01 4.124478e+00 3.124478e+00 -4.184012e+00
5.410000e+01 5.875522e+00 4.875522e+00 -3.648245e+00
5.420000e+01 0.000000e+00 -1.000000e+00 -2.936355e+00
5.430000e+01 2.420054e+00 1.420054e+00 -2.169062e+00
5.440000e+01 1.757995e+01 1.657995e+01 -2.067953e+00
5.450000e+01 0.000000e+00 -1.000000e+00 -1.877669e+00
5.460000e+01 0.000000e+00 -1.000000e+00 -9.624509e-01
5.470000e+01 0.000000e+00 -1.000000e+00 -1.917455e-02
5.480000e+01 1.342130e+01 1.242130e+01 3.179304e-01
5.490000e+01 1.175754e+01 1.075754e+01 1.038404e-01
5.500000e+01 1.482116e+01 1.382116e+01 -1.685012e-01
5.510000e+01 0.000000e+00 -1.000000e+00 9.495090e-02
5.520000e+01 4.062999e+00 3.062999e+00 7.625548e-01
5.530000e+01 1.460603e+01 1.360603e+01 8.880161e-01
5.540000e+01 8.299893e+00 7.299893e+00 7.893059e-01
5.550000e+01 8.083559e+00 7.083559e+00 9.492539e-01
5.560000e+01 4.947514e+00 3.947514e+00 1.323718e+00
5.570000e+01 0.000000e+00 -1.000000e+00 2.063183e+00
5.580000e+01 0.000000e+00 -1.000000e+00 2.998279e+00
5.590000e+01 9.934863e+00 8.934863e+00 3.462350e+00
5.600000e+01 1.688574e+01 1.588574e+01 3.238049e+00
5.610000e+01 3.179394e+00 2.179394e+00 3.239655e+00
5.620000e+01 7.854566e+00 6.854566e+00 3.645252e+00
5.630000e+01 2.145434e+00 1.145434e+00 4.159165e+00
5.640000e+01 8.674055e+00 7.674055e+00 4.442753e+00
5.650000e+01 3.675163e+01 3.575163e+01 3.280984e+00
5.660000e+01 2.090597e+01 1.990597e+01 1.567503e+00
5.670000e+01 1.323701e+01 1.223701e+01 7.558100e-01
5.680000e+01 1.716674e+01 1.616674e+01 1.881677e-01
5.690000e+01 2.033543e+01 1.933543e+01 -6.181901e-01
5.700000e+01 1.072257e+01 9.722568e+00 -1.171041e+00
5.710000e+01 1.220660e+01 1.120660e+01 -1.303549e+00
5.720000e+01 0.000000e+00 -1.000000e+00 -9.341208e-01
5.730000e+01 7.372577e+00 6.372577e+00 -3.958270e-01
5.740000e+01 1.362967e+01 1.262967e+01 -3.849035e-01
5.750000e+01 8.997755e+00 7.997755e+00 -4.528969e-01
5.760000e+01 1.567544e+00 5.675437e-01 -4.380699e-02
5.770000e+01 1.070785e+01 9.707849e+00 2.654662e-01
5.780000e+01 1.862292e+01 1.762292e+01 -1.073936e-01
5.790000e+01 9.101687e+00 8.101687e+00 -4.618300e-01
5.800000e+01 9.592074e+00 8.592074e+00 -4.552111e-01
5.810000e+01 1.157641e+01 1.057641e+01 -4.953780e-01
5.820000e+01 8.831514e+00 7.831514e+00 -4.831869e-01
5.830000e+01 4.083460e+00 3.083460e+00 -1.713002e-01
5.840000e+01 1.109728e+01 1.009728e+01 4.138876e-03
5.850000e+01 1.939949e+01 1.839949e+01 -4.626172e-01
5.860000e+01 1.592523e+01 1.492523e+01 -1.233238e+00
5.870000e+01 2.317634e+01 2.217634e+01 -2.150583e+00
5.880000e+01 1.097400e+01 9.974004e+00 -2.796144e+00
5.890000e+01 5.344188e+00 4.344188e+00 -2.647697e+00
5.900000e+01 0.000000e+00 -1.000000e+00 -1.964504e+00
5.910000e+01 6.998930e+00 5.998930e+00 -1.374326e+00
5.920000e+01 1.289992e+01 1.189992e+01 -1.271712e+00
5.930000e+01 1.011505e-01 -8.988495e-01 -8.926062e-01
5.940000e+01 0.000000e+00 -1.000000e+00 -2.052682e-04
5.950000e+01 7.634949e+00 6.634949e+00 6.377278e-01
5.960000e+01 5.171757e+00 4.171757e+00 1.021003e+00
5.970000e+01 7.193295e+00 6.193295e+00 1.391527e+00
5.980000e+01 7.936055e+00 6.936055e+00 1.579781e+00
5.990000e+01 2.088118e+01 1.988118e+01 1.188021e+00
6.000000e+01 1.091388e+01 9.913881e+00 6.662434e-01
6.010000e+01 1.026888e+01 9.268880e+00 5.517983e-01
6.020000e+01 9.064685e+00 8.064685e+00 6.344874e-01
6.030000e+01 9.353146e-01 -6.468536e-02 1.080771e+00
6.040000e+01 9.286785e+00 8.286785e+00 1.563836e+00
6.050000e+01 4.541682e+00 3.541682e+00 1.836965e+00
6.060000e+01 1.984010e+01 1.884010e+01 1.635430e+00
6.070000e+01 1.094122e+01 9.941220e+00 1.148500e+00
6.080000e+01 1.650069e+01 1.550069e+01 7.251246e-01
6.090000e+01 1.526955e+01 1.426955e+01 2.150780e-01
6.100000e+01 7.140861e+00 6.140861e+00 3.527401e-02
6.110000e+01 1.664625e+01 1.564625e+01 -1.612513e-01
6.120000e+01 1.009001e+01 9.090009e+00 -4.573937e-01
6.130000e+01 1.426052e+01 1.326052e+01 -8.022353e-01
6.140000e+01 3.010837e+01 2.910837e+01 -1.872458e+00
6.150000e+01 5.373955e+00 4.373955e+00 -2.592819e+00
6.160000e+01 8.473108e+00 7.473108e+00 -2.374412e+00
6.170000e+01 1.526892e+00 5.268925e-01 -1.876360e+00
6.180000e+01 7.330051e+00 6.330051e+00 -1.334741e+00
6.190000e+01 2.669949e+00 1.669949e+00 -8.176697e-01
6.200000e+01 6.518273e+00 5.518273e+00 -3.298042e-01
6.210000e+01 1.250525e+01 1.150525e+01 -2.987592e-01
6.220000e+01 2.047420e+01 1.947420e+01 -8.820368e-01
6.230000e+01 1.050227e+01 9.502275e+00 -1.336372e+00
6.240000e+01 1.548160e+00 5.481605e-01 -1.134941e+00
6.250000e+01 3.144271e+01 3.044271e+01 -1.812182e+00
6.260000e+01 2.700913e+01 2.600913e+01 -3.472868e+00
6.270000e+01 3.838574e+00 2.838574e+00 -4.065653e+00
6.280000e+01 6.161426e+00 5.161426e+00 -3.642381e+00
6.290000e+01 0.000000e+00 -1.000000e+00 -2.929133e+00
6.300000e+01 0.000000e+00 -1.000000e+00 -1.964684e+00
6.310000e+01 0.000000e+00 -1.000000e+00 -9.596628e-01
6.320000e+01 1.735912e+00 7.359115e-01 -1.259786e-01
6.330000e+01 1.648130e+01 1.548130e+01 3.074680e-02
6.340000e+01 4.892188e+00 3.892188e+00 1.872358e-02
6.350000e+01 6.890602e+00 5.890602e+00 4.033105e-01
6.360000e+01 0.000000e+00 -1.000000e+00 1.032796e+00
6.370000e+01 9.671019e+00 8.671019e+00 1.488955e+00
6.380000e+01 1.337545e+01 1.237545e+01 1.426860e+00
6.390000e+01 6.953530e+00 5.953530e+00 1.353032e+00
6.400000e+01 2.064098e+01 1.964098e+01 9.749424e-01
6.410000e+01 1.314536e+01 1.214536e+01 3.909725e-01
6.420000e+01 6.213663e+00 5.213663e+00 3.478932e-01
6.430000e+01 1.322054e+01 1.222054e+01 3.280291e-01
6.440000e+01 1.677946e+01 1.577946e+01 -1.060935e-01
6.450000e+01 1.059840e+01 9.598405e+00 -4.713768e-01
6.460000e+01 1.321105e+01 1.221105e+01 -7.108242e-01
6.470000e+01 1.619054e+01 1.519054e+01 -1.130658e+00
6.480000e+01 9.514739e+00 8.514739e+00 -1.424578e+00
6.490000e+01 1.357416e+01 1.257416e+01 -1.585219e+00
6.500000e+01 6.911099e+00 5.911099e+00 -1.555499e+00
6.510000e+01 2.959897e+00 1.959897e+00 -1.199090e+00
6.520000e+01 2.627153e+01 2.527153e+01 -1.654646e+00
6.530000e+01 2.122664e+01 2.022664e+01 -2.877035e+00
6.540000e+01 1.278945e+01 1.178945e+01 -3.586524e+00
6.550000e+01 6.752484e+00 5.752484e+00 -3.581989e+00
6.560000e+01 3.883937e+00 2.883937e+00 -3.172127e+00
6.570000e+01 1.021157e+01 9.211571e+00 -2.872627e+00
6.580000e+01 5.904493e+00 4.904493e+00 -2.609265e+00
6.590000e+01 0.000000e+00 -1.000000e+00 -2.027350e+00
6.600000e+01 2.069939e+01 1.969939e+01 -2.088407e+00
6.610000e+01 1.930061e+01 1.830061e+01 -2.927891e+00
6.620000e+01 8.651196e+00 7.651196e+00 -3.399203e+00
6.630000e+01 1.946171e+01 1.846171e+01 -3.807438e+00
6.640000e+01 9.444328e+00 8.444328e+00 -4.163179e+00
6.650000e+01 2.442761e+00 1.442761e+00 -3.801237e+00
6.660000e+01 0.000000e+00 -1.000000e+00 -2.958797e+00
6.670000e+01 3.291412e+00 2.291412e+00 -2.207047e+00
6.680000e+01 1.767050e+01 1.667050e+01 -2.199934e+00
6.690000e+01 9.038086e+00 8.038086e+00 -2.424930e+00
6.700000e+01 0.000000e+00 -1.000000e+00 -1.920967e+00
6.710000e+01 0.000000e+00 -1.000000e+00 -9.946953e-01
6.720000e+01 6.804369e+00 5.804369e+00 -3.105277e-01
6.730000e+01 3.195631e+00 2.195631e+00 1.685206e-01
6.740000e+01 1.473922e+01 1.373922e+01 2.430711e-01
6.750000e+01 1.526078e+01 1.426078e+01 -1.767172e-01
6.760000e+01 1.411964e+01 1.311964e+01 -8.008250e-01
6.770000e+01 4.433923e+01 4.333923e+01 -2.670411e+00
6.780000e+01 3.077465e+01 2.977465e+01 -5.184475e+00
6.790000e+01 1.076648e+01 9.766477e+00 -6.330267e+00
6.800000e+01 8.959019e+00 7.959019e+00 -6.416753e+00
6.810000e+01 1.052307e+01 9.523073e+00 -6.340837e+00
6.820000e+01 5.179079e-01 -4.820921e-01 -5.921213e+00
6.830000e+01 7.318646e+00 6.318646e+00 -5.338946e+00
6.840000e+01 2.681354e+00 1.681354e+00 -4.809961e+00
6.850000e+01 4.703526e+00 3.703526e+00 -4.217228e+00
6.860000e+01 7.377641e+00 6.377641e+00 -3.834151e+00
6.870000e+01 1.311337e+01 1.211337e+01 -3.858204e+00
6.880000e+01 1.486037e+01 1.386037e+01 -4.208056e+00
6.890000e+01 9.945100e+00 8.945100e+00 -4.423289e+00
6.900000e+01 6.708071e+00 5.708071e+00 -4.316940e+00
6.910000e+01 1.409104e+01 1.309104e+01 -4.349036e+00
6.920000e+01 9.200884e+00 8.200884e+00 -4.463811e+00
6.930000e+01 7.311198e+00 6.311198e+00 -4.344887e+00
6.940000e+01 1.251607e+01 1.151607e+01 -4.333574e+00
6.950000e+01 1.208295e+01 1.108295e+01 -4.577604e+00
6.960000e+01 1.808979e+01 1.708979e+01 -5.006906e+00
6.970000e+01 2.355314e+00 1.355314e+00 -5.068743e+00
6.980000e+01 1.628014e+01 1.528014e+01 -5.057323e+00
6.990000e+01 1.136455e+01 1.036455e+01 -5.358576e+00
7.000000e+01 1.066974e+01 9.669736e+00 -5.492868e+00
7.010000e+01 9.330264e+00 8.330264e+00 -5.442265e+00
7.020000e+01 0.000000e+00 -1.000000e+00 -4.942078e+00
7.030000e+01 4.927496e+00 3.927496e+00 -4.232552e+00
7.040000e+01 5.729471e+00 4.729471e+00 -3.759755e+00
7.050000e+01 9.343033e+00 8.343033e+00 -3.484203e+00
7.060000e+01 5.041277e+00 4.041277e+00 -3.257319e+00
7.070000e+01 1.939848e+01 1.839848e+01 -3.477980e+00
7.080000e+01 1.436508e+01 1.336508e+01 -4.098234e+00
7.090000e+01 1.591889e+01 1.491889e+01 -4.666280e+00
7.100000e+01 1.925672e+01 1.825672e+01 -5.351704e+00
7.110000e+01 6.019555e+00 5.019555e+00 -5.571777e+00
7.120000e+01 0.000000e+00 -1.000000e+00 -4.939044e+00
7.130000e+01 0.000000e+00 -1.000000e+00 -3.965740e+00
7.140000e+01 2.423225e+00 1.423225e+00 -3.155922e+00
7.150000e+01 1.612882e+01 1.512882e+01 -3.037729e+00
7.160000e+01 8.873652e+00 7.873652e+00 -3.206527e+00
7.170000e+01 5.804555e+00 4.804555e+00 -3.018471e+00
7.180000e+01 1.535302e+01 1.435302e+01 -3.161375e+00
7.190000e+01 2.946302e+01 2.846302e+01 -4.329164e+00
7.200000e+01 2.750918e+01 2.650918e+01 -6.244954e+00
7.210000e+01 5.010396e+01 4.910396e+01 -8.920842e+00
7.220000e+01 4.340561e+00 3.340561e+00 -1.050868e+01
7.230000e+01 0.000000e+00 -1.000000e+00 -9.973959e+00
7.240000e+01 3.335216e+00 2.335216e+00 -9.154633e+00
7.250000e+01 6.664784e+00 5.664784e+00 -8.613138e+00
7.260000e+01 0.000000e+00 -1.000000e+00 -7.926447e+00
7.270000e+01 0.000000e+00 -1.000000e+00 -6.983357e+00
7.280000e+01 4.629068e+00 3.629068e+00 -6.225179e+00
7.290000e+01 8.102469e+00 7.102469e+00 -5.852661e+00
7.300000e+01 1.015615e+01 9.156149e+00 -5.746681e+00
7.310000e+01 1.029392e+01 9.293925e+00 -5.781517e+00
7.320000e+01 1.302454e+01 1.202454e+01 -5.893387e+00
7.330000e+01 3.793851e+00 2.793851e+00 -5.798348e+00
7.340000e+01 1.853585e+01 1.753585e+01 -5.905565e+00
7.350000e+01 7.029849e+00 6.029849e+00 -6.097019e+00
7.360000e+01 4.434299e+00 3.434299e+00 -5.713184e+00
7.370000e+01 0.000000e+00 -1.000000e+00 -4.939183e+00
7.380000e+01 0.000000e+00 -1.000000e+00 -3.962285e+00
7.390000e+01 0.000000e+00 -1.000000e+00 -2.959243e+00
7.400000e+01 0.000000e+00 -1.000000e+00 -1.960334e+00
7.410000e+01 0.000000e+00 -1.000000e+00 -9.599279e-01
7.420000e+01 0.000000e+00 -1.000000e+00 4.042421e-02
7.430000e+01 0.000000e+00 -1.000000e+00 1.029907e+00
7.440000e+01 2.717908e+00 1.717908e+00 1.869672e+00
7.450000e+01 7.282092e+00 6.282092e+00 2.414985e+00
7.460000e+01 0.000000e+00 -1.000000e+00 3.081788e+00
7.470000e+01 0.000000e+00 -1.000000e+00 3.958956e+00
7.480000e+01 1.624865e+01 1.524865e+01 4.210604e+00
7.490000e+01 4.465367e+00 3.465367e+00 4.228314e+00
7.500000e+01 9.285985e+00 8.285985e+00 4.475954e+00
7.510000e+01 1.013239e+01 9.132391e+00 4.503847e+00
7.520000e+01 1.587784e+01 1.487784e+01 4.256692e+00
7.530000e+01 3.989765e+00 2.989765e+00 4.317743e+00
7.540000e+01 0.000000e+00 -1.000000e+00 4.996019e+00
7.550000e+01 1.299826e+01 1.199826e+01 5.311557e+00
7.560000e+01 1.743468e+01 1.643468e+01 4.867534e+00
7.570000e+01 1.352473e+01 1.252473e+01 4.373872e+00
7.580000e+01 6.042332e+00 5.042332e+00 4.345105e+00
7.590000e+01 1.305649e+01 1.205649e+01 4.328594e+00
7.600000e+01 1.848128e+01 1.748128e+01 3.782878e+00
7.610000e+01 2.078373e+01 1.978373e+01 2.811335e+00
7.620000e+01 2.481041e+01 2.381041e+01 1.648702e+00
7.630000e+01 2.868105e+00 1.868105e+00 1.270679e+00
7.640000e+01 6.293489e+00 5.293489e+00 1.666532e+00
7.650000e+01 1.370651e+01 1.270651e+01 1.721357e+00
7.660000e+01 7.427107e+00 6.427107e+00 1.720058e+00
7.670000e+01 3.415439e+00 2.415439e+00 2.095754e+00
7.680000e+01 1.392009e+01 1.292009e+01 2.205078e+00
7.690000e+01 1.471602e+01 1.371602e+01 1.875116e+00
7.700000e+01 4.012440e+00 3.012440e+00 1.927104e+00
7.710000e+01 8.897103e+00 7.897103e+00 2.118813e+00
7.720000e+01 2.995817e+01 2.895817e+01 1.282863e+00
7.730000e+01 1.521015e+01 1.421015e+01 8.051704e-02
7.740000e+01 2.158159e+01 2.058159e+01 -7.341174e-01
7.750000e+01 8.619043e-01 -1.380957e-01 -8.607958e-01
7.760000e+01 9.433245e+00 8.433245e+00 -4.406395e-01
7.770000e+01 5.667554e-01 -4.332446e-01 1.085202e-01
7.780000e+01 3.031690e+00 2.031690e+00 8.211265e-01
7.790000e+01 1.329484e+01 1.229484e+01 1.076565e+00
7.800000e+01 3.673468e+00 2.673468e+00 1.208663e+00
7.810000e+01 1.796893e+01 1.696893e+01 1.049251e+00
7.820000e+01 2.203107e+01 2.103107e+01 2.008962e-01
7.830000e+01 6.062467e+00 5.062467e+00 -1.838008e-01
7.840000e+01 3.937533e+00 2.937533e+00 2.514965e-01
7.850000e+01 2.285247e+00 1.285247e+00 8.795214e-01
7.860000e+01 1.541195e+01 1.441195e+01 9.447965e-01
7.870000e+01 2.204774e+01 2.104774e+01 2.184861e-01
7.880000e+01 5.428515e+00 4.428515e+00 -1.301781e-01
7.890000e+01 4.826545e+00 3.826545e+00 2.946227e-01
7.900000e+01 2.090535e+00 1.090535e+00 8.920649e-01
7.910000e+01 1.474687e+01 1.374687e+01 1.050994e+00
7.920000e+01 1.040778e+01 9.407776e+00 8.935775e-01
7.930000e+01 4.101708e+00 3.101708e+00 1.085544e+00
7.940000e+01 1.486170e+01 1.386170e+01 1.122702e+00
7.950000e+01 1.379141e+01 1.279141e+01 6.768665e-01
7.960000e+01 2.730272e+01 2.630272e+01 -3.526734e-01
7.970000e+01 1.803428e+01 1.703428e+01 -1.479610e+00
7.980000e+01 4.857052e+00 3.857052e+00 -1.742396e+00
7.990000e+01 1.694917e+01 1.594917e+01 -1.821814e+00
8.000000e+01 2.856779e+00 1.856779e+00 -1.736981e+00
8.010000e+01 0.000000e+00 -1.000000e+00 -9.621900e-01
8.020000e+01 3.570729e+00 2.570729e+00 -2.359521e-01
8.030000e+01 2.107935e+01 2.007935e+01 -4.021428e-01
8.040000e+01 1.068517e+01 9.685168e+00 -9.062713e-01
8.050000e+01 1.110630e+01 1.010630e+01 -1.086768e+00
8.060000e+01 1.857902e+01 1.757902e+01 -1.587487e+00
8.070000e+01 2.225301e+01 2.125301e+01 -2.517393e+00
8.080000e+01 6.617252e+00 5.617252e+00 -2.965999e+00
8.090000e+01 1.052320e+01 9.523195e+00 -2.879090e+00
8.100000e+01 5.585966e+00 4.585966e+00 -2.630392e+00
8.110000e+01 0.000000e+00 -1.000000e+00 -1.937914e+00
8.120000e+01 0.000000e+00 -1.000000e+00 -9.615040e-01
8.130000e+01 0.000000e+00 -1.000000e+00 4.163230e-02
8.140000e+01 0.000000e+00 -1.000000e+00 1.020237e+00
8.150000e+01 4.679589e+00 3.679589e+00 1.767003e+00
8.160000e+01 9.157492e+00 8.157492e+00 2.074820e+00
8.170000e+01 1.365812e+01 1.265812e+01 1.963109e+00
8.180000e+01 1.211640e+01 1.111640e+01 1.670230e+00
8.190000e+01 1.730530e+01 1.630530e+01 1.188697e+00
8.200000e+01 1.713560e+01 1.613560e+01 5.081492e-01
8.210000e+01 1.419257e+01 1.319257e+01 -5.624645e-02
8.220000e+01 1.175492e+01 1.075492e+01 -3.092328e-01
8.230000e+01 0.000000e+00 -1.000000e+00 9.096417e-02
8.240000e+01 0.000000e+00 -1.000000e+00 1.035723e+00
8.250000e+01 1.110190e+00 1.101900e-01 1.919610e+00
8.260000e+01 1.484915e+01 1.384915e+01 2.126587e+00
8.270000e+01 1.404066e+01 1.304066e+01 1.768874e+00
8.280000e+01 1.032551e+01 9.325507e+00 1.537162e+00
8.290000e+01 9.674493e+00 8.674493e+00 1.558997e+00
8.300000e+01 3.714946e+00 2.714946e+00 1.817351e+00
8.310000e+01 1.693157e+01 1.593157e+01 1.796979e+00
8.320000e+01 1.009477e+01 9.094771e+00 1.442359e+00
8.330000e+01 2.399136e+01 2.299136e+01 7.361651e-01
8.340000e+01 1.506817e+01 1.406817e+01 -1.077415e-01
8.350000e+01 8.923273e+00 7.923273e+00 -4.177229e-01
8.360000e+01 2.035584e+01 1.935584e+01 -8.641061e-01
8.370000e+01 1.092007e+01 9.920070e+00 -1.318388e+00
8.380000e+01 0.000000e+00 -1.000000e+00 -9.173716e-01
8.390000e+01 6.323245e-01 -3.676755e-01 -3.543218e-02
8.400000e+01 1.120987e+01 1.020987e+01 2.842860e-01
8.410000e+01 2.796934e+01 2.696934e+01 -4.892020e-01
8.420000e+01 1.884649e-01 -8.115351e-01 -8.428256e-01
8.430000e+01 7.012623e+00 6.012623e+00 -4.583876e-01
8.440000e+01 3.093340e+01 2.993340e+01 -1.318148e+00
8.450000e+01 3.147591e+01 3.047591e+01 -3.234457e+00
8.460000e+01 1.057807e+01 9.578068e+00 -4.291527e+00
8.470000e+01 0.000000e+00 -1.000000e+00 -3.919397e+00
8.480000e+01 0.000000e+00 -1.000000e+00 -2.987859e+00
8.490000e+01 7.126461e+00 6.126461e+00 -2.410512e+00
8.500000e+01 2.049928e+01 1.949928e+01 -2.729440e+00
8.510000e+01 1.527967e+01 1.427967e+01 -3.470763e+00
8.520000e+01 1.699352e+01 1.599352e+01 -4.069313e+00
8.530000e+01 8.424120e+00 7.424120e+00 -4.364598e+00
8.540000e+01 1.523660e+01 1.423660e+01 -4.550147e+00
8.550000e+01 6.440352e+00 5.440352e+00 -4.590892e+00
8.560000e+01 6.178433e+00 5.178433e+00 -4.295294e+00
8.570000e+01 1.043231e+01 9.432315e+00 -4.080553e+00
8.580000e+01 3.389252e+00 2.389252e+00 -3.825007e+00
8.590000e+01 1.885710e+01 1.785710e+01 -3.984336e+00
8.600000e+01 1.933895e+01 1.833895e+01 -4.727612e+00
8.610000e+01 1.803951e+00 8.039505e-01 -4.816060e+00
8.620000e+01 6.687269e+00 5.687269e+00 -4.306642e+00
8.630000e+01 3.312731e+00 2.312731e+00 -3.796743e+00
8.640000e+01 9.278440e+00 8.278440e+00 -3.509535e+00
8.650000e+01 2.072156e+01 1.972156e+01 -3.910157e+00
8.660000e+01 7.025173e+00 6.025173e+00 -4.257626e+00
8.670000e+01 9.871005e+00 8.871005e+00 -4.191162e+00
8.680000e+01 1.310382e+01 1.210382e+01 -4.291488e+00
8.690000e+01 7.253221e+00 6.253221e+00 -4.286461e+00
8.700000e+01 5.389019e+00 4.389019e+00 -3.960050e+00
8.710000e+01 7.357759e+00 6.357759e+00 -3.568316e+00
8.720000e+01 0.000000e+00 -1.000000e+00 -2.932851e+00
8.730000e+01 2.142378e+00 1.142378e+00 -2.108492e+00
8.740000e+01 7.857622e+00 6.857622e+00 -1.554903e+00
8.750000e+01 0.000000e+00 -1.000000e+00 -9.399325e-01
8.760000e+01 4.122946e+00 3.122946e+00 -1.993085e-01
8.770000e+01 5.877054e+00 4.877054e+00 3.595750e-01
8.780000e+01 0.000000e+00 -1.000000e+00 1.009229e+00
8.790000e+01 1.283465e+01 1.183465e+01 1.327050e+00
8.800000e+01 1.645089e+01 1.545089e+01 8.580440e-01
8.810000e+01 3.182098e+01 3.082098e+01 -5.673163e-01
8.820000e+01 3.390741e+01 3.290741e+01 -2.665410e+00
8.830000e+01 1.106689e+01 1.006689e+01 -3.921623e+00
8.840000e+01 1.195954e+01 1.095954e+01 -4.133469e+00
8.850000e+01 1.959650e+00 9.596503e-01 -3.807915e+00
8.860000e+01 0.000000e+00 -1.000000e+00 -2.950128e+00
8.870000e+01 0.000000e+00 -1.000000e+00 -2.020127e+00
8.880000e+01 1.345756e+01 1.245756e+01 -1.711369e+00
8.890000e+01 1.952757e+01 1.852757e+01 -2.391277e+00
8.900000e+01 3.706576e+01 3.606576e+01 -4.090801e+00
8.910000e+01 1.528433e+01 1.428433e+01 -5.627796e+00
8.920000e+01 1.466478e+01 1.366478e+01 -6.169070e+00
8.930000e+01 0.000000e+00 -1.000000e+00 -5.895352e+00
8.940000e+01 1.949048e+00 9.490484e-01 -5.135598e+00
8.950000e+01 1.602519e+01 1.502519e+01 -5.004211e+00
8.960000e+01 1.202576e+01 1.102576e+01 -5.288968e+00
8.970000e+01 3.259225e+00 2.259225e+00 -5.170925e+00
8.980000e+01 2.091536e+01 1.991536e+01 -5.348987e+00
8.990000e+01 6.750869e+00 5.750869e+00 -5.654634e+00
9.000000e+01 9.074543e+00 8.074543e+00 -5.533492e+00
9.010000e+01 1.219985e+01 1.119985e+01 -5.633646e+00
9.020000e+01 2.355953e+01 2.255953e+01 -6.372630e+00
9.030000e+01 1.424063e+01 1.324063e+01 -7.137929e+00
9.040000e+01 0.000000e+00 -1.000000e+00 -6.901263e+00
9.050000e+01 0.000000e+00 -1.000000e+00 -5.963503e+00
9.060000e+01 0.000000e+00 -1.000000e+00 -4.970835e+00
9.070000e+01 3.166119e+00 2.166119e+00 -4.152968e+00
9.080000e+01 6.833881e+00 5.833881e+00 -3.600044e+00
9.090000e+01 7.928243e-01 -2.071757e-01 -3.053310e+00
9.100000e+01 1.958891e+01 1.858891e+01 -3.122879e+00
9.110000e+01 2.254217e+01 2.154217e+01 -4.079609e+00
9.120000e+01 1.082886e+01 9.828865e+00 -4.722205e+00
9.130000e+01 6.247231e+00 5.247231e+00 -4.639909e+00
9.140000e+01 9.033244e+00 8.033244e+00 -4.458267e+00
9.150000e+01 1.589574e+01 1.489574e+01 -4.667054e+00
9.160000e+01 1.192137e+01 1.092137e+01 -5.049089e+00
9.170000e+01 1.553645e+01 1.453645e+01 -5.402414e+00
9.180000e+01 7.613193e+00 6.613193e+00 -5.554870e+00
9.190000e+01 9.638209e+00 8.638209e+00 -5.432636e+00
9.200000e+01 6.929868e+00 5.929868e+00 -5.358004e+00
9.210000e+01 2.800781e+01 2.700781e+01 -6.016189e+00
9.220000e+01 5.424118e+00 4.424118e+00 -6.547639e+00
9.230000e+01 0.000000e+00 -1.000000e+00 -6.031775e+00
9.240000e+01 1.914802e+01 1.814802e+01 -6.011693e+00
9.250000e+01 2.129430e+01 2.029430e+01 -6.929281e+00
9.260000e+01 1.715577e+01 1.615577e+01 -7.779563e+00
9.270000e+01 2.401918e+00 1.401918e+00 -7.763550e+00
9.280000e+01 0.000000e+00 -1.000000e+00 -6.956798e+00
9.290000e+01 0.000000e+00 -1.000000e+00 -5.951938e+00
9.300000e+01 0.000000e+00 -1.000000e+00 -5.043421e+00
9.310000e+01 1.817711e+01 1.717711e+01 -4.930484e+00
9.320000e+01 1.361498e+01 1.261498e+01 -5.410371e+00
9.330000e+01 8.207913e+00 7.207913e+00 -5.500968e+00
9.340000e+01 2.714798e+00 1.714798e+00 -5.097486e+00
9.350000e+01 7.285202e+00 6.285202e+00 -4.578433e+00
9.360000e+01 0.000000e+00 -1.000000e+00 -4.001073e+00
9.370000e+01 1.647126e+01 1.547126e+01 -3.847376e+00
9.380000e+01 1.460290e+01 1.360290e+01 -4.366221e+00
9.390000e+01 2.311682e+01 2.211682e+01 -5.186950e+00
9.400000e+01 5.809011e+00 4.809011e+00 -5.586341e+00
9.410000e+01 5.486702e+00 4.486702e+00 -5.238099e+00
9.420000e+01 4.513298e+00 3.513298e+00 -4.707753e+00
9.430000e+01 0.000000e+00 -1.000000e+00 -3.948486e+00
9.440000e+01 2.653088e+00 1.653088e+00 -3.157044e+00
9.450000e+01 1.403890e+01 1.303890e+01 -2.975447e+00
9.460000e+01 1.386114e+01 1.286114e+01 -3.319863e+00
9.470000e+01 1.407511e+01 1.307511e+01 -3.720537e+00
9.480000e+01 1.537176e+01 1.437176e+01 -4.253173e+00
9.490000e+01 2.604369e+01 2.504369e+01 -5.209750e+00
9.500000e+01 3.956308e+00 2.956308e+00 -5.671956e+00
9.510000e+01 6.631298e+00 5.631298e+00 -5.300293e+00
9.520000e+01 3.368702e+00 2.368702e+00 -4.756351e+00
9.530000e+01 0.000000e+00 -1.000000e+00 -3.972493e+00
9.540000e+01 5.980549e+00 4.980549e+00 -3.303032e+00
9.550000e+01 9.263142e+00 8.263142e+00 -3.011383e+00
9.560000e+01 4.756309e+00 3.756309e+00 -2.723858e+00
9.570000e+01 9.216395e+00 8.216395e+00 -2.406091e+00
9.580000e+01 7.836045e-01 -2.163955e-01 -1.875850e+00
9.590000e+01 0.000000e+00 -1.000000e+00 -9.637241e-01
9.600000e+01 0.000000e+00 -1.000000e+00 5.151719e-02
9.610000e+01 0.000000e+00 -1.000000e+00 9.309665e-01
9.620000e+01 2.312894e+01 2.212894e+01 8.251172e-01
9.630000e+01 1.416994e+01 1.316994e+01 3.079641e-02
9.640000e+01 2.063373e+01 1.963373e+01 -6.715722e-01
9.650000e+01 2.067395e+00 1.067395e+00 -7.845254e-01
9.660000e+01 5.290887e+00 4.290887e+00 -2.432609e-01
9.670000e+01 4.709113e+00 3.709113e+00 2.684959e-01
9.680000e+01 7.200144e+00 6.200144e+00 6.884011e-01
9.690000e+01 2.799856e+00 1.799856e+00 1.188246e+00
9.700000e+01 5.450649e+00 4.450649e+00 1.760045e+00
9.710000e+01 4.549351e+00 3.549351e+00 2.250179e+00
9.720000e+01 8.917641e+00 7.917641e+00 2.610338e+00
9.730000e+01 1.082359e+00 8.235865e-02 3.114674e+00
9.740000e+01 4.653881e+00 3.653881e+00 3.786929e+00
9.750000e+01 5.346119e+00 4.346119e+00 4.288756e+00
9.760000e+01 8.627681e+00 7.627681e+00 4.618027e+00
9.770000e+01 4.315651e+00 3.315651e+00 4.925670e+00
9.780000e+01 1.642500e+01 1.542500e+01 4.894353e+00
9.790000e+01 1.063167e+01 9.631669e+00 4.603331e+00
9.800000e+01 1.025367e+01 9.253668e+00 4.530201e+00
9.810000e+01 9.746332e+00 8.746332e+00 4.511477e+00
9.820000e+01 1.312749e+01 1.212749e+01 4.396078e+00
9.830000e+01 8.594465e+00 7.594465e+00 4.239957e+00
9.840000e+01 2.471589e+01 2.371589e+01 3.649954e+00
9.850000e+01 3.562162e+00 2.562162e+00 3.338682e+00
9.860000e+01 0.000000e+00 -1.000000e+00 4.012994e+00
9.870000e+01 7.034211e+00 6.034211e+00 4.675620e+00
9.880000e+01 2.965789e+00 1.965789e+00 5.221515e+00
9.890000e+01 0.000000e+00 -1.000000e+00 6.051284e+00
9.900000e+01 0.000000e+00 -1.000000e+00 7.040607e+00
9.910000e+01 0.000000e+00 -1.000000e+00 8.019224e+00
9.920000e+01 4.946776e+00 3.946776e+00 8.766654e+00
9.930000e+01 5.053224e+00 4.053224e+00 9.321152e+00
9.940000e+01 0.000000e+00 -1.000000e+00 1.001879e+01
9.950000e+01 8.922755e+00 7.922755e+00 1.058690e+01
9.960000e+01 1.740581e+00 7.405812e-01 1.106279e+01
9.970000e+01 9.549310e+00 8.549310e+00 1.145346e+01
9.980000e+01 9.787353e+00 8.787353e+00 1.155129e+01
9.990000e+01 7.157864e+00 6.157864e+00 1.161449e+01
1.000000e+02 2.379155e+01 2.279155e+01 1.111985e+01
