39.96 83.0176
-0.0794847 41.3998
0.27758 53.6955
-0.317299 14.9039
2.64835 18.1795
0.576921 53.7287
-0.785241 60.2613
-0.402478 99.4968
0.241546 28.417
1.20271 51.5503
-0.608002 18.1045
0.286161 22.5875
0.388722 42.7208
0.0103022 17.1656
-0.389565 12.0605
-0.0805955 55.8108
0.0499486 71.6002
0.079187 59.0571
0.115698 44.5212
-0.266364 24.6887
-0.177461 10.4742
0.134479 12.0897
-0.0953684 87.9427
-0.50978 80.2064
0.147876 2.63963
-0.538856 30.6507
0.00274007 49.5526
-0.07158 74.652
-0.268799 37.2964
-0.19131 27.3155
0.00274478 80.6067
-0.183054 77.995
0.406632 55.8666
0.408713 53.6378
0.110798 70.0716
-0.188542 61.5778
-0.302907 24.2764
-0.351774 25.6188
-0.165092 58.3334
0.269714 48.4295
-0.518142 58.1084
0.362055 35.9582
-0.463021 45.1611
-0.22455 78.2802
-0.358227 29.6774
0.334894 100.474
-0.41849 75.6057
-0.536427 82.3028
-0.282504 26.8088
-0.634734 17.893
0.231849 35.1277
0.0796838 70.8339
-0.423316 34.5274
0.189419 73.2343
0.00259689 26.8777
-0.0059024 28.5333
0.211205 47.2258
-0.182718 61.0932
-0.0640033 95.6386
-0.145664 80.8608
-0.376598 30.7886
0.37707 29.4907
-0.0562407 10.2138
-0.236932 27.4958
0.241264 25.8657
0.0182601 66.9038
-0.29479 58.47
-0.106549 60.4755
0.1277 45.5653
0.0728934 43.0567
-0.0309734 59.0332
0.148318 33.6131
0.522366 42.3055
-0.357221 61.186
-0.158292 46.0766
0.151279 40.5024
-0.00677939 18.548
-0.0508869 21.6441
0.173823 55.7959
0.2313 46.6298
0.357457 19.3318
0.300003 19.3705
0.110011 16.6177
-0.126278 60.9005
0.124112 53.6995
0.0965159 34.6194
0.0640321 47.8788
-0.0395227 29.7151
-0.258345 44.9025
0.163103 53.56
-0.242581 23.2239
-0.111414 31.1595
0.117975 99.6647
-0.0202966 115.436
-0.279607 64.0379
-0.737853 48.356
-0.00907108 15.4609
-0.05637 43.8458
0.101249 48.8753
0.224288 46.1418
0.3123 24.4629
0.0708759 23.4426
-0.271228 48.1822
0.142691 16.5744
-0.434669 29.9624
0.159979 23.5578
0.428578 31.5487
0.064612 104.404
0.0802487 85.8423
0.125608 41.6312
0.00786292 7.65494
-0.582457 37.1823
-0.0157664 22.5901
0.268508 32.8184
-0.204076 1.89005
0.331568 34.3033
0.278133 60.2913
0.00880995 84.131
-0.282347 51.3407
0.684057 31.8277
0.289661 47.3424
-0.382697 37.8278
-0.428439 65.2061
0.242352 40.3171
-0.0106787 48.5059
0.37105 35.2359
-0.355063 20.5162
0.00188323 17.3571
0.165365 3.22347
-0.301085 12.3852
0.471325 42.3194
0.387971 34.3219
-0.056126 31.537
-0.566337 15.1203
0.0704824 28.0439
0.422804 21.4098
0.204083 48.4881
0.325848 56.6041
0.105064 33.133
0.117843 31.782
-0.0983719 61.3549
-0.409858 36.0389
-0.431423 25.8826
-0.112953 52.7731
0.264527 85.1939
0.306774 70.5946
-0.110662 49.1488
0.0317808 27.8398
0.396176 13.3026
-0.307224 53.1949
-0.296837 31.7174
0.104486 28.114
-0.622193 20.6269
-0.027314 15.5853
0.228959 9.97629
0.0623716 40.128
-0.378182 43.0674
-0.212904 63.2201
0.129519 54.1335
0.0427428 65.1399
-0.0215867 70.7253
-0.0536341 23.8784
-0.5365 22.9164
-0.0970031 27.5753
-0.330145 57.1717
0.0997203 63.3362
0.0601915 66.7237
-0.0460045 15.4555
0.0724204 50.2432
0.456041 31.5235
0.202492 3.39551
0.285753 17.824
0.688378 17.2284
0.169929 42.5977
-0.766143 74.996
0.392207 24.1024
-0.356321 31.7311
-0.0833194 -0.675292
0.0939727 24.6386
-0.415867 23.4404
-0.0544844 45.4197
0.477283 37.0255
0.395847 15.1461
-0.326194 -1
-0.124565 49.5251
0.121743 37.0069
-0.0659939 35.1429
-0.239875 15.8968
-0.252959 23.4569
-0.0556111 45.4487
-0.0353554 34.585
-0.075974 19.6522
0.108211 51.9058
-0.0345503 29.7012
0.260933 18.0106
-0.14798 35.4485
-0.186653 55.1894
0.0388986 88.5709
-0.0667129 57.789
-0.326773 7.42709
-0.0619692 33.3915
0.0323521 49.0866
-0.138085 57.7418
0.565066 11.6615
0.0592821 32.9986
0.346231 59.004
0.108361 75.7727
0.620293 94.0485
0.0121165 37.1164
-0.124293 8.94052
-0.25498 29.5905
-0.0788513 23.5317
0.0750147 27.7638
0.331054 18.4173
-0.246265 35.1586
0.241271 50.0149
-0.0562155 58.1923
-0.459569 76.5115
-0.134166 77.91
0.0076469 64.263
-0.175698 94.3072
-0.13574 53.0961
0.0188623 12.2016
0.239232 17.276
0.170545 46.0925
-0.078637 19.3117
0.0760374 36.8023
0.222843 54.2054
0.139535 29.5211
0.16981 57.8827
-0.133513 19.6967
0.149691 13.8623
-0.509608 32.6549
0.359156 73.3899
0.0494582 39.2596
0.0830785 22.5543
0.292941 35.954
-0.00360167 28.7951
-0.224774 75.4672
-0.178656 23.2832
0.475945 45.3041
0.00705142 66.874
-0.604304 52.8656
-0.0680735 57.7426
0.51435 74.2362
-0.0283403 29.1643
0.308662 6.80195
-0.16224 33.6693
-0.351997 17.694
0.0386793 41.9127
-0.277752 66.5734
-0.0730187 28.5763
-0.0434616 40.9832
0.240436 25.683
0.290385 19.809
-0.0554929 63.1612
-0.489617 37.4373
-0.145472 37.5685
0.458644 19.1484
-0.05649 38.4209
-0.357476 33.4648
0.130265 67.5626
0.0932727 43.526
-0.0353441 45.2463
0.683019 42.7898
0.125244 26.4044
-0.0682605 20.8193
0.488877 26.93
-0.00849071 16.3596
-0.217887 46.434
-0.051334 53.8629
0.316326 60.5002
-0.242409 54.0106
0.2791 41.9854
0.285976 78.0952
-0.145802 27.8047
0.345211 21.193
-0.0310981 36.3992
0.492886 52.0206
-0.127298 52.4749
-0.568488 36.449
-0.418153 32.3701
0.00246953 54.5978
0.384079 78.2569
0.3207 72.1665
-0.092396 78.7546
0.396688 44.1485
0.717844 29.9648
-0.128003 91.9218
0.145186 62.5673
0.103086 22.6193
-0.233695 23.8264
-0.00175325 23.7954
-0.620968 60.5299
-0.300159 45.4472
-0.555302 45.2473
0.163194 77.3725
-0.152912 59.7416
0.244304 57.7312
-0.077287 33.2481
0.0569488 56.8633
0.484371 33.2727
-0.0999017 67.9399
0.0427632 52.0027
-0.0775182 94.6204
0.493917 51.7896
-0.368742 23.4393
-0.430111 21.1756
-0.142991 50.2681
0.0241556 63.0345
0.0969691 37.2834
-0.299292 61.4331
0.414743 71.9652
-0.0387388 56.1079
-0.00173954 78.9711
-0.0229776 122.231
0.0493505 62.3938
0.458882 48.6565
0.0539719 25.3696
-0.0188374 3.74691
-0.214056 50.3981
0.0265863 26.7411
-0.418622 -1
-0.167697 14.0478
-0.343722 31.8348
-0.190507 45.5311
0.253664 22.8609
-0.179559 54.591
-0.43605 55.9514
0.446896 48.7919
0.0659375 20.381
-0.374413 35.2827
0.00245406 29.8262
-0.0346209 21.3808
-0.111565 10.1736
-0.457838 24.6915
-0.493143 38.3894
-0.186704 1.02797
0.675698 42.558
0.375991 92.0872
-0.0675465 47.4325
-0.0216121 59.7061
0.120664 38.4289
0.0685618 8.25414
-0.179201 52.5302
0.134333 23.5313
-0.119648 17.7667
-0.00147011 13.3984
-0.33084 69.5142
0.373417 19.4729
-0.306288 15.1285
0.120008 24.2371
-0.0986036 41.2745
0.0069022 46.4595
-0.0331968 23.9618
-0.137234 37.2266
-0.382105 58.8543
0.0933314 80.1248
0.254522 87.6344
-0.106583 79.3751
0.182774 50.2014
0.284559 52.4242
0.226643 92.1081
-0.359565 33.6717
-0.0320268 83.8165
-0.498682 77.5234
-0.366576 25.2986
0.295669 21.1056
0.254419 31.9095
-0.0583612 51.9134
-0.607886 49.1284
0.140322 58.4676
-0.394161 71.7652
-0.166285 28.1985
0.289077 16.0918
0.49474 33.7176
0.366165 6.77328
-0.179285 25.6447
0.453225 -1
0.445893 28.6684
-0.742381 79.0915
-0.188837 71.4161
0.155522 43.9028
0.0605885 61.626
-0.156038 91.5295
-0.0997718 105.815
-0.286525 63.5987
0.147863 71.5155
0.504204 128.172
-0.203803 32.1939
0.00965285 4.79844
-0.23565 53.8408
-0.000990241 17.3505
0.194308 41.4517
0.189461 67.8773
0.287692 36.0422
-0.355154 10.2053
0.219222 33.1932
0.0824351 47.5844
0.182544 43.3443
0.092539 71.7436
-0.401645 32.6064
-0.348176 80.4161
-0.155019 81.6803
-0.542834 51.0981
0.0253745 49.8207
-0.273753 14.9215
0.0551235 9.09374
-0.123891 68.7198
-0.67418 77.5794
-0.00345679 19.1341
-0.166912 55.0789
0.0739321 40.9349
0.229869 16.8747
-0.444526 21.8363
-0.410158 37.9999
0.106963 50.9481
0.0181323 83.4238
0.19999 53.6209
-0.600417 15.2898
0.00940777 29.5164
0.170275 70.6285
-0.201149 43.0971
-0.22668 31.0538
0.0863666 63.9484
-0.0171551 45.3023
-0.00837049 19.3515
0.210476 22.1302
-0.215308 24.8577
-0.497221 21.5026
-0.203228 36.2714
0.243997 15.3176
-0.361244 24.3847
0.27304 51.167
-0.0738504 60.1013
0.140664 80.5217
0.410982 46.0007
-0.106782 25.1584
-0.123968 -1
-0.0584225 14.8571
0.0458688 32.9116
0.0221407 32.7564
0.299883 32.9055
-0.428278 42.2551
-0.436033 63.475
0.822192 80.3031
0.268136 49.1715
-0.0414664 54.714
-0.693053 19.9213
-0.0164157 34.7613
0.176244 28.6437
0.497163 55.2189
-0.475067 59.8882
0.292725 29.527
-0.219303 7.00174
0.0999181 83.6087
-0.0578542 63.3064
0.301507 69.9182
-0.29909 46.5558
-0.00143628 68.8561
0.205736 66.4178
-0.0977334 84.1902
0.15572 76.7989
-0.465837 45.8165
0.0948624 44.8059
-0.189199 36.9151
-0.0489922 20.8049
-0.0586594 65.6939
0.0812128 42.0042
0.191939 42.0251
0.0938242 36.4518
0.21061 41.8851
0.240367 40.2397
0.300649 26.4776
0.0267875 27.4135
-0.300175 51.0747
-0.442562 54.1297
-0.0332356 77.343
-0.36459 18.6434
0.382679 59.8372
-0.260947 41.2677
0.0887969 46.6375
-0.174427 25.454
0.152899 26.0454
0.030515 14.7552
-0.404107 34.4371
0.156291 54.672
-0.157269 75.8116
0.523544 37.9471
0.300308 69.0561
-0.257811 43.2887
0.215832 43.4383
0.0680268 64.6444
-0.113474 47.9741
0.188748 52.8002
0.147228 18.4056
0.130201 32.6475
0.582316 73.1099
0.247936 73.7239
0.490596 57.7534
-0.172926 21.6536
0.151121 55.1389
0.284379 119.181
-0.291587 63.3761
0.328344 48.1656
0.0224885 63.3293
0.214176 29.4316
-0.488738 54.5256
0.389627 44.9207
-0.22802 52.2532
-0.0509242 55.3671
-0.247622 28.2929
0.5416 34.0715
-0.089473 27.5745
0.203815 52.3508
-0.214055 32.846
0.0123193 50.1063
-0.105246 16.6163
0.270404 17.6508
0.130423 58.7616
0.120309 36.3483
-0.0360155 22.4464
-0.0238258 27.1874
0.0428991 46.9682
-0.244395 58.5332
0.237478 19.3073
-0.0287273 41.4194
-0.0138595 36.7922
0.00625755 27.9896
0.228094 51.4466
-0.29455 62.6894
-0.271236 50.8942
0.263095 31.0281
0.14847 22.2855
0.0756256 84.3456
-0.190289 57.0242
0.148456 49.2443
0.197384 96.5389
-0.0992025 34.1791
0.1735 1.27642
0.738014 29.53
0.389666 55.8901
0.412027 30.8754
0.252489 31.2098
0.183512 60.963
-0.156381 67.7623
0.240114 26.3188
0.0109721 22.9726
0.0726748 1.02241
0.0882059 31.0912
0.066109 8.52446
0.28928 33.8178
-0.120254 40.0039
-0.24328 12.6297
0.428479 34.5058
0.0511523 12.6674
-0.480184 42.5674
0.0612822 10.0733
-0.0796625 37.7898
-0.196564 33.1039
0.206686 27.4128
0.0838145 21.8543
0.510421 37.946
-0.0382406 44.1653
-0.211143 26.8246
0.496844 20.3167
0.136806 62.517
0.128786 38.8436
0.288957 33.7435
-0.249279 91.8325
0.208276 35.1447
0.397743 25.4064
0.173729 26.5209
0.363679 22.1989
-0.0702384 6.63041
0.625932 10.5057
-0.20855 46.5884
-0.0872135 60.7307
-0.249935 9.61224
0.501482 73.8045
0.0915891 49.2276
0.178337 50.6366
-0.267733 31.0368
-0.003899 37.7887
-0.507256 15.9624
0.297317 17.2653
-0.144442 13.4423
0.130884 40.7405
0.0695419 46.0011
-0.254884 35.7958
-0.0522963 30.4284
0.0605493 46.7834
-0.0123555 58.0986
-0.439752 79.5938
0.44447 57.9276
-0.211839 20.1974
0.0303237 29.0269
-0.125503 24.6981
-0.307429 36.2283
0.251646 15.7894
0.136231 53.4214
0.0508148 53.0364
-0.111143 29.6562
-0.103944 12.6088
-0.233005 36.7625
0.0123311 19.5332
0.113875 47.5265
0.236249 94.5922
-0.268801 28.8563
-0.228801 37.4572
-0.568888 2.75061
0.410178 35.5269
0.190183 51.6704
-0.255609 58.0787
-0.100333 48.8256
0.0149249 42.7448
-0.285697 97.7545
0.435555 56.9785
-0.035122 30.3575
0.543552 58.3313
-0.144484 51.0495
0.272911 25.2332
0.265886 15.5949
-0.31536 55.555
0.292344 79.8808
0.425699 49.8965
-0.054442 41.0049
0.0602516 31.7355
-0.265126 14.4263
0.300957 75.1786
-0.311251 64.4084
-0.218744 46.9696
0.135062 39.0866
0.128388 78.095
-0.314045 46.7363
-0.190019 79.3799
0.359423 82.9594
-0.110846 51.4644
0.245955 50.5485
0.27801 18.6034
-0.125813 -1
-0.0777092 17.906
-0.112566 46.0133
0.110042 39.0009
-0.365913 10.5203
-0.532454 66.8776
-0.380231 32.3621
0.10537 20.0027
-0.122548 38.9175
0.214469 77.5525
0.128821 47.1102
0.276161 36.0292
-0.114357 47.7778
-0.221971 38.9636
0.0345954 67.6604
-0.030352 59.4512
0.135608 29.5517
0.198672 23.2121
-0.397018 17.0215
0.0467105 55.9668
-0.298002 35.7172
0.0526744 27.3897
0.573355 66.1939
-0.166114 66.532
0.0129798 45.3598
-0.513749 40.1418
-0.144001 17.6679
-0.34488 76.7811
-0.709856 32.2788
0.461538 17.2189
-0.190601 75.1931
-0.424532 37.3702
0.0635565 4.44783
-0.391805 11.7649
-0.101408 4.62477
-0.00367124 10.1524
0.0609847 22.0823
0.0783447 32.9195
-0.351919 47.3364
0.0159714 26.2911
-0.676199 20.7748
0.0466709 41.4697
0.0519116 6.52039
-0.086225 19.9782
-0.296165 35.9226
-0.0684057 5.14058
0.0356264 46.4692
0.464485 38.225
-0.216882 43.6904
0.328474 43.8149
-0.11704 38.8307
0.117469 52.6088
0.252164 33.4387
-0.168456 46.557
-0.570071 6.86113
0.176873 60.064
-0.289207 69.9471
-0.315663 16.4997
0.0184255 43.423
0.129406 49.2053
-0.0146932 45.9301
0.00683649 60.8269
0.0275487 35.3192
0.16199 36.7104
0.140715 32.2762
0.167848 7.10101
-0.0274713 42.0512
0.370913 43.8581
0.516998 45.5768
0.273043 38.307
0.218978 37.5957
0.216212 17.1194
-0.184131 26.7172
0.268126 27.3722
-0.182084 48.4756
0.0339576 12.953
0.179835 49.959
0.290745 73.4772
0.157104 34.854
-0.116332 50.8472
0.139123 74.8387
0.227305 8.59406
-0.0484307 55.2669
0.384049 74.9009
0.374392 20.0498
-0.122257 27.7386
0.0593014 29.7467
0.581363 16.5768
-0.174837 20.3787
0.522425 20.7633
0.24838 17.9164
0.201428 60.0779
0.295533 14.6828
0.0918719 10.3523
0.146233 37.2145
-0.0275748 27.5263
0.225855 50.6797
-0.5432 37.5816
-0.0181525 75.1829
-0.201178 38.9919
-0.0876702 44.8892
0.151882 29.8503
0.250773 46.7857
-0.0971165 37.1391
-0.0580938 44.148
-0.0558606 40.0539
0.270891 47.6786
-0.638702 55.3037
0.129182 79.7039
0.0167708 42.2448
0.0383407 44.9679
0.191057 109.559
-0.0438157 51.118
0.0909534 39.7218
0.438612 76.1692
0.117448 1.70706
0.251661 69.9342
-0.109341 59.5616
-0.15222 2.17373
-0.35017 38.8824
0.0863443 13.8809
-0.45087 40.1682
-0.59682 12.7523
-0.0260065 21.4913
0.245272 31.9142
0.386612 41.3423
-0.554555 41.7252
-0.160933 17.9708
0.389556 36.4171
-0.271696 62.0013
0.138125 43.4629
0.16669 66.3821
0.366956 40.2029
0.0227267 29.1774
0.410482 40.8253
-0.053212 30.5902
-0.116997 12.78
0.15067 48.9889
-0.139315 21.913
-0.235925 26.6453
0.383099 22.4951
0.443711 57.0935
0.350531 19.5332
-0.272305 10.5007
0.746823 36.6909
-0.231671 40.5805
-0.360984 17.7758
-0.546221 73.5753
0.458749 31.0101
0.116348 12.471
0.690567 16.2961
-0.189151 61.0846
0.299405 37.0798
0.344336 79.1643
0.138118 39.0652
0.278779 26.8032
0.0246178 51.3058
-0.0627532 46.3056
0.0929625 75.7666
0.204551 11.6034
0.00738953 24.0278
-0.00866823 50.4603
-0.0373957 20.4244
0.026746 39.7355
-0.271745 12.7239
0.0720371 42.2014
0.120579 48.0933
-0.171283 25.6945
0.148353 35.0073
-0.201839 42.361
-0.168473 92.3993
0.138154 85.267
-0.477726 20.9093
0.241116 52.0268
-0.117653 33.0223
-0.448631 64.5463
-0.219885 59.4082
0.236121 23.8487
0.515934 70.02
-0.120296 32.1076
0.0232403 56.0432
0.220062 70.4528
0.369225 61.3327
0.248143 56.4151
0.0536428 42.9542
0.00907232 88.6079
-0.273402 58.7133
-0.48702 44.0458
-0.0894657 47.347
-0.105838 31.6498
0.182283 34.462
-0.494957 61.7373
0.396894 31.2998
-0.120125 8.46266
0.0986047 25.3726
-0.205229 43.564
-0.036982 79.3188
0.350469 29.6508
0.034698 27.1913
0.220206 29.9927
0.281738 7.14085
-0.0196521 61.6569
0.202226 25.901
0.349128 31.3509
0.405201 18.8684
-0.382211 53.073
-0.192711 67.6077
-0.089695 56.7281
-0.183479 45.9488
-0.147734 18.976
0.0268212 16.4059
-0.125528 9.24661
-0.168923 45.8954
0.29146 56.9274
0.296933 66.2459
-0.403917 60.1885
-0.163092 51.9109
0.0434816 32.655
0.0225575 46.0903
-0.498748 17.7991
-0.044205 26.7931
-0.333773 52.6056
-0.314168 50.5302
-0.446693 59.4806
-0.254177 37.9616
-0.160223 38.9479
0.033878 71.8616
0.120504 71.525
-0.13622 20.3058
-0.0516927 32.5678
-0.351738 39.3643
0.119716 34.4097
0.407583 48.7696
0.247094 53.121
-0.363472 58.4788
0.389182 37.433
-0.00350006 28.9405
0.326819 28.6474
-0.162178 42.0685
0.262268 35.7256
0.250263 41.5902
-0.0617267 40.2074
-0.0389177 40.3508
0.305143 52.8942
0.304527 52.6039
0.231293 99.9371
-0.137476 49.3923
-0.0295358 46.3198
0.0969523 30.6711
-0.117504 85.4671
0.0541522 52.04
-0.571315 44.4387
-0.0692741 50.8803
-0.00857124 47.2967
0.210198 30.1828
-0.0261019 56.3934
-0.0253278 13.4216
0.166608 24.1192
0.123737 38.5383
0.354763 46.2318
-0.504111 33.5287
-0.138744 75.51
-0.0494262 67.7013
-0.0661499 79.3978
-0.191877 50.0355
-0.155233 46.3393
0.13658 33.449
-0.125645 73.6675
-0.381694 56.5412
-0.202838 12.5001
-0.190496 52.882
0.195921 28.3578
-0.110105 70.2897
0.115456 45.7861
0.178529 18.1507
0.181778 20.0195
0.0868212 28.9709
-0.261324 57.8934
0.0935115 35.9954
-0.143868 58.5681
0.0271953 13.5127
0.0855415 18.4372
-0.134674 99.2754
-0.404359 87.1469
0.346454 53.6317
0.348456 49.0152
0.280571 74.3705
-0.241307 48.1269
0.0193723 44.9745
0.0183339 61.2197
0.360377 94.093
0.00119773 79.0838
0.163395 68.8129
-0.0112212 48.5129
0.119501 35.2778
-0.190584 59.93
-0.153782 69.9009
0.108932 30.9377
-0.032244 63.7348
0.246903 45.199
-0.250627 48.2729
0.109831 37.3071
-0.127597 15.373
0.200374 43.9637
-0.22712 82.9132
0.348735 48.0051
0.184632 17.1164
0.0549329 31.644
-0.131777 65.7713
0.175301 57.516
-0.182666 71.1943
0.418918 44.8282
0.344618 8.64139
-0.0655058 43.3631
0.0934894 91.2605
-0.231801 97.6275
0.014867 60.8841
-0.155297 52.9707
-0.204206 83.6899
-0.190125 78.7507
0.0619756 45.3287
0.195993 28.5009
0.0252394 65.4329
-0.108388 24.5202
0.600733 22.2055
0.477147 78.7315
-0.113415 110.684
-0.0594109 52.8087
-0.361895 86.8717
0.134938 103.069
0.137909 46.3104
0.00252036 100.436
-0.029951 84.2472
0.12414 30.9313
-0.171349 52.0066
-0.0721782 37.0359
0.0971613 68.9683
0.126452 60.1761
-0.0585042 30.9197
-0.260558 23.3124
0.146376 35.2615
-0.0405739 62.8146
0.1564 127.71
0.0595439 70.8852
-0.256158 50.8989
-0.00028216 52.4785
0.149769 57.2595
0.110865 18.0448
0.171987 12.0416
0.347827 34.4819
0.122007 50.1854
-0.0330699 78.5549
-0.0244884 109.812
0.13339 52.4589
0.0419592 76.6777
0.317027 70.9688
0.136584 86.3671
0.285848 106.076
-0.11354 97.3311
0.0696933 28.0838
0.0226761 87.1567
0.0467563 64.0108
0.202469 53.2721
0.0684941 22.1091
-0.0206687 10.8124
-0.540908 67.2957
-0.490327 103.507
-0.0213574 101.194
-0.343099 79.4769
0.367125 64.8568
-0.485832 46.7569
-0.40672 33.595
0.202949 66.3282
0.048694 63.0833
-0.14318 67.5687
0.154611 33.6538
-0.241518 37.7724
-0.455267 50.3471
-0.0258052 59.466
-0.288495 83.7427
-0.207049 23.641
0.443736 28.7097
0.362197 102.024
0.00589767 73.5536
0.109386 49.8788
-0.227619 6.0558
0.0667874 43.5044
-0.0836444 29.2722
-0.588082 47.0503
-0.390354 111.884
-0.0399175 34.0151
0.0523543 40.359
0.147354 63.4995
-0.482192 56.8497
-0.250683 41.7787
0.0468274 65.0539
0.0420671 37.4824
0.226808 38.0034
0.0961126 33.9182
0.146654 48.1982
-0.474683 44.1312
0.188907 34.3466
-0.554294 41.0063
0.42496 6.83558
0.330849 16.3752
0.0680987 28.5359
-0.348436 17.217
-0.0178348 32.8564
0.491576 37.7052
-0.0377824 29.5704
-0.0944111 13.3085
0.679978 12.0454
0.215452 22.1308
0.0756715 34.7384
-0.0616323 17.7783
-0.165608 21.4565
0.0908082 39.1335
-0.152832 73.6583
0.313958 66.5913
0.154077 63.8894
0.274537 37.9121
0.237515 91.6117
-0.16226 39.8712
0.51244 41.9763
0.331114 107.484
0.185239 19.3662
0.214618 31.9833
0.0518143 68.8155
0.124247 47.1086
0.281652 5.42861
0.30934 25.9632
0.137224 76.4187
0.177116 45.6511
-0.11111 35.181
-0.0568065 42.1941
-0.0257154 34.2525
0.382123 29.118
-0.0217735 16.2108
0.36962 49.048
0.226942 76.6178
-0.024426 30.7553
-0.29607 33.5898
0.535352 79.2398
-0.163774 41.6168
-0.0404119 10.6196
-0.201021 8.31076
0.235165 56.9412
0.498023 42.0624
-0.0603419 62.3687
0.131174 26.1115
0.318269 41.2636
-0.00644436 29.7232
0.0211611 12.4731
-0.102971 45.5036
0.286329 25.1433
-0.286631 34.3187
0.183844 12.9271
0.110003 21.9009
-0.020261 36.1012
-0.161058 42.5912
-0.153079 52.6489
0.103898 65.3318
0.269476 48.4684
-0.183234 47.6403
-0.0313549 39.4597
0.289787 22.7336
-0.205166 26.3077
0.098023 44.275
-0.204405 41.7863
-0.00765769 1.07141
-0.0963055 14.2014
0.137048 0.575809
0.0880279 33.5544
-0.0694951 32.8429
-0.0349849 14.4887
-0.582621 -0.673531
-0.100745 20.2151
-0.144439 31.9561
-0.208423 11.6111
0.0189173 5.78154
0.425999 38.9793
0.0626454 27.2581
-0.211579 59.6137
-0.366197 30.9797
0.25386 32.7142
-0.0775955 7.35498
-0.605444 20.2419
-0.085054 46.3923
0.111829 57.7771
0.0427494 38.6575
0.149532 37.3755
0.010663 40.8095
0.199303 42.654
-0.0829347 1.72721
0.0552905 3.8209
0.219537 22.8908
-0.000280586 12.7212
0.402083 49.4329
0.280357 78.3903
-0.0585549 53.3438
-0.273615 10.4479
0.132887 30.8462
0.319176 47.8731
0.322528 3.56366
-0.0917852 35.1244
-0.234666 18.7446
0.0179316 41.9043
-0.0569677 51.1304
0.158073 43.4156
0.0587557 6.03807
0.414589 26.9599
0.43427 0.677047
-0.0135318 29.9668
-0.0592371 39.2839
-0.0465951 10.4277
0.0246822 30.5624
-0.463243 17.2998
0.0653573 19.2939
0.310992 22.3124
-0.152722 14.4929
-0.165465 47.5989
0.195636 30.3088
0.324141 39.3115
-0.105753 4.24692
-0.575674 15.7612
0.219414 16.8594
-0.147022 83.0983
0.471384 73.3756
-0.202374 25.345
0.0110441 45.2766
0.158881 28.64
-0.075572 22.4783
0.159937 15.6939
0.0276155 13.4067
0.105866 1.37049
-0.22669 -1
-0.162003 -1
0.0422168 21.1256
-0.167684 40.7383
-0.117308 2.24498
0.247822 42.6651
0.0288641 37.6775
0.316472 17.3207
-0.246884 1.78387
0.200765 29.3044
-0.014805 16.2434
-0.00155013 2.83576
-0.274173 23.1369
-0.130666 46.182
0.0857338 67.9873
-0.0336269 34.5212
-0.168943 40.0257
0.00182699 53.7221
0.118445 21.3705
0.0425424 76.5976
-0.0521129 31.4331
0.154933 27.1469
0.169118 58.3725
0.068399 16.5425
-0.4418 42.4308
-0.0450216 66.1617
0.128729 54.3414
0.0638593 8.05784
-0.197895 8.00176
0.0840156 6.77545
-0.141034 -1
0.199234 29.1004
0.103804 16.198
-0.203416 14.3854
-0.380154 9.81108
-0.0439973 45.2968
-0.00902177 13.4261
-0.0348651 17.8762
-0.204195 52.1607
0.103705 25.7508
-0.23305 22.7693
0.0360368 25.8619
0.269424 33.7651
-0.186607 16.0382
-0.245302 13.1381
-0.42356 36.7937
-0.000246116 15.5345
0.451829 18.1577
0.0627256 16.3786
0.287737 41.2582
0.3215 24.509
0.00982498 45.0244
-0.0782769 29.7379
-0.125359 18.0077
-0.187097 -1
0.0426991 13.5652
0.147268 7.57646
-0.38713 71.5423
-0.05678 18.8068
0.522928 33.1063
0.283724 32.939
0.100908 16.7905
-0.0492519 -1
0.019314 3.99251
0.0400108 32.833
-0.39905 10.5062
-0.349009 2.13486
-0.0167627 37.8542
0.299216 33.0364
-0.14037 32.1888
-0.0678825 40.3306
-0.207368 39.3133
0.289004 9.46845
-0.0439268 20.1938
-0.0726402 40.7351
-0.19968 17.516
-0.187471 1.44123
0.0403658 7.97993
-0.277791 10.8119
-0.113994 29.7014
0.119293 18.5006
-0.0200174 35.9328
-0.106948 9.08634
0.381855 49.8113
0.092045 48.3779
0.0978273 19.8009
0.174373 11.6552
-0.216426 28.4476
0.20891 59.0657
-0.0581443 43.7043
0.338305 33.558
0.30098 43.2353
-0.220004 45.2575
0.238833 39.5106
0.105819 17.9879
0.0702383 24.9725
-0.22553 63.3575
-0.403775 25.6569
0.165805 25.1693
0.0826327 36.0221
-0.383071 22.6433
0.18269 22.1946
-0.162761 6.86484
-0.174193 10.4426
-0.0168351 41.1409
0.19798 12.5254
0.0118736 32.6806
0.401847 27.4051
0.193605 40.5686
-0.413804 46.8885
-0.0648599 38.7449
0.0598409 30.4886
-0.103824 50.7136
-0.0614766 9.72276
0.323949 -0.203798
0.240898 57.1021
-0.0658311 38.1485
-0.144064 1.61647
-0.0478061 -1
0.228665 -1
0.155882 5.88661
0.116682 66.3895
-0.150309 42.1644
0.0136447 8.42347
0.00979054 37.5628
-0.212271 2.61499
0.102716 34.1434
-0.0458236 44.0184
0.162714 34.8412
-0.200321 32.9399
0.10934 16.6303
0.00726263 45.5258
-0.22773 38.519
-0.190119 51.5073
0.0994494 98.641
0.452728 28.1718
-0.219438 1.05933
-0.0682359 21.235
0.0971214 42.941
-0.101822 43.2224
0.204764 68.4451
0.0639396 35.2009
-0.161392 1.34819
0.42656 13.429
-0.315457 1.26184
0.443518 32.9666
0.484607 35.8758
-0.0683529 26.0218
0.151436 5.74458
0.0238321 37.4555
0.0567898 12.9016
-0.233081 23.7606
0.386992 16.3384
-0.161471 13.5446
-0.352582 39.038
-0.117191 89.334
0.187258 34.2083
0.125031 58.828
0.242789 10.7053
-0.132624 42.4141
-0.23304 37.9975
0.0396956 0.474484
-0.086187 23.4927
-0.198731 28.4973
0.0135953 18.0227
-0.0515385 14.2142
0.387757 29.4562
0.603693 36.7282
0.195227 33.9045
0.150626 61.8604
-0.0872425 30.0365
0.139861 8.09203
-0.262306 78.2786
-0.19006 42.6967
-0.0944514 20.797
0.160807 29.2638
-0.175985 96.6528
-0.225468 106.937
0.0429982 74.7547
-0.0266356 84.5991
-0.065191 65.381
-0.124658 13.2911
-0.178241 21.6211
-0.0685977 28.0892
0.383412 37.8497
-0.276804 56.3787
0.074845 28.7884
-0.155358 17.0271
0.165712 16.9751
0.121771 57.7146
0.291859 60.5111
0.0178285 23.1568
-0.394251 14.6666
0.213599 65.2487
-0.0272705 17.748
0.121167 20.0026
0.133937 51.4949
0.141535 21.0559
-0.28448 45.1087
0.29905 64.4981
-0.0216913 32.368
-0.311655 39.2617
0.277823 57.0691
0.121833 43.0465
-0.219517 45.8746
0.267662 73.3804
0.0469662 17.0396
0.0169427 69.6537
0.117811 53.2959
-0.17543 39.4653
-0.0032902 55.7531
-0.0994002 52.4582
-0.190292 23.2293
-0.428473 52.8519
0.128627 48.1494
0.0386043 38.4567
-0.310613 44.0993
0.0979995 40.4906
0.0623551 36.3393
0.139143 14.4259
-0.282859 26.2422
0.238006 12.0962
-0.11128 14.9751
-0.446123 29.3182
-0.348439 21.3116
-0.30805 26.5748
-0.218911 33.6814
-0.0442477 26.5749
-0.231954 4.9795
0.12112 19.3656
0.143261 24.9782
-0.0345466 31.8532
-0.158633 62.5103
0.340388 58.3103
-0.0711504 85.6573
-0.0334162 33.8634
-0.225833 25.259
0.284069 6.32852
0.292923 32.4709
0.0924285 42.1245
-0.0785997 15.3764
-0.0154851 40.5004
0.224404 18.8997
-0.270084 37.2031
0.0174099 41.4981
-0.270225 55.5496
-0.325436 4.56283
0.131636 -1
-0.108233 -1
0.143841 16.5279
-0.00723833 15.0266
0.419419 11.0494
-0.0502646 45.1262
-0.153654 74.3485
0.0542226 28.3068
0.141639 12.2122
0.105903 40.4405
0.0286408 27.997
0.267343 36.4921
-0.17405 29.5395
0.0726411 27.6301
0.143929 39.2607
0.0304881 35.0274
-0.0638211 14.0849
0.0330804 30.4749
0.238502 13.0673
0.0151796 27.2584
-0.255949 26.4416
0.18776 58.1718
-0.390965 70.9385
0.0985654 55.3137
0.188799 29.0093
-0.0459095 19.451
0.0909604 56.4762
-0.265508 33.6743
0.0138657 34.7775
0.314942 20.177
-0.0211078 7.76564
-0.692325 18.3427
0.629639 40.8351
0.160524 51.8163
-0.0852191 78.4309
0.316897 82.4761
0.206727 55.9354
-0.302176 29.9235
0.117153 15.6121
0.295733 11.5154
-0.0574528 15.4111
0.186437 37.0757
-0.00842339 14.0356
-0.0877744 13.3637
-0.0553018 8.44281
0.295723 48.4945
0.078106 42.1054
-0.0935243 34.8259
-0.00659801 38.4104
0.0167276 39.8247
-0.0252826 78.0192
-0.0809225 54.1985
0.0557041 17.6845
-0.2437 13.87
0.337337 27.0072
0.173036 21.2793
0.372727 53.0748
0.353988 70.1002
-0.0240528 12.3004
-0.209513 36.3342
-0.160174 38.197
0.0188745 21.0376
-0.00305947 30.4364
0.140867 13.0376
0.0967661 1.73959
-0.180568 20.106
0.18564 39.5998
0.0330871 32.9565
-0.292824 16.2634
-0.248321 20.2921
0.214379 -1
0.0625774 20.8328
-0.175593 47.7911
0.0557839 38.3379
-0.167642 6.47874
-0.0167242 -1
-0.0233865 51.8245
0.0855997 30.0615
-0.330981 18.0883
-0.202528 57.7069
-0.154843 38.6453
-0.0640455 2.72768
-0.177516 32.4807
-0.364605 38.4515
0.0936296 6.41356
-0.161098 15.5899
0.210756 26.4745
0.0239298 11.6469
0.178663 13.8377
-0.0706538 35.7859
-0.163984 30.0399
-0.0822262 10.4329
0.0462342 14.7463
0.0282916 37.5507
-0.27594 44.6354
0.25956 22.0135
-0.278882 55.0772
0.0588435 42.8919
-0.14513 10.9659
0.0120778 12.1876
0.109257 16.2537
0.043386 10.3863
0.028346 41.0585
0.0916801 18.6937
0.0357244 34.8839
0.0088449 33.4347
0.100766 46.8866
-0.0779214 36.1498
-0.0143527 22.2731
-0.260034 17.8748
0.113387 51.8846
0.139219 47.6859
-0.125148 56.7228
0.181789 39.9187
-0.165316 37.5705
0.190879 56.6463
-0.306716 53.3491
0.132105 2.95223
0.177777 32.3091
-0.329262 53.5809
0.108957 10.2719
-0.20572 10.434
-0.323604 32.6254
-0.201163 64.4237
0.088866 32.5532
-0.0395853 42.0019
0.112108 85.3077
0.221044 11.6644
-0.208491 25.8005
-0.198864 5.415
0.291454 15.3184
-0.0755798 7.58457
-0.147259 44.394
-0.0752654 59.9982
0.163018 71.5116
0.000482363 30.8174
-0.48522 21.5513
-0.0534377 44.9377
0.281526 44.4749
0.0896379 34.829
-0.0350137 16.5252
-0.000200201 15.0293
0.254282 10.9976
0.0333362 27.5294
0.0838904 63.1114
-0.17024 95.6882
-0.237237 3.78398
-0.495914 26.1395
0.13525 0.630982
-0.1604 7.69809
0.273809 8.25942
-0.318241 36.0804
0.0465211 27.8482
0.107585 14.0394
-0.0506208 26.5854
0.317962 6.70691
-0.124305 24.0167
-0.0182114 36.1075
-0.301099 37.5391
0.257791 27.3466
-0.239783 38.9965
0.147056 31.3202
-0.0612268 19.6774
-0.165754 13.4524
-0.217668 29.3428
-0.218558 34.3861
0.480191 35.4317
-0.199868 19.1184
-0.538239 12.7089
-0.403549 30.137
-0.0845132 42.5476
0.173464 4.85586
-0.340975 7.51486
0.204216 56.5835
-0.0634091 27.5076
-0.0799179 48.0916
0.145515 48.2229
-0.0570967 45.1058
-0.373598 25.7877
-0.118467 39.4351
0.200724 74.4611
0.159523 19.943
0.0280411 11.0125
0.0203923 36.5665
0.29085 37.6823
0.39221 49.7462
0.280556 27.7646
-0.0185754 37.2324
-0.289088 87.5108
-0.0751955 10.1253
0.0914554 29.8788
0.0541627 14.8021
0.0588239 4.96561
0.113128 38.4581
-0.261164 38.1867
0.16741 94.8853
0.229657 74.5713
0.0934515 24.1036
-0.0556373 3.04205
0.345726 11.8433
-0.39395 19.7111
0.222124 7.31322
0.126222 8.16845
-0.147573 35.3138
0.291643 26.3977
0.129009 9.89876
0.0575644 51.0178
-0.0617453 34.0708
-0.17268 4.86753
0.202536 19.1421
-0.0594145 59.5636
0.21761 70.8072
0.223304 49.9504
-0.0823531 46.1678
0.117487 19.0662
0.280529 13.0166
-0.102907 6.18339
0.025259 52.4036
0.185465 38.6103
0.219453 33.9129
0.39965 40.0234
0.0808528 46.2325
-0.265043 10.5149
-0.226502 19.3326
0.0430313 23.6648
0.192142 77.324
0.485726 56.0211
0.180286 19.4593
-0.0345314 -0.475166
0.25957 10.8291
0.0151805 45.4959
-0.141875 83.045
-0.186091 46.56
-0.142216 15.5175
0.293962 13.7718
0.401548 24.5911
-0.1259 27.5624
0.108894 29.7669
-0.183465 51.8761
0.019879 9.08304
-0.0836119 -1
0.219286 55.028
0.0646123 31.1185
0.000157624 15.1174
-0.236891 36.9382
0.450275 32.7818
0.0235331 39.3864
-0.257297 34.288
0.127321 12.7911
0.164828 13.1928
0.382772 6.96869
0.147395 24.4416
-0.194196 38.5133
-0.00984544 38.6904
0.0507134 42.6425
-0.0188684 19.2918
-0.0475377 22.4728
0.0532599 16.6485
-0.285256 60.0425
-0.166365 27.8484
-0.00100139 -1
-0.0495849 13.9623
-0.0348138 43.7559
0.0686574 34.6151
-0.107622 32.3502
-0.0290003 38.0836
0.112749 58.2515
-0.0382862 29.1094
0.0501251 18.859
0.00998234 70.0061
0.0725159 68.5738
-0.159054 46.6448
0.284231 44.1542
0.103698 77.3125
-0.00709111 24.0289
0.115003 46.4245
-0.142291 42.5113
0.0604828 25.3544
-0.0539519 54.2792
0.0411872 42.8083
0.0774733 67.03
0.250984 94.8155
-0.0565443 49.501
0.00999494 45.0875
0.0924912 28.6052
0.0065171 114.728
0.186057 107.437
0.0370664 100.955
-0.152876 62.5346
-0.277455 20.9606
-0.0967076 45.1455
0.0452943 81.8794
-0.317712 32.3506
0.160101 25.1977
-0.00382324 31.0066
-0.149428 39.7192
0.155013 46.3679
0.328781 116.647
0.391445 52.5309
0.10169 26.217
0.0244698 22.8501
0.0553253 25.6626
-0.240655 22.3565
0.108937 15.572
-0.259172 41.5085
-0.298422 28.7989
0.174278 12.0429
0.0702852 40.8468
-0.353127 47.7453
0.165804 51.0901
-0.172563 55.5121
0.268946 48.6706
0.0100319 53.9075
-0.237895 42.6921
0.0256811 7.45659
0.0532864 42.3043
0.00309309 25.8614
0.059061 33.8053
0.041114 25.6271
0.0527105 55.2695
0.20228 8.85948
-0.102009 21.4763
0.136804 26.8553
-0.175995 2.08965
-0.251635 52.8591
-0.257691 18.6826
0.0108082 23.0319
-0.19266 24.2685
-0.113042 34.2804
-0.250441 80.9255
0.110608 40.3943
0.00667762 23.8909
0.249888 52.0745
0.0705652 36.7948
0.0973697 65.2367
-0.250271 70.9923
-0.157895 43.9971
0.212737 30.9242
-0.21544 16.5786
0.0292196 27.9275
0.0266266 24.9173
0.131786 19.3873
-0.000687125 39.0355
0.0147966 22.1806
0.144115 32.6172
0.194585 34.4757
-0.0300976 23.452
0.0519817 36.367
-0.0429224 16.1832
0.147613 43.4187
-0.476107 72.6581
0.141293 31.3036
-0.0161471 53.1287
0.00704642 43.9519
-0.011602 31.5896
-0.00705145 25.9114
0.222241 54.5337
-0.121422 67.6622
0.0551967 39.579
0.000814851 38.5294
0.23557 13.3297
0.0759004 22.9689
0.163038 47.8402
0.00314893 43.4597
-0.0381211 76.2165
0.286643 49.3029
-0.0865771 36.4696
-0.168096 35.9947
0.0154212 34.5469
0.167255 33.5758
0.137195 75.9684
0.0614753 98.9651
-0.00728437 49.0377
-0.0840831 41.0115
-0.181747 37.2027
0.354678 33.243
-0.0458373 59.5784
-0.0161349 42.0787
0.0881353 57.2662
0.118231 58.8883
0.133119 23.3003
0.0585051 42.5854
0.124991 34.5735
0.205544 23.9641
-0.122611 47.3429
-0.125885 17.6297
0.0624963 51.3137
0.220071 98.2224
0.180823 35.1537
-0.0447653 68.7482
-0.107855 51.5926
0.278848 34.6519
0.0524653 27.7133
0.175979 56.0007
-0.0601224 48.2424
0.0686532 33.1168
-0.0939553 26.4123
0.234562 6.93945
-0.0679836 53.4112
0.141782 62.5617
0.0592302 61.2813
0.347131 40.0844
-0.257635 60.2422
0.0209609 85.1835
0.123961 82.11
0.0695265 75.2159
0.0855283 84.5472
0.0942916 42.8715
-0.179432 34.0249
-0.035449 69.3353
0.0903535 32.1101
0.0132921 33.942
0.116303 9.85269
-0.10898 50.1426
-0.250226 53.4277
0.298238 31.0802
-0.1646 26.7712
-0.00398295 100.26
-0.233373 25.7275
0.216889 42.3204
0.111456 92.149
0.290367 44.0949
0.197833 30.9636
0.0110712 37.5613
-0.0207665 60.1018
0.0382813 57.3375
0.123937 15.5787
0.111615 47.6981
0.124963 48.0303
-0.150813 33.3503
0.286207 26.4118
0.110904 66.0015
-0.211494 68.7321
0.170879 84.1488
0.274055 4.80608
-0.0593671 51.6329
0.0100906 28.0382
-0.101086 26.9436
-0.27319 53.2163
-0.0609335 65.9111
-0.0768274 89.2146
-0.0254741 47.5096
0.0746086 62.5461
0.0518169 87.6824
0.0995204 56.0943
0.0425492 28.862
-0.0254066 74.9801
-0.112396 49.0177
0.224762 38.7396
0.338002 41.6808
0.270919 70.0204
-0.318487 45.7178
0.0408709 37.8861
0.441679 32.4377
-0.0408676 77.7067
-0.0117568 64.1431
-0.15519 87.163
0.138957 52.415
-0.0267399 68.343
-0.0460871 97.2036
0.407834 71.3917
-0.220261 38.6098
0.0307772 47.8461
-0.073796 31.3628
0.0642936 19.2136
-0.27801 59.9976
0.047606 98.8236
-0.140104 77.1346
-0.119072 78.3641
-0.116949 53.7045
-0.00592791 44.5288
0.252592 56.0492
-0.0884469 48.0793
0.32517 53.4556
-0.104871 74.4136
0.113131 16.0234
0.136023 92.9648
-0.0290787 48.0993
0.174096 53.967
0.0664347 56.7949
-0.278697 109.123
0.182814 43.1468
-0.0497415 35.1909
-0.168423 60.9752
0.0202258 26.5788
-0.205626 53.5649
-0.150295 27.252
0.212513 1.29536
0.252755 79.5851
0.072466 54.9846
0.173525 56.3334
0.119008 39.1705
0.14511 28.1987
0.237115 18.6451
0.174952 52.0804
0.106981 65.5121
0.101481 68.2443
-0.00184827 80.605
-0.299783 76.8969
0.10706 35.5983
-0.105989 20.934
0.118425 58.0015
0.0749013 85.0835
0.251861 34.4064
-0.0254387 102.465
0.0978781 29.737
-0.0880609 73.7058
0.294113 52.399
0.0198328 33.6934
0.0718828 20.6074
0.176402 22.8754
0.119584 64.8981
0.2359 32.9577
-0.207893 26.3362
-0.0628787 53.3601
-0.140222 69.0055
0.217943 106.796
-0.199632 22.8906
-0.0507775 27.9119
-0.23623 40.4798
0.206058 49.1346
-0.27567 58.4146
0.00976349 57.9871
0.0598936 48.1248
0.0443571 26.5101
-0.24435 14.5155
-0.129808 9.24595
-0.0353768 34.7497
0.0137003 22.7127
-0.204651 41.6692
0.185568 35.0828
0.195883 36.2136
0.0246306 26.2028
0.129215 21.0042
-0.00178083 -1
0.131342 4.4039
0.0131974 37.9874
-0.140227 51.8966
-0.000261371 54.9261
0.0208029 74.9057
0.111353 4.76128
-0.200344 25.8182
0.0858456 67.5823
-0.0525465 80.5599
-0.132679 90.277
-0.0276423 26.1695
-0.145588 49.5728
0.049571 52.2989
-0.153413 45.9825
-0.267912 46.5324
-0.0259315 24.9494
0.138098 39.4118
-0.04869 9.27053
-0.0263419 37.3873
0.107465 58.2132
0.0684734 21.1258
0.126483 33.2443
-0.0934924 63.0791
0.238363 81.083
-0.0590595 63.7937
0.425103 22.5124
-0.0576764 28.9398
0.0231078 11.4065
-0.0765898 39.2107
0.0660227 57.3865
0.301738 66.9434
-0.0796899 20.1529
-0.0313968 45.0848
0.13999 73.1099
0.0997505 56.2243
0.207837 38.5414
-0.363405 23.8644
0.174713 36.4082
0.266166 29.0231
-0.0250297 61.1361
-0.0184982 47.6639
0.014503 50.8027
0.105055 64.0628
0.126901 74.9371
0.0288965 39.1328
0.165717 45.7253
0.0531701 50.6208
-0.12061 44.4509
0.162421 21.2058
-0.202396 30.8015
0.000126173 35.3516
0.0910638 35.9392
0.0976594 80.4418
-0.143019 47.6658
0.122839 37.6031
-0.172772 16.6098
-0.0207123 55.0807
0.139571 44.5499
0.0750258 41.6147
0.16647 42.305
-0.246941 51.4642
0.151304 65.6089
0.184263 26.2672
0.0695671 36.8469
-0.306143 48.6545
0.0166481 46.5375
0.0733777 12.3955
0.266522 27.2506
0.11759 58.1087
0.156207 52.8679
0.118719 43.7863
-0.235412 21.7321
-0.152909 51.0569
-0.216512 31.5124
0.318207 66.7845
0.136919 36.3128
0.0743727 56.946
-0.0613414 64.2979
0.142469 17.5967
-0.256466 33.8334
-0.116923 73.484
-0.0805654 84.4606
-0.0599972 52.198
-0.26594 28.9437
-0.286906 13.0065
-0.108196 82.0178
-0.197529 39.685
0.150406 81.3618
0.0937677 40.7802
-0.147943 12.8771
-0.104993 13.1263
-0.0928122 16.158
-0.104993 39.0456
-0.147943 28.2785
0.0937677 49.5956
0.150406 27.4225
-0.197529 34.517
-0.108196 32.8518
-0.286906 32.3371
-0.26594 48.4199
-0.0599972 43.1645
-0.0805654 47.2596
-0.116923 49.4491
-0.256466 18.6251
0.142469 17.9201
-0.0613414 40.7225
0.0743727 94.5675
0.136919 88.1179
0.318207 42.7016
-0.216512 11.3412
-0.152909 9.9218
-0.235412 20.6927
0.118719 50.8338
0.156207 21.8706
0.11759 36.6453
0.266522 43.9046
0.0733777 52.5141
0.0166481 62.992
-0.306143 36.8544
0.0695671 11.4751
0.184263 48.5392
0.151304 36.4817
-0.246941 91.0029
0.16647 58.0744
0.0750258 57.9178
0.139571 25.0532
-0.0207123 -1
-0.172772 -1
0.122839 57.4194
-0.143019 61.881
0.0976594 24.725
0.0910638 49.2486
0.000126173 64.2062
-0.202396 76.7152
0.162421 31.9166
-0.12061 86.7598
0.0531701 42.8236
0.165717 18.8211
0.0288965 35.0535
0.126901 49.8357
0.105055 48.1012
0.014503 56.8773
-0.0184982 18.0305
-0.0250297 12.8817
0.266166 67.9811
0.174713 46.5936
-0.363405 79.2129
0.207837 29.4652
0.0997505 41.9798
0.13999 46.2694
-0.0313968 43.554
-0.0796899 38.2113
0.301738 37.774
0.0660227 29.706
-0.0765898 59.5183
0.0231078 75.6259
-0.0576764 49.3094
0.425103 45.5687
-0.0590595 22.5266
0.238363 63.3356
-0.0934924 15.3529
0.126483 27.0237
0.0684734 34.2874
0.107465 30.4426
-0.0263419 50.6083
-0.04869 35.2459
0.138098 22.7528
-0.0259315 53.115
-0.267912 6.95964
-0.153413 11.0425
0.049571 16.635
-0.145588 53.3734
-0.0276423 32.3897
-0.132679 -1
-0.0525465 -1
0.0858456 39.1378
-0.200344 30.4441
0.111353 29.7059
0.0208029 61.133
-0.000261371 69.5804
-0.140227 91.0567
0.0131974 40.6311
0.131342 42.6442
-0.00178083 37.1781
0.129215 41.5383
0.0246306 35.2029
0.195883 36.4912
0.185568 39.6523
-0.204651 76.0143
0.0137003 59.8985
-0.0353768 48.6039
-0.129808 38.3865
-0.24435 28.3469
0.0443571 9.47729
0.0598936 41.9233
0.00976349 45.0867
-0.27567 61.259
0.206058 16.0081
-0.23623 13.5642
-0.0507775 15.0065
-0.199632 46.642
0.217943 45.4527
-0.140222 25.0062
-0.0628787 39.3537
-0.207893 35.7137
0.2359 47.9114
0.119584 64.6744
0.176402 85.5804
0.0718828 44.2895
0.0198328 25.9089
0.294113 17.2267
-0.0880609 38.2858
0.0978781 25.3736
-0.0254387 1.91744
0.251861 34.2033
0.0749013 73.435
0.118425 52.3668
-0.105989 17.6268
0.10706 13.3616
-0.299783 69.2766
-0.00184827 46.6079
0.101481 10.1329
0.106981 36.1206
0.174952 43.0986
0.237115 80.8097
0.14511 50.1178
0.119008 45.8046
0.173525 54.0019
0.072466 47.7272
0.252755 36.5651
0.212513 69.7552
-0.150295 36.9318
-0.205626 10.9835
0.0202258 31.3369
-0.168423 47.2039
-0.0497415 66.6164
0.182814 13.0786
-0.278697 42.2102
0.0664347 53.8443
0.174096 35.3661
-0.0290787 57.5368
0.136023 67.2106
0.113131 53.9954
-0.104871 104.54
0.32517 33.3179
-0.0884469 25.9591
0.252592 18.3675
-0.00592791 47.257
-0.116949 42.6854
-0.119072 60.0179
-0.140104 77.499
0.047606 26.4433
-0.27801 59.0264
0.0642936 26.4958
-0.073796 22.982
0.0307772 8.99063
-0.220261 4.34066
0.407834 39.8531
-0.0460871 95.6536
-0.0267399 73.3293
0.138957 46.3801
-0.15519 22.4642
-0.0117568 49.4578
-0.0408676 32.6053
0.441679 17.9323
0.0408709 32.6819
-0.318487 51.0688
0.270919 34.5684
0.338002 63.9544
0.224762 33.9912
-0.112396 35.172
-0.0254066 39.8046
0.0425492 30.2664
0.0995204 24.6183
0.0518169 27.4031
0.0746086 60.9715
-0.0254741 40.5308
-0.0768274 49.3507
-0.0609335 26.7865
-0.27319 47.4238
-0.101086 28.9738
0.0100906 17.8921
-0.0593671 24.1842
0.274055 57.895
0.170879 63.6504
-0.211494 50.4048
0.110904 33.874
0.286207 41.2359
-0.150813 16.5293
0.124963 20.4243
0.111615 18.1445
0.123937 9.64785
0.0382813 33.5407
-0.0207665 14.0591
0.0110712 58.0044
0.197833 55.8307
0.290367 14.7768
0.111456 44.6499
0.216889 33.6178
-0.233373 32.4097
-0.00398295 56.5663
-0.1646 12.4078
0.298238 49.0231
-0.250226 41.1615
-0.10898 25.3526
0.116303 44.2288
0.0132921 48.633
0.0903535 12.0886
-0.035449 51.8555
-0.179432 59.5849
0.0942916 69.6766
0.0855283 5.87576
0.0695265 48.9473
0.123961 52.1614
0.0209609 28.494
-0.257635 50.3759
0.347131 64.8401
0.0592302 15.8463
0.141782 7.47614
-0.0679836 65.3918
0.234562 47.7375
-0.0939553 51.1176
0.0686532 26.6168
-0.0601224 18.1461
0.175979 43.4155
0.0524653 72.3841
0.278848 76.2051
-0.107855 27.366
-0.0447653 27.6028
0.180823 47.894
0.220071 26.6961
0.0624963 27.4102
-0.125885 37.2093
-0.122611 53.436
0.205544 37.6433
0.124991 40.1832
0.0585051 46.2441
0.133119 34.9404
0.118231 13.978
0.0881353 36.085
-0.0161349 60.4429
-0.0458373 136.723
0.354678 87.1297
-0.181747 80.6662
-0.0840831 81.0539
-0.00728437 44.7499
0.0614753 7.56433
0.137195 -1
0.167255 37.1726
0.0154212 49.1955
-0.168096 28.9151
-0.0865771 27.8267
0.286643 93.8973
-0.0381211 40.9622
0.00314893 43.6601
0.163038 38.1177
0.0759004 80.4085
0.23557 66.4518
0.000814851 49.5395
0.0551967 20.6145
-0.121422 21.5718
0.222241 14.4022
-0.00705145 83.5272
-0.011602 25.9346
0.00704642 20.1062
-0.0161471 19.0793
0.141293 33.6354
-0.476107 71.2913
0.147613 42.2905
-0.0429224 45.0463
0.0519817 47.0953
-0.0300976 21.696
0.194585 44.6037
0.144115 55.1728
0.0147966 18.0363
-0.000687125 29.7835
0.131786 83.1443
0.0266266 49.1013
0.0292196 34.7441
-0.21544 28.6653
0.212737 35.7563
-0.157895 88.4615
-0.250271 49.8361
0.0973697 18.0925
0.0705652 33.9957
0.249888 68.0023
0.00667762 71.0637
0.110608 30.5271
-0.250441 31.5702
-0.113042 10.4993
-0.19266 6.47035
0.0108082 49.0989
-0.257691 37.2526
-0.251635 73.5016
-0.175995 57.1132
0.136804 65.7123
-0.102009 48.2262
0.20228 42.4278
0.0527105 48.886
0.041114 78.9709
0.059061 26.0267
0.00309309 58.4728
0.0532864 70.245
0.0256811 21.9499
-0.237895 38.8433
0.0100319 41.4486
0.268946 56.1843
-0.172563 19.8259
0.165804 74.4182
-0.353127 34.6971
0.0702852 18.6998
0.174278 49.5069
-0.298422 15.9862
-0.259172 27.8112
0.108937 20.5204
-0.240655 18.9485
0.0553253 65.5977
0.0244698 52.855
0.10169 24.9599
0.391445 9.1491
0.328781 15.7756
0.155013 57.3725
-0.149428 17.8259
-0.00382324 14.6431
0.160101 30.8232
-0.317712 44.783
0.0452943 54.9329
-0.0967076 73.739
-0.277455 31.1034
-0.152876 28.5321
0.0370664 53.6232
0.186057 26.3826
0.0065171 15.2647
0.0924912 16.337
0.00999494 15.2174
-0.0565443 37.4158
0.250984 52.0292
0.0774733 51.4522
0.0411872 50.527
-0.0539519 59.0137
0.0604828 20.785
-0.142291 24.3362
0.115003 15.2081
-0.00709111 34.8717
0.103698 34.3539
0.284231 11.6605
-0.159054 11.9442
0.0725159 35.4628
0.00998234 10.3787
0.0501251 24.4027
-0.0382862 53.168
0.112749 44.4103
-0.0290003 42.981
-0.107622 26.4898
0.0686574 31.6818
-0.0348138 57.4319
-0.0495849 38.4624
-0.00100139 55.0697
-0.166365 54.3094
-0.285256 36.3228
0.0532599 42.9045
-0.0475377 36.5579
-0.0188684 81.0284
0.0507134 78.2912
-0.00984544 16.6148
-0.194196 20.4237
0.147395 45.7192
0.382772 36.4802
0.164828 19.2113
0.127321 39.6484
-0.257297 29.5395
0.0235331 80.1111
0.450275 62.2244
-0.236891 73.8561
0.000157624 59.2661
0.0646123 34.2104
0.219286 26.7636
-0.0836119 21.588
0.019879 38.8249
-0.183465 74.6858
0.108894 69.9676
-0.1259 41.9934
0.401548 60.8566
0.293962 12.4623
-0.142216 12.9765
-0.186091 26.4605
-0.141875 21.8712
0.0151805 -1
0.25957 -1
-0.0345314 27.8704
0.180286 43.7469
0.485726 19.6312
0.192142 38.7139
0.0430313 17.6744
-0.226502 36.3419
-0.265043 29.2093
0.0808528 13.693
0.39965 5.85917
0.219453 57.3395
0.185465 44.7714
0.025259 30.209
-0.102907 24.5931
0.280529 32.0874
0.117487 55.8479
-0.0823531 65.0769
0.223304 39.5607
0.21761 24.2927
-0.0594145 36.0727
0.202536 42.9369
-0.17268 28.5694
-0.0617453 40.7433
0.0575644 69.4338
0.129009 40.9174
0.291643 19.8381
-0.147573 18.7723
0.126222 8.72122
0.222124 17.3646
-0.39395 39.859
0.345726 40.8855
-0.0556373 40.2867
0.0934515 31.2439
0.229657 25.6869
0.16741 15.7496
-0.261164 67.7954
0.113128 66.5842
0.0588239 76.4388
0.0541627 20.0902
0.0914554 24.7747
-0.0751955 14.4102
-0.289088 58.8609
-0.0185754 74.8861
0.280556 15.705
0.39221 51.884
0.29085 15.8125
0.0203923 4.10202
0.0280411 36.2375
0.159523 43.2738
0.200724 51.9003
-0.118467 33.3824
-0.373598 35.4989
-0.0570967 45.6617
0.145515 44.1696
-0.0799179 72.1258
-0.0634091 30.9331
0.204216 33.0246
-0.340975 3.46556
0.173464 51.5168
-0.0845132 26.5645
-0.403549 34.9935
-0.538239 12.6773
-0.199868 14.9141
0.480191 24.9216
-0.218558 53.1178
-0.217668 69.3771
-0.165754 37.2942
-0.0612268 12.4789
0.147056 10.0676
-0.239783 18.802
0.257791 25.9759
-0.301099 56.4028
-0.0182114 71.9317
-0.124305 18.9091
0.317962 41.2893
-0.0506208 58.0316
0.107585 69.3211
0.0465211 32.2639
-0.318241 47.9771
0.273809 40.9283
-0.1604 24.4845
0.13525 21.0667
-0.495914 40.9178
-0.237237 52.9603
-0.17024 39.5666
0.0838904 32.5241
0.0333362 2.48841
0.254282 13.9976
-0.000200201 28.0736
-0.0350137 17.9751
0.0896379 47.1579
0.281526 58.8672
-0.0534377 57.2845
-0.48522 47.1215
0.000482363 35.1448
0.163018 8.71091
-0.0752654 19.9282
-0.147259 14.129
-0.0755798 19.179
0.291454 63.4801
-0.198864 47.1212
-0.208491 92.9955
0.221044 26.7514
0.112108 2.35114
-0.0395853 53.4942
0.088866 61.5506
-0.201163 67.6399
-0.323604 45.7739
-0.20572 65.0781
0.108957 63.8486
-0.329262 54.2439
0.177777 33.3556
0.132105 39.9317
-0.306716 39.2732
0.190879 32.2415
-0.165316 48.4203
0.181789 28.1401
-0.125148 39.0828
0.139219 2.03014
0.113387 28.0354
-0.260034 36.4715
-0.0143527 61.6805
-0.0779214 52.2916
0.100766 38.6549
0.0088449 48.7559
0.0357244 68.7706
0.0916801 39.0182
0.028346 38.1953
0.043386 42.1349
0.109257 46.5739
0.0120778 99.2521
-0.14513 43.3227
0.0588435 12.6927
-0.278882 6.70803
0.25956 76.1591
-0.27594 69.8266
0.0282916 48.6685
0.0462342 57.0394
-0.0822262 13.4106
-0.163984 18.258
-0.0706538 20.6968
0.178663 39.5912
0.0239298 51.4677
0.210756 54.3343
-0.161098 18.379
0.0936296 -1
-0.364605 21.9111
-0.177516 61.0794
-0.0640455 20.6245
-0.154843 29.4194
-0.202528 57.8003
-0.330981 30.9891
0.0855997 73.9425
-0.0233865 25.1254
-0.0167242 23.3364
-0.167642 50.7507
0.0557839 36.6531
-0.175593 28.8498
0.0625774 69.4843
0.214379 44.9784
-0.248321 39.7397
-0.292824 16.2103
0.0330871 38.3081
0.18564 13.6694
-0.180568 38.5284
0.0967661 47.129
0.140867 40.8254
-0.00305947 59.8813
0.0188745 38.8039
-0.160174 37.6968
-0.209513 74.4489
-0.0240528 21.5674
0.353988 34.1425
0.372727 14.6678
0.173036 67.8489
0.337337 84.6132
-0.2437 34.2794
0.0557041 51.7365
-0.0809225 36.3309
-0.0252826 53.3392
0.0167276 49.0339
-0.00659801 48.04
-0.0935243 79.4838
0.078106 44.2394
0.295723 36.0528
-0.0553018 67.1085
-0.0877744 50.2883
-0.00842339 56.5942
0.186437 13.2024
-0.0574528 37.7486
0.295733 72.6304
0.117153 39.9526
-0.302176 3.51142
0.206727 8.08459
0.316897 30.7333
-0.0852191 40.409
0.160524 24.0757
0.629639 24.6353
-0.692325 17.0571
-0.0211078 0.599836
0.314942 31.5261
0.0138657 29.6103
-0.265508 46.3901
0.0909604 37.8687
-0.0459095 13.7483
0.188799 30.6033
0.0985654 10.2186
-0.390965 33.6347
0.18776 7.45832
-0.255949 66.6692
0.0151796 46.4967
0.238502 23.1771
0.0330804 26.7241
-0.0638211 3.52879
0.0304881 29.03
0.143929 31.6569
0.0726411 19.9838
-0.17405 32.729
0.267343 11.9944
0.0286408 21.8743
0.105903 33.9912
0.141639 25.0159
0.0542226 62.3629
-0.153654 53.5323
-0.0502646 49.9414
0.419419 64.9371
-0.00723833 81.2781
0.143841 17.4973
-0.108233 6.50801
0.131636 8.2692
-0.325436 19.0545
-0.270225 67.2237
0.0174099 16.4122
-0.270084 38.4865
0.224404 56.0363
-0.0154851 26.058
-0.0785997 30.0278
0.0924285 34.4025
0.292923 47.0906
0.284069 63.7412
-0.225833 41.3716
-0.0334162 46.7993
-0.0711504 30.8141
0.340388 85.3082
-0.158633 31.3247
-0.0345466 15.4234
0.143261 85.6624
0.12112 65.6529
-0.231954 42.5629
-0.0442477 52.3465
-0.218911 55.8273
-0.30805 60.0927
-0.348439 55.6328
-0.446123 47.1171
-0.11128 66.7522
0.238006 47.2254
-0.282859 67.6828
0.139143 55.1749
0.0623551 31.617
0.0979995 46.5237
-0.310613 56.8347
0.0386043 13.8063
0.128627 36.3005
-0.428473 6.67183
-0.190292 25.314
-0.0994002 69.8919
-0.0032902 38.4973
-0.17543 68.6543
0.117811 80.363
0.0169427 36.8243
0.0469662 86.6081
0.267662 95.1472
-0.219517 65.7068
0.121833 21.2172
0.277823 34.078
-0.311655 19.562
-0.0216913 41.7003
0.29905 24.6269
-0.28448 57.7198
0.141535 56.823
0.133937 79.6383
0.121167 21.1835
-0.0272705 33.5608
0.213599 35.304
-0.394251 55.0948
0.0178285 24.7429
0.291859 44.287
0.121771 80.739
0.165712 37.6435
-0.155358 45.5553
0.074845 37.7127
-0.276804 58.0713
0.383412 46.2931
-0.0685977 44.0538
-0.178241 27.2771
-0.124658 32.4112
-0.065191 0.978624
-0.0266356 32.8597
0.0429982 30.4328
-0.225468 17.5936
-0.175985 10.1489
0.160807 4.62828
-0.0944514 74.5065
-0.19006 44.9251
-0.262306 29.7175
0.139861 20.4491
-0.0872425 20.664
0.150626 45.264
0.195227 28.5132
0.603693 29.8033
0.387757 24.2231
-0.0515385 20.1514
0.0135953 21.5067
-0.198731 31.2045
-0.086187 28.4187
0.0396956 11.3202
-0.23304 62.1485
-0.132624 45.538
0.242789 79.2687
0.125031 80.2163
0.187258 40.9117
-0.117191 41.9466
-0.352582 69.6419
-0.161471 14.3437
0.386992 44.342
-0.233081 37.8949
0.0567898 18.8519
0.0238321 18.8968
0.151436 11.742
-0.0683529 -1
0.484607 13.3674
0.443518 40.6361
-0.315457 28.9301
0.42656 94.5896
-0.161392 90.705
0.0639396 29.3357
0.204764 60.1548
-0.101822 32.8703
0.0971214 40.4542
-0.0682359 85.0598
-0.219438 36.969
0.452728 25.6135
0.0994494 29.0303
-0.190119 38.3129
-0.22773 51.7394
0.00726263 75.6177
0.10934 31.8723
-0.200321 68.7356
0.162714 48.1421
-0.0458236 64.33
0.102716 14.053
-0.212271 17.0758
0.00979054 31.4713
0.0136447 40.5202
-0.150309 9.93835
0.116682 19.9419
0.155882 11.1613
0.228665 5.5274
-0.0478061 40.4523
-0.144064 39.4391
-0.0658311 70.9573
0.240898 39.9682
0.323949 15.7595
-0.0614766 23.1413
-0.103824 68.9614
0.0598409 48.8625
-0.0648599 41.2495
-0.413804 43.6283
0.193605 13.312
0.401847 55.0925
0.0118736 56.9633
0.19798 66.5239
-0.0168351 68.7137
-0.174193 60.892
-0.162761 29.3551
0.18269 62.7817
-0.383071 69.0412
0.0826327 67.6291
0.165805 32.1042
-0.403775 54.4377
-0.22553 36.9563
0.0702383 60.513
0.105819 49.8526
0.238833 67.8121
-0.220004 78.5315
0.30098 33.8853
0.338305 10.4965
-0.0581443 4.8931
0.20891 9.88411
-0.216426 20.943
0.174373 49.2124
0.0978273 14.0282
0.092045 42.18
0.381855 63.6439
-0.106948 34.5226
-0.0200174 71.701
0.119293 29.6532
-0.113994 40.4449
-0.277791 26.324
0.0403658 -1
-0.187471 20.0699
-0.19968 11.4845
-0.0726402 53.5178
-0.0439268 93.1396
0.289004 67.7246
-0.207368 43.4997
-0.0678825 31.7308
-0.14037 48.7673
0.299216 71.87
-0.0167627 53.6918
-0.349009 35.0203
-0.39905 46.4516
0.0400108 45.9188
0.019314 107.456
-0.0492519 39.5861
0.100908 40.1973
0.283724 28.5655
0.522928 30.2482
-0.05678 24.4071
-0.38713 25.6787
0.147268 36.4545
0.0426991 35.3095
-0.187097 31.2764
-0.125359 46.356
-0.0782769 38.464
0.00982498 33.7751
0.3215 65.7851
0.287737 58.5318
0.0627256 64.9768
0.451829 20.4822
-0.000246116 33.1509
-0.42356 13.6108
-0.245302 45.139
-0.186607 62.4429
0.269424 54.0552
0.0360368 20.1741
-0.23305 14.9933
0.103705 54.0225
-0.204195 42.8541
-0.0348651 65.4608
-0.00902177 88.4713
-0.0439973 39.0456
-0.380154 31.4277
-0.203416 60.8566
0.103804 43.7709
0.199234 73.4252
-0.141034 65.1842
0.0840156 48.8192
-0.197895 44.6317
0.0638593 25.4208
0.128729 44.8958
-0.0450216 56.0373
-0.4418 49.3474
0.068399 68.9178
0.169118 42.4506
0.154933 51.1288
-0.0521129 104.769
0.0425424 61.3795
0.118445 47.2958
0.00182699 109.536
-0.168943 109.428
-0.0336269 27.9987
0.0857338 23.7607
-0.130666 11.0179
-0.274173 3.75931
-0.00155013 28.3273
-0.014805 47.4333
0.200765 61.1349
-0.246884 22.1318
0.316472 7.14395
0.0288641 40.6634
0.247822 22.5663
-0.117308 41.3523
-0.167684 18.8585
0.0422168 47.6981
-0.162003 49.2621
-0.22669 68.5272
0.105866 44.2792
0.0276155 21.1886
0.159937 10.828
-0.075572 46.9393
0.158881 31.5673
0.0110441 88.9061
-0.202374 53.1946
0.471384 5.11763
-0.147022 35.7186
0.219414 33.9827
-0.575674 36.8811
-0.105753 32.6761
0.324141 17.1819
0.195636 96.1143
-0.165465 119.237
-0.152722 76.209
0.310992 124.126
0.0653573 36.9526
-0.463243 27.6641
0.0246822 39.3655
-0.0465951 38.5865
-0.0592371 62.7067
-0.0135318 42.364
0.43427 25.2174
0.414589 47.4967
0.0587557 23.6302
0.158073 54.7429
-0.0569677 74.7325
0.0179316 75.8739
-0.234666 73.415
-0.0917852 28.9167
0.322528 75.7852
0.319176 52.3408
0.132887 50.145
-0.273615 57.7274
-0.0585549 41.0613
0.280357 50.4485
0.402083 55.7424
-0.000280586 34.2734
0.219537 7.9014
0.0552905 47.6486
-0.0829347 60.7483
0.199303 98.5465
0.010663 17.8636
0.149532 54.2574
0.0427494 40.882
0.111829 20.1243
-0.085054 85.1823
-0.605444 113.065
-0.0775955 43.67
0.25386 8.77369
-0.366197 72.546
-0.211579 26.5922
0.0626454 66.4077
0.425999 36.5137
0.0189173 35.4619
-0.208423 38.9899
-0.144439 61.0313
-0.100745 32.2081
-0.582621 74.9651
-0.0349849 78.4767
-0.0694951 58.4273
0.0880279 39.2744
0.137048 52.2332
-0.0963055 30.9175
-0.00765769 50.0921
-0.204405 58.9743
0.098023 18.8815
-0.205166 14.9045
0.289787 16.6203
-0.0313549 61.921
-0.183234 86.2362
0.269476 58.2916
0.103898 98.5392
-0.153079 13.0457
-0.161058 33.5507
-0.020261 15.763
0.110003 42.5897
0.183844 28.5426
-0.286631 45.5142
0.286329 95.3084
-0.102971 115.046
0.0211611 77.1886
-0.00644436 46.8809
0.318269 91.1096
0.131174 80.4758
-0.0603419 41.3767
0.498023 42.0074
0.235165 66.1373
-0.201021 86.7089
-0.0404119 45.3535
-0.163774 70.8273
0.535352 60.7923
-0.29607 36.0881
-0.024426 12.1302
0.226942 23.2938
0.36962 33.3627
-0.0217735 26.7858
0.382123 90.8548
-0.0257154 55.8791
-0.0568065 15.4819
-0.11111 12.1836
0.177116 28.5606
0.137224 86.7203
0.30934 47.1006
0.281652 42.877
0.124247 70.8125
0.0518143 44.1906
0.214618 61.8634
0.185239 60.4922
0.331114 14.212
0.51244 33.6385
-0.16226 66.683
0.237515 77.6127
0.274537 52.164
0.154077 47.7977
0.313958 47.6529
-0.152832 65.823
0.0908082 47.6979
-0.165608 84.9068
-0.0616323 10.4208
0.0756715 70.739
0.215452 27.9243
0.679978 47.0121
-0.0944111 40.4392
-0.0377824 47.9243
0.491576 73.7642
-0.0178348 75.3819
-0.348436 36.5753
0.0680987 61.7551
0.330849 92.4373
0.42496 43.2292
-0.554294 12.9966
0.188907 47.9839
-0.474683 55.4049
0.146654 52.2951
0.0961126 38.5455
0.226808 36.5965
0.0420671 42.6789
0.0468274 1.10563
-0.250683 33.8354
-0.482192 40.1934
0.147354 100.356
0.0523543 43.0816
-0.0399175 59.5326
-0.390354 49.1534
-0.588082 43.4495
-0.0836444 73.7219
0.0667874 65.7449
-0.227619 65.2714
0.109386 34.1243
0.00589767 59.0809
0.362197 18.2493
0.443736 47.6485
-0.207049 77.12
-0.288495 84.8107
-0.0258052 43.2504
-0.455267 60.5777
-0.241518 55.4784
0.154611 32.0087
-0.14318 30.025
0.048694 50.2512
0.202949 42.7148
-0.40672 23.5691
-0.485832 9.12186
0.367125 42.7394
-0.343099 43.3792
-0.0213574 1.42279
-0.490327 25.6393
-0.540908 60.2752
-0.0206687 75.2133
0.0684941 73.9316
0.202469 78.7076
0.0467563 -1
0.0226761 4.4072
0.0696933 20.3301
-0.11354 50.1909
0.285848 27.0123
0.136584 38.1127
0.317027 25.4056
0.0419592 46.2185
0.13339 49.0332
-0.0244884 38.6824
-0.0330699 35.4435
0.122007 56.8167
0.347827 15.1992
0.171987 57.3336
0.110865 27.3513
0.149769 54.3158
-0.00028216 94.0486
-0.256158 56.3884
0.0595439 57.0922
0.1564 16.8376
-0.0405739 23.5164
0.146376 16.005
-0.260558 26.9939
-0.0585042 35.5497
0.126452 49.1073
0.0971613 49.9317
-0.0721782 48.8416
-0.171349 61.3584
0.12414 82.9757
-0.029951 103.634
0.00252036 45.7518
0.137909 69.9952
0.134938 73.1311
-0.361895 39.7392
-0.0594109 30.1793
-0.113415 24.056
0.477147 60.9098
0.600733 13.5312
-0.108388 33.7823
0.0252394 48.4961
0.195993 38.9946
0.0619756 23.8567
-0.190125 13.3971
-0.204206 18.5404
-0.155297 28.9364
0.014867 48.855
-0.231801 82.8587
0.0934894 33.121
-0.0655058 65.789
0.344618 58.9368
0.418918 40.2138
-0.182666 33.4552
0.175301 28.2267
-0.131777 5.81524
0.0549329 27.3184
0.184632 76.7494
0.348735 10.3727
-0.22712 17.9905
0.200374 65.523
-0.127597 68.8969
0.109831 20.4373
-0.250627 44.9108
0.246903 74.4008
-0.032244 39.9847
0.108932 39.7356
-0.153782 18.6982
-0.190584 31.5425
0.119501 62.7204
-0.0112212 47.0376
0.163395 17.8695
0.00119773 55.9371
0.360377 62.4178
0.0183339 27.8186
0.0193723 25.6038
-0.241307 30.5892
0.280571 101.261
0.348456 35.9796
0.346454 27.6878
-0.404359 11.3739
-0.134674 29.4559
0.0855415 46.8995
0.0271953 37.4381
-0.143868 53.7534
0.0935115 85.9633
-0.261324 74.9202
0.0868212 64.4183
0.181778 7.68907
0.178529 35.1341
0.115456 97.0656
-0.110105 15.7952
0.195921 51.996
-0.190496 47.2287
-0.202838 59.0902
-0.381694 59.3375
-0.125645 77.6407
0.13658 48.0437
-0.155233 47.2268
-0.191877 44.4758
-0.0661499 70.0756
-0.0494262 21.7558
-0.138744 14.2946
-0.504111 66.9481
0.354763 56.3205
0.123737 54.965
0.166608 42.6555
-0.0253278 51.054
-0.0261019 31.4907
0.210198 27.5184
-0.00857124 35.2179
-0.0692741 44.8072
-0.571315 16.4827
0.0541522 51.4996
-0.117504 43.6904
0.0969523 2.70353
-0.0295358 47.3481
-0.137476 70.4409
0.231293 62.1572
0.304527 59.4895
0.305143 68.8675
-0.0389177 99.6223
-0.0617267 29.8045
0.250263 12.2847
0.262268 36.5603
-0.162178 33.3123
0.326819 14.2025
-0.00350006 42.9264
0.389182 48.9934
-0.363472 85.2882
0.247094 62.517
0.407583 45.5687
0.119716 55.1595
-0.351738 45.8302
-0.0516927 27.8889
-0.13622 21.4367
0.120504 32.2469
0.033878 -0.535472
-0.160223 17.5128
-0.254177 43.3982
-0.446693 12.3243
-0.314168 27.3029
-0.333773 13.1088
-0.044205 28.1084
-0.498748 25.4042
0.0225575 79.5877
0.0434816 44.8974
-0.163092 140.76
-0.403917 64.2079
0.296933 46.3581
0.29146 65.7874
-0.168923 23.1778
-0.125528 22.1738
0.0268212 36.0358
-0.147734 18.945
-0.183479 27.8846
-0.089695 44.3757
-0.192711 78.1473
-0.382211 65.3456
0.405201 16.1774
0.349128 28.9506
0.202226 14.4684
-0.0196521 39.2909
0.281738 50.1805
0.220206 24.4851
0.034698 40.6818
0.350469 42.062
-0.036982 63.3616
-0.205229 44.9755
0.0986047 27.9801
-0.120125 39.0983
0.396894 34.4184
-0.494957 16.8667
0.182283 19.389
-0.105838 34.5965
-0.0894657 31.3161
-0.48702 16.9872
-0.273402 76.178
0.00907232 69.8988
0.0536428 48.3823
0.248143 56.9334
0.369225 23.1947
0.220062 34.0066
0.0232403 23.0436
-0.120296 12.972
0.515934 54.2769
0.236121 38.9909
-0.219885 40.5267
-0.448631 41.1107
-0.117653 28.0565
0.241116 48.4694
-0.477726 36.8484
0.138154 43.6793
-0.168473 32.2848
-0.201839 5.71898
0.148353 26.6803
-0.171283 39.3061
0.120579 38.8931
0.0720371 32.2615
-0.271745 51.601
0.026746 28.1224
-0.0373957 23.8475
-0.00866823 37.3191
0.00738953 39.8015
0.204551 57.404
0.0929625 56.4438
-0.0627532 61.9404
0.0246178 13.4729
0.278779 -1
0.138118 18.8264
0.344336 36.0877
0.299405 52.1605
-0.189151 55.5583
0.690567 104.243
0.116348 91.7059
0.458749 80.9124
-0.546221 22.2678
-0.360984 -1
-0.231671 16.8405
0.746823 55.737
-0.272305 28.0411
0.350531 78.4819
0.443711 27.1631
0.383099 21.2066
-0.235925 33.9652
-0.139315 12.8663
0.15067 15.0575
-0.116997 29.0363
-0.053212 22.926
0.410482 28.7
0.0227267 13.6042
0.366956 41.7264
0.16669 59.4911
0.138125 29.8376
-0.271696 43.079
0.389556 42.9188
-0.160933 44.8315
-0.554555 53.7387
0.386612 36.6241
0.245272 53.2675
-0.0260065 68.3631
-0.59682 90.7096
-0.45087 29.4285
0.0863443 34.604
-0.35017 31.0805
-0.15222 51.5314
-0.109341 52.353
0.251661 25.1527
0.117448 32.1843
0.438612 37.5415
0.0909534 39.3781
-0.0438157 26.7104
0.191057 48.2921
0.0383407 43.9434
0.0167708 23.899
0.129182 30.9212
-0.638702 77.8485
0.270891 41.7132
-0.0558606 27.6083
-0.0580938 34.2177
-0.0971165 54.7344
0.250773 26.2526
0.151882 -1
-0.0876702 14.2665
-0.201178 35.5716
-0.0181525 57.0128
-0.5432 33.913
0.225855 53.3525
-0.0275748 63.5732
0.146233 27.949
0.0918719 34.3101
0.295533 27.9683
0.201428 11.1818
0.24838 39.029
0.522425 71.7526
-0.174837 62.1482
0.581363 114.732
0.0593014 80.0211
-0.122257 44.5452
0.374392 52.2658
0.384049 29.9778
-0.0484307 52.0216
0.227305 28.6268
0.139123 31.9877
-0.116332 43.4832
0.157104 64.4511
0.290745 38.0193
0.179835 73.3892
0.0339576 71.9067
-0.182084 46.867
0.268126 33.7922
-0.184131 37.6837
0.216212 42.8629
0.218978 48.7144
0.273043 26.4028
0.516998 -0.0520316
0.370913 9.8448
-0.0274713 22.0996
0.167848 15.3872
0.140715 8.90083
0.16199 25.8148
0.0275487 12.6161
0.00683649 7.78595
-0.0146932 25.6701
0.129406 36.0532
0.0184255 13.9577
-0.315663 42.6868
-0.289207 48.7773
0.176873 32.7287
-0.570071 18.2386
-0.168456 17.4645
0.252164 28.019
0.117469 45.9185
-0.11704 23.0211
0.328474 4.30826
-0.216882 25.3977
0.464485 21.8219
0.0356264 62.5008
-0.0684057 26.0558
-0.296165 14.2478
-0.086225 6.43994
0.0519116 24.6848
0.0466709 67.1142
-0.676199 36.9081
0.0159714 33.372
-0.351919 0.69302
0.0783447 16.2678
0.0609847 47.9721
-0.00367124 69.4615
-0.101408 31.6337
-0.391805 30.9914
0.0635565 -1
-0.424532 8.39861
-0.190601 21.8091
0.461538 26.1536
-0.709856 26.9275
-0.34488 53.3632
-0.144001 71.0875
-0.513749 14.5274
0.0129798 28.7842
-0.166114 63.0023
0.573355 28.268
0.0526744 8.02382
-0.298002 6.7534
0.0467105 12.6455
-0.397018 28.4355
0.198672 59.0283
0.135608 47.0044
-0.030352 73.3295
0.0345954 8.43785
-0.221971 -1
-0.114357 4.27031
0.276161 52.5128
0.128821 45.3264
0.214469 28.1082
-0.122548 18.2583
0.10537 60.9412
-0.380231 35.0548
-0.532454 13.2379
-0.365913 24.468
0.110042 69.9601
-0.112566 44.2986
-0.0777092 10.9938
-0.125813 -1
0.27801 -1
0.245955 0.503244
-0.110846 37.2308
0.359423 11.9648
-0.190019 35.0152
-0.314045 28.8589
0.128388 17.3846
0.135062 13.0374
-0.218744 15.7987
-0.311251 28.4331
0.300957 28.894
-0.265126 45.2262
0.0602516 27.6429
-0.054442 0.17612
0.425699 14.6011
0.292344 30.9186
-0.31536 45.148
0.265886 48.0884
0.272911 50.4763
-0.144484 46.9733
0.543552 24.0493
-0.035122 15.2755
0.435555 53.4542
-0.285697 34.6478
0.0149249 29.962
-0.100333 22.0207
-0.255609 23.1935
0.190183 10.4759
0.410178 4.30135
-0.568888 8.89688e-05
-0.228801 14.7771
-0.268801 8.06886
0.236249 23.8115
0.113875 41.562
0.0123311 39.9981
-0.233005 7.64647
-0.103944 7.13074
-0.111143 18.4767
0.0508148 47.2399
0.136231 15.1695
0.251646 11.2287
-0.307429 19.6141
-0.125503 29.1987
0.0303237 32.2818
-0.211839 26.5337
0.44447 9.36081
-0.439752 28.1573
-0.0123555 28.9503
0.0605493 23.7785
-0.0522963 13.1742
-0.254884 60.8065
0.0695419 20.5937
0.130884 5.39739
-0.144442 28.9609
0.297317 44.6066
-0.507256 16.6396
-0.003899 3.14764
-0.267733 22.7573
0.178337 57.0898
0.0915891 16.4729
0.501482 4.30143
-0.249935 35.2532
-0.0872135 42.7063
-0.20855 52.8151
0.625932 29.0394
-0.0702384 41.8373
0.363679 40.0488
0.173729 32.7844
0.397743 23.683
0.208276 9.63356
-0.249279 51.473
0.288957 57.8336
0.128786 38.9853
0.136806 18.0958
0.496844 24.0493
-0.211143 19.0359
-0.0382406 7.57599
0.510421 28.8345
0.0838145 12.7214
0.206686 21.5505
-0.196564 8.8425
-0.0796625 14.4536
0.0612822 46.286
-0.480184 54.3511
0.0511523 15.1271
0.428479 20.5119
-0.24328 36.705
-0.120254 23.6693
0.28928 -1
0.066109 3.73343
0.0882059 42.1491
0.0726748 1.44912
0.0109721 20.037
0.240114 39.3472
-0.156381 5.89865
0.183512 56.6676
0.252489 39.8946
0.412027 -0.0727973
0.389666 1.33158
0.738014 29.7839
0.1735 40.6748
-0.0992025 80.3773
0.197384 48.8034
0.148456 31.8265
-0.190289 35.1082
0.0756256 53.4967
0.14847 16.9038
0.263095 51.509
-0.271236 24.5713
-0.29455 25.6263
0.228094 28.8163
0.00625755 8.59384
-0.0138595 28.735
-0.0287273 20.5243
0.237478 15.2543
-0.244395 43.1459
0.0428991 -0.102642
-0.0238258 39.6412
-0.0360155 59.8841
0.120309 33.5344
0.130423 44.5776
0.270404 33.6185
-0.105246 11.9696
0.0123193 24.658
-0.214055 26.3095
0.203815 26.0501
-0.089473 50.2864
0.5416 43.5212
-0.247622 13.3799
-0.0509242 20.9922
-0.22802 37.7951
0.389627 22.0988
-0.488738 6.0787
0.214176 25.2546
0.0224885 29.9171
0.328344 35.4129
-0.291587 28.3683
0.284379 23.5724
0.151121 41.9882
-0.172926 35.6331
0.490596 9.89751
0.247936 52.4549
0.582316 15.5123
0.130201 2.67716
0.147228 21.5173
0.188748 22.0096
-0.113474 26.3865
0.0680268 9.97265
0.215832 -1
-0.257811 10.7736
0.300308 6.1061
0.523544 27.8846
-0.157269 18.3445
0.156291 23.3421
-0.404107 31.0023
0.030515 20.5941
0.152899 24.213
-0.174427 69.0085
0.0887969 27.1666
-0.260947 35.9203
0.382679 39.4274
-0.36459 52.7371
-0.0332356 18.9101
-0.442562 16.7942
-0.300175 14.7602
0.0267875 13.2374
0.300649 23.0352
0.240367 57.4815
0.21061 36.4565
0.0938242 26.4735
0.191939 41.5969
0.0812128 30.618
-0.0586594 25.2397
-0.0489922 32.732
-0.189199 7.81948
0.0948624 21.0893
-0.465837 20.4249
0.15572 4.99115
-0.0977334 24.068
0.205736 22.3274
-0.00143628 9.14421
-0.29909 11.3
0.301507 41.4588
-0.0578542 12.2649
0.0999181 29.2798
-0.219303 56.8242
0.292725 66.8044
-0.475067 74.472
0.497163 27.9944
0.176244 15.2205
-0.0164157 54.0199
-0.693053 39.9848
-0.0414664 8.62247
0.268136 43.1262
0.822192 41.9098
-0.436033 22.0614
-0.428278 14.8652
0.299883 -0.0879791
0.0221407 14.3631
0.0458688 0.414159
-0.0584225 26.1461
-0.123968 38.837
-0.106782 15.903
0.410982 -1
0.140664 24.3941
-0.0738504 37.4967
0.27304 2.2181
-0.361244 4.05166
0.243997 25.0442
-0.203228 14.8573
-0.497221 33.1478
-0.215308 11.4747
0.210476 6.08761
-0.00837049 15.7945
-0.0171551 62.1967
0.0863666 64.6423
-0.22668 36.8266
-0.201149 37.6925
0.170275 55.1657
0.00940777 40.1388
-0.600417 48.1343
0.19999 48.9348
0.0181323 17.9643
0.106963 43.2475
-0.410158 47.6482
-0.444526 54.134
0.229869 100.041
0.0739321 17.0817
-0.166912 18.4274
-0.00345679 28.2073
-0.67418 52.4189
-0.123891 14.3869
0.0551235 14.4885
-0.273753 11.7212
0.0253745 37.8992
-0.542834 12.7087
-0.155019 49.2781
-0.348176 47.7933
-0.401645 23.4864
0.092539 30.8124
0.182544 48.6589
0.0824351 59.0866
0.219222 36.129
-0.355154 26.004
0.287692 17.1529
0.189461 10.5913
0.194308 21.2719
-0.000990241 34.2131
-0.23565 54.2308
0.00965285 38.7456
-0.203803 10.7078
0.504204 46.7019
0.147863 30.4189
-0.286525 13.7155
-0.0997718 80.7006
-0.156038 35.5909
0.0605885 16.7264
0.155522 36.3777
-0.188837 16.9809
-0.742381 0.490219
0.445893 29.2477
0.453225 73.9899
-0.179285 38.6895
0.366165 25.0326
0.49474 49.7792
0.289077 53.9193
-0.166285 22.8415
-0.394161 9.70507
0.140322 33.4908
-0.607886 37.3489
-0.0583612 34.29
0.254419 21.4319
0.295669 40.5113
-0.366576 23.3875
-0.498682 55.951
-0.0320268 33.3917
-0.359565 17.9305
0.226643 13.78
0.284559 27.4042
0.182774 75.3857
-0.106583 24.7451
0.254522 27.901
0.0933314 35.7428
-0.382105 7.47347
-0.137234 27.6388
-0.0331968 20.6929
0.0069022 22.2528
-0.0986036 23.0161
0.120008 10.3512
-0.306288 35.0871
0.373417 21.2362
-0.33084 23.483
-0.00147011 38.0701
-0.119648 37.3226
0.134333 25.7929
-0.179201 6.40918
0.0685618 28.0417
0.120664 36.3847
-0.0216121 88.7066
-0.0675465 73.5696
0.375991 29.2993
0.675698 38.6251
-0.186704 20.549
-0.493143 93.3601
-0.457838 47.6618
-0.111565 2.20119
-0.0346209 14.3817
0.00245406 38.5463
-0.374413 21.3581
0.0659375 19.1561
0.446896 42.2964
-0.43605 25.6543
-0.179559 31.6069
0.253664 51.9483
-0.190507 18.3922
-0.343722 20.4001
-0.167697 25.3231
-0.418622 42.8314
0.0265863 30.6342
-0.214056 60.845
-0.0188374 55.0115
0.0539719 5.70835
0.458882 -1
0.0493505 22.2411
-0.0229776 27.6884
-0.00173954 39.1503
-0.0387388 25.6326
0.414743 27.1736
-0.299292 45.2452
0.0969691 52.4917
0.0241556 34.5726
-0.142991 17.6146
-0.430111 5.33187
-0.368742 10.6251
0.493917 11.4161
-0.0775182 7.13759
0.0427632 12.0007
-0.0999017 12.2543
0.484371 47.3575
0.0569488 12.0892
-0.077287 40.7633
0.244304 48.783
-0.152912 29.915
0.163194 49.7318
-0.555302 2.76427
-0.300159 5.44174
-0.620968 14.5014
-0.00175325 31.8587
-0.233695 45.5007
0.103086 18.2634
0.145186 35.4068
-0.128003 50.2351
0.717844 48.9594
0.396688 28.8988
-0.092396 54.8056
0.3207 7.4499
0.384079 12.8695
0.00246953 13.0819
-0.418153 31.1911
-0.568488 15.2978
-0.127298 7.8989
0.492886 57.9867
-0.0310981 18.696
0.345211 36.3047
-0.145802 18.2491
0.285976 43.2724
0.2791 60.4357
-0.242409 56.6966
0.316326 21.3227
-0.051334 42.5143
-0.217887 43.773
-0.00849071 47.0037
0.488877 10.0542
-0.0682605 -1
0.125244 22.2007
0.683019 49.2081
-0.0353441 33.4527
0.0932727 38.0864
0.130265 6.92462
-0.357476 78.0504
-0.05649 73.1303
0.458644 31.7021
-0.145472 32.3972
-0.489617 32.3744
-0.0554929 44.3367
0.290385 23.0805
0.240436 40.9754
-0.0434616 28.5056
-0.0730187 24.4073
-0.277752 85.5937
0.0386793 41.0058
-0.351997 41.982
-0.16224 26.6602
0.308662 83.7321
-0.0283403 75.3629
0.51435 59.0212
-0.0680735 42.6532
-0.604304 50.0233
0.00705142 23.3324
0.475945 35.456
-0.178656 67.9465
-0.224774 83.9849
-0.00360167 40.3489
0.292941 40.9306
0.0830785 51.3836
0.0494582 29.6422
0.359156 18.9849
-0.509608 25.6737
0.149691 59.1729
-0.133513 70.1441
0.16981 39.7425
0.139535 36.8938
0.222843 1.34135
0.0760374 39.0691
-0.078637 66.8128
0.170545 23.5198
0.239232 16.8016
0.0188623 -0.194849
-0.13574 18.2523
-0.175698 31.6232
0.0076469 50.2608
-0.134166 39.7783
-0.459569 41.5355
-0.0562155 47.9601
0.241271 42.7556
-0.246265 81.0748
0.331054 32.814
0.0750147 50.1529
-0.0788513 41.2975
-0.25498 31.0808
-0.124293 37.5313
0.0121165 41.1607
0.620293 0.896891
0.108361 2.40737
0.346231 44.9652
0.0592821 41.267
0.565066 53.7088
-0.138085 12.9662
0.0323521 41.216
-0.0619692 45.363
-0.326773 68.1719
-0.0667129 31.8931
0.0388986 32.6425
-0.186653 41.6983
-0.14798 75.0172
0.260933 9.45257
-0.0345503 11.7143
0.108211 30.0672
-0.075974 79.8478
-0.0353554 27.3196
-0.0556111 25.7713
-0.252959 26.0902
-0.239875 11.2532
-0.0659939 97.8405
0.121743 32.0499
-0.124565 40.2466
-0.326194 14.7291
0.395847 44.7675
0.477283 50.8032
-0.0544844 55.9311
-0.415867 30.0957
0.0939727 2.23947
-0.0833194 60.5827
-0.356321 12.3555
0.392207 36.7857
-0.766143 71.0371
0.169929 30.4636
0.688378 39.1688
0.285753 24.3403
0.202492 31.4939
0.456041 69.4786
0.0724204 46.0028
-0.0460045 19.2574
0.0601915 24.8242
0.0997203 53.0655
-0.330145 40.8454
-0.0970031 25.4896
-0.5365 33.0218
-0.0536341 31.9783
-0.0215867 23.9033
0.0427428 37.2374
0.129519 58.7834
-0.212904 60.5301
-0.378182 59.5949
0.0623716 57.0075
0.228959 24.9876
-0.027314 67.9418
-0.622193 48.7105
0.104486 58.0555
-0.296837 64.1111
-0.307224 57.6959
0.396176 40.6581
0.0317808 35.0952
-0.110662 50.2724
0.306774 46.2332
0.264527 41.8642
-0.112953 66.5474
-0.431423 62.1758
-0.409858 33.7247
-0.0983719 88.2267
0.117843 19.3746
0.105064 38.5422
0.325848 56.0405
0.204083 51.9115
0.422804 42.4782
0.0704824 17.2186
-0.566337 50.2688
-0.056126 37.3161
0.387971 50.866
0.471325 64.1196
-0.301085 38.9638
0.165365 56.6655
0.00188323 54.8042
-0.355063 57.5806
0.37105 57.5374
-0.0106787 51.5462
0.242352 59.5555
-0.428439 36.1579
-0.382697 69.2298
0.289661 93.7671
0.684057 74.4425
-0.282347 30.167
0.00880995 19.708
0.278133 62.5462
0.331568 77.2577
-0.204076 73.3254
0.268508 71.865
-0.0157664 48.2073
-0.582457 43.8103
0.00786292 28.6049
0.125608 12.5573
0.0802487 17.4469
0.064612 65.0913
0.428578 59.5022
0.159979 75.7375
-0.434669 68.9434
0.142691 64.7123
-0.271228 28.9319
0.0708759 54.9808
0.3123 59.4544
0.224288 59.5512
0.101249 51.2633
-0.05637 70.0152
-0.00907108 41.0847
-0.737853 13.5513
-0.279607 51.5454
-0.0202966 16.3445
0.117975 10.3717
-0.111414 37.5963
-0.242581 48.2966
0.163103 45.1002
-0.258345 5.22538
-0.0395227 48.1168
0.0640321 27.5439
0.0965159 4.75333
0.124112 49.691
-0.126278 59.2692
0.110011 16.5042
0.300003 35.0616
0.357457 28.2449
0.2313 50.691
0.173823 37.976
-0.0508869 37.4086
-0.00677939 26.4329
0.151279 91.5697
-0.158292 96.6882
-0.357221 51.6364
0.522366 46.2074
0.148318 29.3964
-0.0309734 19.9451
0.0728934 56.9455
0.1277 46.9172
-0.106549 24.1465
-0.29479 57.1703
0.0182601 52.7222
0.241264 99.3064
-0.236932 71.3903
-0.0562407 100.842
0.37707 58.0899
-0.376598 44.0334
-0.145664 6.86983
-0.0640033 56.7959
-0.182718 92.9359
0.211205 36.0626
-0.0059024 46.6988
0.00259689 50.4967
0.189419 59.1167
-0.423316 43.1508
0.0796838 57.107
0.231849 74.079
-0.634734 23.0865
-0.282504 8.62163
-0.536427 34.5821
-0.41849 87.617
0.334894 66.7883
-0.358227 9.31583
-0.22455 57.3588
-0.463021 71.4259
0.362055 53.3764
-0.518142 30.9524
0.269714 78.5555
-0.165092 27.9319
-0.351774 54.295
-0.302907 41.0678
-0.188542 79.1037
0.110798 78.4593
0.408713 37.2358
0.406632 23.8857
-0.183054 39.1011
0.00274478 29.6163
-0.19131 45.7634
-0.268799 54.9622
-0.07158 27.5578
0.00274007 8.68522
-0.538856 66.0064
0.147876 20.5705
-0.50978 33.397
-0.0953684 60.765
0.134479 36.0442
-0.177461 48.1872
-0.266364 6.06811
0.115698 21.6508
0.079187 56.9186
0.0499486 61.6501
-0.0805955 101.498
-0.389565 46.7635
0.0103022 26.0159
0.388722 14.4296
0.286161 38.1667
-0.608002 26.4552
1.20271 26.7949
0.241546 44.6638
-0.402478 23.7983
-0.785241 15.641
0.576921 32.6081
2.64835 75.7684
-0.317299 26.2756
0.27758 13.5833
-0.0794847 16.2013
