4.63459 0.425566
4.53005 -4.5305
72.149 -9.05359
57.9779 -4.3772
25.383 0.4106
8.78993 -3.96543
42.7765 -1.62502
92.1224 -1.5801
69.1719 2.99349
66.5665 -1.56329
33.8892 -3.35482
45.0915 -2.43834
62.1641 -3.138
78.6352 2.93396
60.3791 -1.41394
61.3268 -4.53445
17.2036 -5.56928
73.2047 -2.59412
95.4197 -3.4678
90.0189 1.44208
2.70112 2.06209
43.513 -1.35202
93.5424 0.994339
62.2687 -4.71336
60.7107 2.57669
82.1229 2.33843
84.0514 2.59699
68.3528 5.88572
53.7177 1.39687
30.895 -2.32417
81.447 2.15867
98.0214 -4.26995
94.4686 -3.51789
87.2975 0.260372
84.6658 -0.543536
59.8506 0.0529813
62.2491 -2.56764
41.9214 2.78128
44.719 -3.10871
55.0702 -0.23312
74.4631 -0.123574
48.1464 1.21268
20.7494 0.0784973
92.523 -1.8934
86.9186 3.62975
75.4444 2.06373
5.09478 -2.89478
36.3928 5.5342
38.7131 0.905741
7.12711 -5.06481
65.2914 -0.861736
6.79307 4.17335
48.5918 2.46515
0.820723 2.65554
81.4318 2.13341
57.0782 -3.02501
81.0096 1.00328
39.1599 -0.756168
3.78723 -5.98958
31.4438 2.28998
57.754 -2.84858
53.446 -3.7196
95.2706 2.45536
92.7381 -2.31022
24.4182 -4.62706
94.798 1.57043
82.7701 -1.76312
50.3923 -1.21964
10.5233 -6.27285
20.903 0.727252
80.5689 2.92699
94.2826 3.29561
21.6496 4.29912
63.2906 -2.03759
70.7517 -0.94355
78.4233 1.86667
30.2155 2.26874
41.6948 -1.33569
17.9038 4.6632
21.3765 2.56765
51.0938 -5.10764
7.19398 -3.43989
72.9883 1.38344
69.519 4.31552
26.4249 -4.29056
32.1602 1.76906
27.7565 5.13805
73.4012 0.487034
51.5451 -3.38898
6.78408 -2.54289
64.9751 1.26818
79.7511 -2.68395
86.1188 4.47518
93.3823 2.65199
73.8049 7.57654
79.6377 3.89147
75.4595 -1.81388
42.8193 -4.89011
12.0765 -11.0906
84.9998 -1.95009
12.2245 -4.76911
64.5196 0.256296
40.2725 2.01147
93.9824 1.84332
47.6671 -1.57166
26.4068 1.56606
33.314 -0.303748
83.143 -0.513389
29.3737 2.07946
13.9977 4.22606
24.1902 -5.14904
87.7068 -1.68031
40.2021 -6.03058
4.37163 -5.67844
77.7978 -1.06641
91.746 -0.681593
78.849 1.61764
92.4578 4.0386
79.3934 -4.0226
94.724 3.44481
13.0181 -2.14235
99.8666 -2.20023
3.13845 -3.57452
9.86842 -6.56689
20.1194 3.91437
61.648 -3.46056
11.1561 5.10184
39.162 5.08612
30.0944 0.688842
94.5677 3.02294
85.2903 -0.645231
28.4901 2.1574
91.9562 -1.7784
54.856 -4.36195
78.0324 -4.33711
94.3482 5.61133
47.1744 -4.30298
5.17345 4.81749
0.556661 -4.7297
78.4241 4.01777
24.2086 -2.69975
33.1407 -2.26325
94.6345 -3.45819
80.638 -4.30955
64.2888 -1.1249
68.5567 -1.79498
76.604 1.6929
18.0815 3.64095
66.6356 2.74438
62.1245 2.07043
5.32957 -0.616893
61.2123 -5.6099
52.1404 2.10135
34.7773 2.69257
50.2256 -2.47316
17.6496 2.36445
0.0554171 -3.86054
15.052 -5.21946
7.91098 2.97257
2.48177 -7.34271
81.9695 6.29018
13.7882 1.36354
33.5211 -3.94929
65.7956 -2.65414
56.0003 0.444958
33.5878 -4.05934
26.513 5.30739
81.3222 1.50024
67.3643 2.14939
53.6292 1.60902
51.0291 -10.0207
26.2883 3.60825
90.916 5.21555
90.1038 1.53602
79.5937 1.95948
82.7553 -2.88005
65.3675 -1.61699
87.0981 2.73236
84.0505 0.436931
0.675366 0.360755
18.7514 2.50244
96.4883 0.89085
6.46139 -6.22736
24.5952 3.76884
61.8202 3.82113
83.2913 -1.08984
72.8158 4.74428
65.0001 -2.22738
7.43104 -3.17102
68.269 -3.03269
38.6847 -3.25311
67.1721 2.61986
93.1545 2.35936
52.8466 -2.57035
13.1408 -4.81186
35.4194 -4.09087
27.002 -2.22274
12.2168 -3.64535
93.8867 -6.01038
76.5753 -1.12198
6.09755 4.08405
29.4243 0.524649
46.931 1.31947
93.6126 2.14512
48.864 4.95061
23.7051 2.61856
29.4693 2.61263
43.4001 -0.535383
98.3126 1.34246
68.6994 -1.89879
15.1726 -4.88565
13.1162 5.03454
76.5214 2.6987
64.3768 0.523402
43.0413 0.257957
38.5408 -0.452572
30.9881 1.97927
71.4261 -0.259217
43.0296 -3.22525
76.9696 -2.47389
93.791 2.36295
74.9852 -3.6463
72.0561 1.32139
43.4202 -3.27685
89.4917 -3.37132
67.9853 0.933107
29.3243 0.883815
66.9568 0.652448
0.743908 5.40175
51.633 0.683397
37.5451 1.45574
81.0973 -0.385084
70.4672 -2.19341
49.579 -1.88578
60.7921 0.777781
62.0771 0.882463
9.80421 -5.01906
12.0927 4.75323
38.1128 2.60576
49.1755 -3.33501
75.886 -3.90676
16.7977 3.65429
45.7927 2.35811
44.8778 3.81579
8.03149 3.10422
14.3547 -6.75402
91.7808 -1.40607
83.2247 -2.08898
97.7346 -2.81628
24.2128 -0.940183
41.3965 -1.75309
20.5503 -2.89273
95.0737 4.59458
77.996 -1.14978
18.6607 -0.667954
47.0494 -0.0585507
67.9482 3.04437
55.8805 -2.6345
64.2326 4.14411
87.3474 5.00466
17.8981 4.22494
65.0426 -0.356461
7.87599 -3.19915
11.5133 -6.05384
48.0911 0.429887
79.9113 -1.53184
91.8306 -0.991674
38.8549 1.55402
67.6035 -2.55363
31.4962 -1.86542
16.4069 3.20004
43.3126 2.02025
1.36195 0.337495
34.8267 2.53944
5.69373 -5.97203
0.890513 2.8827
87.2563 3.05622
63.3378 -0.82466
32.9091 -0.5341
88.4149 -0.28084
92.4036 2.91204
16.9232 3.28549
3.85901 4.01845
98.5873 -1.40865
3.17132 3.26013
1.66974 1.33867
40.3837 -2.65076
81.0658 3.19515
80.8395 0.514562
6.06424 -4.46927
25.4911 -0.366478
32.7217 0.139975
74.3722 0.583343
62.9456 0.422838
6.80845 2.63743
90.8261 2.22402
6.63116 -4.67411
77.513 3.68852
25.2685 3.7956
47.7557 3.27416
77.9745 3.86417
74.8403 3.95582
97.6209 0.981028
46.3322 2.18835
86.8735 -0.409322
81.2654 -1.82728
96.6742 2.76319
89.4675 -0.520055
56.8298 2.30743
27.5294 -1.08291
20.381 -6.00445
41.8463 -3.01505
24.223 2.65556
74.1799 4.39331
71.9485 8.84815
8.81804 -1.18897
0.743716 -3.72312
38.6142 -3.22586
41.7254 -2.25771
22.2793 2.5983
76.6955 0.0888499
45.7 -2.55183
25.5844 -4.28708
85.8223 -0.308435
7.43399 1.79737
7.74164 -5.7858
5.78349 2.70061
12.0077 1.60664
51.6576 2.95256
64.0838 7.23322
73.6439 -2.8646
50.0889 -2.52035
26.5776 -3.12494
14.1676 3.80374
42.7182 2.30778
23.6222 -3.60288
68.1175 -1.83371
45.3558 3.82639
79.5799 3.58279
48.8541 2.17961
30.3557 -1.28766
1.72312 3.12604
18.8865 3.84433
84.1212 -0.279943
22.3905 1.36385
15.6946 3.14857
78.0606 0.778457
49.6609 -2.36263
54.2275 0.0381854
91.215 -20.5078
89.3224 -0.919774
65.9192 -5.09395
62.1572 -1.01933
17.8553 -2.42732
56.7612 2.58405
48.322 4.90779
74.5551 0.403869
72.1703 0.216317
68.3787 -0.0990541
48.4808 -1.55115
69.4979 -2.50509
66.2486 -2.31956
28.6366 3.69419
39.0765 -3.45961
26.567 2.15407
6.32575 4.23072
24.1706 -3.52983
26.2262 5.9951
58.5351 -2.96632
74.487 -3.09216
53.8393 4.23155
49.5896 4.38711
89.3929 -1.78719
20.3849 3.5373
91.2321 0.896337
92.6861 -1.38345
29.7635 1.56677
14.1792 -2.84024
55.6946 0.899343
59.0476 -0.30682
35.2395 -3.72179
2.79855 -0.488568
59.6189 0.0302947
84.9439 -3.00532
9.84033 -5.77618
74.9767 -2.14633
21.8086 -4.90643
9.77446 4.2841
38.6132 -5.18185
10.2934 -1.38831
50.88 -0.358056
96.4201 0.496543
43.7285 2.7502
86.3643 -2.37545
6.88982 2.15602
28.8471 0.326618
84.1087 1.84621
47.6721 -4.75198
31.4627 1.08824
28.3456 0.287962
38.9737 -1.06432
73.6605 1.07736
79.8871 -1.84431
52.0593 0.341488
16.0963 2.66352
44.3983 -4.0103
3.34631 -0.120722
41.8755 1.64086
12.9533 2.22759
27.3728 -2.9748
68.1766 1.33527
71.6514 1.9994
85.7166 -1.32354
83.1225 -2.47041
40.1122 2.51703
75.3303 -4.47146
87.4828 -1.6675
19.6109 -2.05628
63.5178 -6.35113
65.9617 4.32923
81.8401 -1.99083
92.972 0.225497
37.1178 3.46092
96.7135 2.69003
64.0673 1.37225
93.3256 0.15348
15.3596 -2.94957
52.4316 1.29278
31.0065 -0.961011
19.124 -4.26981
34.7666 2.44923
66.4362 0.931979
29.1019 4.95828
69.6187 0.906197
54.6977 -3.80154
68.9873 -1.23503
60.046 7.48528
84.5979 -1.2198
58.0158 0.169718
95.7463 -2.63144
0.618952 1.91235
64.3656 6.23971
95.865 -1.03979
47.9174 -3.21312
48.8469 -1.42864
91.5559 -0.798423
63.3716 2.00468
37.1932 -2.41604
16.3429 4.34866
68.5013 2.89593
87.27 3.8324
85.4005 -1.92249
75.6938 -0.769748
90.2225 5.17648
49.8913 0.33156
12.3854 1.65276
47.1838 1.9612
34.7766 -1.93616
4.32851 4.85756
10.2674 -5.70747
43.1463 0.63825
62.6999 1.01218
3.08377 1.85509
92.526 -4.37519
71.1979 -5.11598
70.6786 -4.79854
88.3183 3.10011
99.4098 2.20946
22.285 4.21266
36.8476 -1.31834
22.9811 -4.06486
63.1288 -1.83547
46.6998 3.35994
67.9335 2.28322
83.8873 -2.42793
5.63114 4.17444
40.5785 -3.39701
33.0356 0.280911
33.4131 3.08435
31.3739 -0.712215
16.5191 5.29656
82.4625 4.15275
57.0826 -3.55139
56.2613 1.087
32.4955 0.205049
89.5836 4.44935
49.401 -3.77625
2.31984 2.09398
48.3952 -2.65424
48.4497 -9.36967
97.9042 -1.64207
17.4155 -6.85048
89.3565 2.4325
34.3956 1.41935
0.760969 2.07612
0.093872 3.57053
87.0079 -1.71253
56.4072 -3.18309
57.1874 -2.41159
0.458721 5.0436
40.1648 0.88598
27.055 -1.06739
68.9604 3.79518
56.1639 4.24468
75.5807 2.97738
53.7163 3.12446
82.428 0.807038
49.0843 -4.51389
18.9998 -1.76729
51.9473 -7.06068
36.8186 -2.25577
18.6375 4.55971
40.9633 -3.39229
58.1276 -4.03645
30.4309 -2.47345
83.0539 -2.97321
89.3809 1.63647
49.465 -2.66052
25.9549 -5.48235
55.3138 -4.58903
41.9388 0.525257
98.2467 -4.6899
52.3766 -4.15244
78.7493 -5.68327
83.661 3.57518
46.0574 -0.730317
58.0093 -1.51759
0.595857 -1.23009
94.1202 -5.07885
95.653 0.405594
57.7305 -0.0233281
46.8489 -1.58639
76.852 4.68004
93.2646 1.01046
23.4965 1.80264
53.5691 -0.563826
80.0262 1.53835
78.4895 -2.95754
73.2528 -2.43627
16.1379 -3.00351
98.9041 -5.15331
4.08964 3.00993
92.347 2.70287
96.7287 2.67337
75.9291 3.47827
52.8436 2.97656
26.6532 1.97035
38.1276 4.39364
78.5049 1.37029
60.7686 1.02643
56.7704 2.00478
73.1865 -2.26118
93.408 -1.65929
18.2504 -3.94383
19.0698 2.47438
89.388 -3.11071
63.4996 4.44517
21.1158 3.8239
77.9085 3.9154
85.6685 -1.36165
41.9737 0.676037
81.2028 2.0068
38.3346 1.59491
61.2201 -3.03652
87.1416 -3.54
2.99261 -3.08015
95.3834 2.94108
65.9165 -1.27944
80.3896 0.0912329
76.0487 -3.30807
72.6284 1.90831
41.4234 1.7621
82.3227 -5.27927
19.8543 -3.30484
11.5655 -5.62354
12.9652 -1.99078
53.6058 -1.9652
25.9487 7.58655
48.6877 -3.99671
72.1479 3.63203
68.912 0.330201
1.13407 3.73686
12.779 4.45315
34.0977 -1.08059
25.9549 1.54497
15.7182 -1.88783
83.8907 1.12402
68.18 -0.887461
52.3403 3.47066
73.9364 -0.82048
89.3638 -0.186675
9.89055 -5.75002
76.7047 1.40719
80.106 2.74189
52.4019 -5.86755
57.7762 -4.9128
50.9165 3.63776
65.0293 -0.594836
13.9629 2.44535
30.6527 3.48522
27.2794 -0.519651
60.3427 -4.86153
49.6804 0.169635
48.1651 -2.191
43.5092 5.13631
41.4115 -2.17632
68.4279 -1.59513
19.3906 0.499441
94.3573 -1.85406
6.31031 -5.30659
25.388 -4.27838
28.3939 7.02271
45.5477 0.202709
2.24398 0.0837389
81.5147 1.47744
82.087 3.05312
35.64 -3.58095
59.7962 3.16259
29.5324 5.7211
39.5882 5.07783
52.4153 1.2194
47.6994 0.10955
97.4316 -1.80201
5.39968 5.54826
58.9544 1.87924
95.7538 2.43561
80.5953 -0.57564
36.1902 3.57499
58.6815 -2.51699
58.3985 6.12709
91.5796 2.84325
17.8052 -5.08251
3.41096 1.27851
65.1734 1.80679
11.6929 3.25885
58.4038 -4.01633
5.85995 -5.96546
51.3036 3.04662
51.9709 0.203038
35.6967 1.28391
61.0256 1.69926
8.88507 -6.22729
28.1419 1.96598
42.0778 -0.875463
5.15945 -5.46969
35.0886 2.50717
36.5143 1.65105
27.4129 -1.01064
38.9799 0.828614
37.9522 -4.12246
29.7593 -2.55714
42.9291 3.19674
15.3051 3.87295
93.5825 -0.690423
83.7968 10.1535
95.7845 2.4289
6.87387 -3.98509
45.7269 -5.20771
29.3213 5.21168
31.0143 3.12111
33.2132 2.07386
41.7614 0.456326
29.1357 2.28445
19.3209 3.50095
60.89 -0.460941
97.4017 3.62475
50.2831 3.48322
30.3723 0.24804
60.2056 -2.62936
36.5166 3.66845
8.65522 6.13271
16.5435 3.08033
87.8478 -1.65613
88.4192 -2.61582
80.8817 -3.9969
89.5836 0.409655
34.744 3.75881
18.3192 1.90122
33.4946 -3.45253
23.078 4.68691
3.17556 -2.17972
36.7445 4.63914
31.3922 -2.37469
11.7074 5.09211
64.6873 -4.72747
99.8218 0.419163
88.5464 1.77445
49.5839 -0.798607
24.764 10.8716
18.4344 -5.2375
66.8117 -0.291511
35.776 0.551036
6.40062 -4.91098
46.4828 1.62678
5.61995 5.00021
48.6365 3.78211
26.8725 -0.699603
26.6282 -5.35216
65.3036 -0.112794
16.6543 -4.27821
93.7053 -0.434626
7.73598 -4.5704
84.7985 1.28807
72.5182 0.516963
19.5099 -5.17463
2.4259 -2.66519
99.3268 -4.01064
55.3367 4.15213
41.8084 4.60537
67.987 -0.673895
86.036 3.53254
27.5341 2.60919
53.8109 -1.97211
55.1966 -1.78919
58.9427 -2.52766
41.5564 -4.1438
64.8816 -7.8217
66.0736 4.80134
20.6452 -4.45141
76.1242 -2.23894
70.4754 1.29569
25.1381 1.26807
11.8303 -5.84746
99.0022 2.22896
62.1345 -3.11433
77.7301 -1.01146
84.4791 9.82137
51.8805 2.18534
65.1988 6.31865
46.8431 -0.964479
32.1445 -4.43861
41.5017 0.0812432
59.8662 -0.562076
53.39 1.57821
71.5671 -0.057053
61.8792 2.68295
42.5338 1.91952
69.5154 3.02475
42.5589 0.503021
44.9833 -1.4966
77.8754 2.21625
47.8427 -4.53013
45.5713 4.44828
96.3618 0.675285
22.1145 -1.75815
92.6701 -3.39733
70.885 -0.041869
58.3596 -3.94872
88.9887 -2.17037
69.4685 -2.62407
54.3361 -4.68076
18.745 3.62366
4.43827 3.91319
13.5843 -6.06802
65.3937 -1.16481
49.8137 3.42311
21.6005 -4.43787
46.0865 -4.12668
29.4664 -1.80053
87.5674 1.74258
66.4261 1.52833
35.5172 1.27334
9.70751 -6.14838
13.8287 -1.45784
43.6516 -1.79794
12.8743 3.04065
79.1139 1.24131
71.3284 -3.26093
41.6031 1.67712
5.11759 -1.80772
86.2617 0.903495
91.1993 -3.42383
50.5869 -1.61305
97.5477 -3.78921
73.4007 0.52126
9.75523 4.37178
50.456 -2.28235
64.2549 -2.15735
99.2455 -1.15101
36.2125 2.9775
86.579 3.75733
55.9195 -4.82311
71.9986 0.00250931
16.7502 3.35845
83.2095 0.180689
58.9571 4.53422
87.6695 -3.13629
59.6286 0.442033
8.04099 4.85995
61.3997 4.2871
62.1262 -1.5135
24.012 0.0321138
5.33238 3.21542
0.0578497 -2.93128
68.3967 0.991453
63.3923 -0.0321062
35.7137 1.91728
51.0198 3.03597
41.0857 3.93807
75.7887 0.919228
23.1108 -4.6301
63.6979 -3.43781
71.272 4.80021
42.4966 -6.85368
56.0223 -2.74974
31.3205 -2.84906
45.6169 3.81993
70.9442 -2.68729
12.0618 2.96788
10.4751 3.26071
64.356 0.250518
53.2281 -3.26793
92.4179 -3.68353
47.9344 3.16792
48.0934 -0.715419
83.6757 3.427
33.8671 0.657926
14.2009 4.31176
30.2358 -0.451545
14.9963 -0.788662
85.908 -7.33185
0.738768 1.54716
10.4812 -6.33954
37.7526 -1.38833
56.2677 -3.45283
38.0928 1.26015
8.93123 2.29335
53.4409 2.71204
80.4606 1.23512
31.1581 -2.49517
78.8429 -2.15819
12.4461 -3.868
8.07759 0.579575
74.2154 3.37584
99.6854 -2.43412
21.937 2.13097
75.7742 -2.49827
38.9533 -1.35575
75.1607 5.75236
97.1 -4.26895
28.2349 -1.05534
76.6025 4.33942
62.2608 3.31574
40.1058 1.12159
94.8236 2.87029
89.9796 3.27437
93.0269 3.8881
94.9279 3.26718
28.3909 4.01221
95.5252 -1.93547
6.36705 -1.0412
21.7094 -1.63116
34.2882 -3.94274
4.44265 -2.6102
59.4287 0.337076
75.1642 -1.47295
34.6817 -2.10903
74.948 -2.59386
10.8708 3.68917
35.0369 -0.638486
87.1038 1.28092
79.6767 -2.01833
28.4188 -0.265806
8.96154 4.46282
20.1892 3.91834
81.9029 -1.01236
60.089 0.032844
35.9835 -3.76182
3.62826 -1.18841
82.885 1.25343
60.255 3.93208
45.9315 0.969034
51.0796 -1.06747
35.647 -2.50511
32.4753 2.31482
93.2599 -1.41489
59.4933 0.247258
67.51 0.400248
69.3324 0.419941
80.0399 2.71288
18.7562 -3.66475
13.5826 3.60178
91.8331 2.3974
53.8293 -0.52881
63.6709 -0.514581
18.1228 -5.11839
57.7175 1.6402
62.1263 -1.92629
8.60192 4.73097
53.1451 3.66571
47.2884 -5.21218
22.7227 2.27495
83.1479 1.88095
85.6259 4.88348
42.1904 -4.65113
47.2696 0.449249
23.8525 1.8557
43.067 0.548367
91.6072 0.109469
73.2202 2.06677
36.9593 -1.35485
8.02818 3.39567
14.1142 3.28584
67.9289 -1.79813
53.0283 3.02992
63.4024 1.91419
72.0946 -2.20532
57.1748 1.15918
41.9423 4.22523
73.0612 -0.681926
27.432 -1.58951
1.2649 -4.94372
38.5007 -1.26975
0.487561 -4.1609
95.7679 -6.74495
64.6475 3.41652
95.8392 -3.6878
40.4166 -2.80843
26.1626 -1.54484
13.8007 0.915761
21.7452 -6.0707
15.6518 -6.4725
71.0818 4.7011
0.800153 -3.93777
59.0927 0.369441
99.5715 -4.15302
28.1634 -1.32232
77.2565 -4.09588
64.7345 0.979349
76.0871 1.75629
65.4997 -2.63165
0.0627922 0.932462
91.5026 -3.52898
16.729 -0.313024
54.8214 -3.92049
56.5468 1.12115
11.2342 4.84797
83.9506 1.73301
75.697 -2.49645
65.7608 0.185885
37.6038 3.34375
47.3236 -3.54747
60.7375 1.63144
70.3603 0.124349
96.9743 -0.748484
66.9701 2.2334
99.1742 -7.1808
31.9003 2.73833
89.3196 -3.02312
85.0807 -3.81731
73.4635 4.20476
7.104 -6.30776
76.5807 -1.50843
86.3329 3.79084
1.70344 3.24267
75.1021 -1.81706
52.96 2.50436
97.0142 -2.16522
68.4791 3.4644
36.629 -4.98901
33.4537 -4.33656
22.2793 4.50852
35.9638 -4.63288
66.4636 -1.50758
5.98329 5.39767
14.9565 2.82157
58.9315 -0.635444
3.48863 -1.67211
44.9078 3.2608
41.8728 -0.688294
66.2407 -1.66234
83.2447 1.42148
93.7739 1.06956
99.9744 2.13959
87.9638 3.29451
23.1159 3.05772
63.8905 2.02574
35.6037 -4.06926
62.9066 -2.30895
65.8734 -0.78404
74.7652 8.66598
77.9685 2.86924
20.017 4.78977
30.571 5.15168
58.3274 -0.233905
1.29939 -5.1366
71.412 2.39278
94.9417 -2.79982
32.0712 1.59067
74.1493 1.17693
30.9457 1.04993
43.9047 -3.01339
12.7484 -4.18737
62.1311 1.30878
53.527 2.90872
22.8574 -3.05281
84.7986 -1.79125
93.3032 3.28456
51.6384 3.44719
28.5132 2.32338
