15.6543 1.61777
46.0875 -2.25674
57.9324 -2.2547
63.7247 -4.63792
87.2588 4.04602
27.3466 -1.16903
6.93563 3.5237
4.00771 6.61707
47.8506 -0.638415
82.6154 -1.84449
47.4887 8.18891
81.3 -0.894917
11.159 4.89568
89.6736 4.93131
77.3276 0.130626
64.5206 -0.405617
81.4693 3.60439
44.9534 0.373243
98.0278 3.56254
94.3517 1.78726
21.4381 2.53984
94.2307 5.45271
53.0429 -1.44629
56.4853 -1.02182
53.7149 -2.68914
48.7412 -5.70049
61.7859 0.179853
58.5259 7.49587
68.3728 -4.17904
95.5036 -5.72924
18.2219 3.33792
57.6512 -1.84973
32.7209 0.981642
18.2435 4.25633
29.5336 2.45649
53.1389 -1.47472
34.4257 1.81648
31.4263 5.00879
7.77113 3.75816
86.9908 2.73566
43.3937 -2.12121
53.4657 -0.686435
12.7898 -1.21047
14.3933 -4.51556
65.4601 2.66922
29.7417 2.20088
91.1753 1.94933
47.2815 -0.304159
91.613 -1.3731
52.6749 2.88394
31.5641 -1.21219
10.2371 -2.90712
33.8844 2.66189
38.6773 -4.54337
41.9049 -1.81473
18.9784 2.69313
0.00517363 3.58067
76.4958 0.516616
41.884 -4.95061
17.5466 -3.41968
84.9572 1.60655
87.2929 3.02019
86.6292 1.72673
10.584 5.30082
41.141 -1.94131
77.9486 -2.54664
98.1138 2.43103
97.3869 -3.91438
67.8707 -3.81584
22.8347 -2.79903
71.957 -0.0216237
72.6324 2.03696
65.1101 2.38112
3.82043 -7.3659
19.2978 -0.555957
95.2183 6.063
75.898 -2.31095
80.5662 -0.0906567
86.4037 1.68856
4.87472 -5.49835
23.1275 1.52867
20.7067 0.99007
61.7684 -0.644962
56.7418 2.60414
8.36781 -7.01036
15.133 3.15471
82.1796 -1.21298
6.79957 2.91133
96.599 3.95318
74.2321 -1.81483
55.7322 1.5349
19.8127 1.63394
67.3235 2.31752
93.1799 4.99754
73.4071 5.82642
77.0048 5.50966
64.444 -1.68383
84.6694 -1.2168
69.616 -5.46781
49.7637 -3.50608
19.2704 -2.09223
32.4516 2.82159
64.3638 6.26326
4.46893 -5.81072
98.1133 3.41159
54.3195 -2.33146
26.9992 -2.47102
73.6493 1.34778
33.6166 -2.40225
74.9033 5.04094
57.1573 -4.44481
15.2229 -5.43706
38.102 -3.3695
38.7751 -2.87991
61.273 0.862423
3.64372 -5.48147
65.4576 -3.54457
58.8817 0.799086
17.5388 2.25831
37.3149 1.92254
6.81427 0.486663
52.2342 -3.8509
75.4644 -1.36747
89.1018 0.400036
29.4499 -2.86811
31.6873 -2.21697
66.2388 4.7551
97.2418 2.25815
81.7373 -1.45751
37.5844 1.27596
35.3126 2.54521
37.6926 3.14985
75.7247 1.67169
85.274 -2.49054
51.3326 -5.67241
20.8784 2.5941
20.7903 1.04999
58.4311 0.183552
75.7546 -0.636427
70.8445 -4.70603
42.4904 -0.418471
26.7954 -0.114468
36.1427 -4.38143
69.54 -2.87089
31.7618 1.19047
90.4422 3.15203
91.456 4.13047
96.4632 5.73252
82.9696 4.73943
30.6418 0.00945868
15.558 -5.2231
13.5805 -5.35449
79.5021 -2.26389
62.9029 2.7984
62.2739 3.63208
8.86504 0.130222
84.161 -2.58778
95.9988 -1.50036
62.8375 -2.72912
36.0383 -2.36793
48.6749 1.09688
15.8438 1.5588
44.9461 -2.91733
11.5778 4.65396
45.0307 -3.79155
89.2838 -2.27266
45.8499 -0.622347
76.4443 3.61818
58.4428 -2.82218
38.3382 2.18014
63.0568 -2.35456
80.7129 2.56765
49.3108 2.34529
88.9555 3.43481
64.9042 -4.59934
90.0273 5.15926
51.5692 -1.65992
50.6609 -3.7519
21.2963 -5.20814
82.9248 5.06437
23.2013 -2.10428
3.43779 5.66907
16.5132 -7.54372
72.9298 0.372144
37.7569 -3.13972
13.0739 4.24672
1.18453 4.87461
5.27298 -6.667
81.8586 -0.225099
51.981 -4.1597
72.1201 0.894734
38.398 0.104787
37.3662 2.04426
20.1943 2.98076
84.8149 5.20843
15.6198 -4.60017
23.629 3.22942
48.7154 -3.03222
42.0209 -10.2567
80.9298 0.691608
27.7629 -1.09248
43.8095 -5.03302
62.0635 -0.119658
24.6574 3.57884
56.4638 1.87976
56.9483 2.42138
62.8628 2.70702
77.9506 2.36374
77.5746 -2.51785
95.9803 -4.52729
48.6093 -2.09701
25.884 -2.1923
42.7359 0.767278
17.4171 3.69093
81.0952 3.27803
46.2073 4.01327
62.3294 2.48221
2.56468 -5.92894
81.3354 -0.244651
37.0285 -4.87472
1.37126 5.68657
43.8882 -2.25654
68.5663 -2.15599
17.924 0.115368
2.16028 4.528
90.6545 -1.97541
63.6896 -0.0665584
69.6475 -4.29094
13.8865 -5.6533
64.7893 -1.53167
2.92004 2.88128
15.8683 -4.976
38.6745 1.93898
91.5256 4.7994
3.93072 5.29087
62.1086 -3.77721
19.6555 -2.75135
83.727 -1.93285
86.241 -2.01901
63.8311 -1.48613
92.8486 -1.08944
91.0318 -3.39529
4.87419 5.65759
67.5259 12.621
93.3938 7.34453
43.0593 -1.84552
47.9382 -1.77654
3.38214 -3.01966
67.4384 -5.70578
66.4258 -0.483798
32.3922 1.43814
51.977 2.39884
49.9825 3.25735
48.8713 -3.22797
6.36289 -0.403767
35.8573 5.17563
49.8197 -3.07349
71.0451 1.45835
93.4231 -3.11248
57.0686 0.921445
17.6089 3.21875
31.2902 -1.37945
16.1653 3.21228
90.8639 -2.10624
49.2058 -1.14151
84.2977 -0.533844
59.0527 0.978392
94.0198 -1.01614
94.5601 1.28859
18.8277 -1.32468
84.7592 0.577548
27.811 -1.54829
92.0373 2.49383
28.8061 2.09675
37.0795 1.03922
46.5301 2.51703
51.7995 -0.361246
8.10201 5.85552
37.598 -2.62857
52.0945 1.17611
39.0697 4.12447
33.1623 -1.46656
99.3845 5.4665
65.6401 -2.74929
82.9443 1.31722
25.8625 -0.0325006
92.9381 -0.269895
89.0775 -0.564596
0.513648 -6.62505
48.4278 -3.51092
32.2389 -2.26913
25.9205 0.658736
31.18 -2.71676
30.3523 -1.44593
31.8504 -1.02532
75.6801 2.87954
71.6753 -1.32139
13.4978 4.91914
48.0758 -1.14814
17.105 4.03003
79.7122 3.16058
94.7093 7.47948
18.0531 2.88459
8.28826 6.10591
63.7046 -4.7928
32.2619 0.726127
80.3144 -4.72311
4.38861 -1.22811
14.5617 2.83116
84.2291 0.562905
40.474 -3.58416
13.6374 1.43937
90.0586 -0.685834
49.5688 0.718302
37.7505 1.47746
3.57789 2.09421
20.2464 -2.94154
10.9396 -4.26062
21.5051 -2.83467
52.4878 -1.47177
13.3746 4.43677
16.5055 -3.0663
45.2837 3.41631
52.7338 -5.44664
42.508 -0.764483
54.861 2.28518
96.6009 -2.71887
56.3407 0.620853
99.9007 -6.59893
5.36127 8.65871
30.614 -2.46871
86.7252 2.22706
36.9513 -0.496652
73.3991 -1.74257
94.8519 5.83505
71.2959 -3.00139
54.6982 3.61747
2.65806 6.04657
67.4571 1.26702
82.6296 0.824224
41.5894 0.839653
59.3832 -2.28679
58.6352 -5.76602
46.6252 0.790356
6.51961 2.15098
76.3848 3.20095
77.5537 -1.78821
96.7119 -3.77119
59.9602 0.446854
90.5627 -6.71066
74.6028 3.82177
74.7666 -1.1978
15.499 4.12657
2.66458 1.34374
83.0062 4.24223
59.5031 0.926389
6.12562 -4.60176
98.319 3.70883
55.2315 1.23586
60.0436 -3.74834
45.4974 -2.63434
57.4915 -3.30556
60.146 1.59688
94.6239 -1.92032
37.0252 1.62204
50.7782 0.488097
99.2137 -2.67467
91.2823 3.29583
29.4643 -2.66018
69.3091 -0.066668
18.1049 -5.15115
54.4788 -1.15959
4.74053 2.60307
14.2196 4.34326
47.121 -0.192557
37.1492 0.211448
1.3111 -3.50328
2.93237 0.794808
20.7996 -3.00158
91.0265 4.91691
81.4373 2.27992
81.1793 -2.02055
82.7395 -2.30927
93.5431 -2.74002
78.3503 1.10333
25.5197 1.50858
30.7212 -4.34851
97.2818 5.56623
12.4209 -6.35945
1.39169 1.59797
10.1441 -6.3651
97.2611 -0.81238
17.8529 3.27804
31.2173 -1.32567
48.1881 -0.471267
0.292897 4.76446
31.1714 1.28534
86.7057 2.51718
39.902 -1.36735
94.9699 0.538481
17.9154 -3.60255
22.938 -0.78971
74.5396 2.66134
25.9959 1.57401
59.9762 2.89269
97.1394 -3.70073
9.98529 -6.35416
1.59305 4.5712
79.1408 1.42302
35.0881 -0.80913
46.6215 -0.447232
23.3113 -0.452491
96.1753 -5.10374
64.554 -2.50318
34.6399 1.39451
81.2203 3.03338
41.2452 -2.37233
89.2595 -0.115903
59.9173 -3.48595
78.618 2.93127
42.4579 -1.37452
5.62314 2.20392
6.68907 3.55165
72.5233 -0.654282
7.27517 4.02177
46.7063 -4.12045
92.3819 6.55851
65.0091 -1.07546
8.31537 2.54325
13.0641 -4.35091
52.9045 -1.11661
25.487 1.94237
46.0231 1.51319
58.9179 -2.62795
70.9483 -3.73306
65.7466 -1.05886
49.2485 -0.296987
77.1668 -2.52007
77.8004 4.94866
33.5305 0.76274
91.1251 3.10037
64.7 2.64954
83.4755 0.623898
64.4357 4.00445
37.2814 1.41149
45.1064 -0.978897
13.5166 5.00963
95.2685 -2.98456
41.3484 1.58013
40.5094 3.40845
61.9257 0.75119
70.9168 1.90326
49.6875 -3.50781
86.7301 5.12623
57.6084 1.69229
37.2911 -2.08629
44.9569 -0.491444
38.0842 1.31414
34.3311 1.10713
19.7083 -6.18623
87.8088 0.915225
96.089 10.2191
97.549 -2.62019
32.2653 -2.32047
91.8059 -4.86256
39.7826 1.56759
81.7096 0.650682
18.3735 -4.54004
62.1919 -4.7731
29.3637 -0.52749
22.7325 1.29787
8.6799 4.64982
88.4323 -1.43486
61.782 -4.99495
2.06646 -5.55752
26.4398 -0.330605
88.8556 -2.40295
71.3288 4.14693
87.2389 4.1833
56.2681 -1.82895
19.8549 1.6103
72.7516 2.78121
95.5092 -2.8484
29.3948 -0.897873
16.3527 -3.68673
15.274 4.15174
11.5335 -6.30284
16.9934 -4.42718
68.2729 5.74799
87.7544 -5.90609
28.9461 -0.384808
9.20373 2.99698
83.2629 2.42971
97.5812 -4.65098
95.9942 5.47396
16.4368 -3.86293
43.3893 -0.367438
84.6135 2.71565
47.8147 -2.05605
29.3133 0.839071
48.2705 -2.09408
95.7275 3.85187
19.2448 0.657525
93.4151 -2.2755
40.8533 -2.78889
56.837 0.142495
95.5485 -0.164975
28.3007 -3.65814
96.7556 2.40131
62.1028 -9.07377
55.5966 -6.38712
21.3017 -2.51166
75.5381 2.03395
32.0933 2.45671
85.7296 -3.74292
18.5058 -0.729589
56.1337 -3.25974
73.0895 4.34887
74.1208 -2.72698
9.53493 3.26486
63.247 -1.85565
71.7758 -0.981837
64.5868 -2.38029
14.2846 3.99787
82.494 3.41342
39.774 3.74149
53.3358 -5.37628
55.8788 -4.11882
26.603 3.05096
36.0409 -3.80744
32.0372 6.03878
42.2777 1.5067
50.5382 -0.752974
70.6838 -3.48234
2.03297 -5.79242
70.2593 -2.59735
55.336 -3.97406
67.5647 1.45313
90.8277 2.30593
20.6701 -4.24015
75.0472 -0.247495
59.4073 -1.05094
78.0823 3.3474
57.5919 -0.574418
63.8677 0.0309504
67.1808 3.1852
53.3632 -1.67182
79.4023 4.23009
36.8425 -2.40833
17.9127 -1.84652
91.4236 5.23086
28.5503 0.225877
57.6584 -7.29774
47.6212 -3.26506
98.7294 4.56408
79.7679 -2.08319
67.5846 4.9628
57.3367 -0.0146604
74.7146 1.62792
17.5607 0.167483
59.6637 -3.5483
63.6714 0.628468
25.578 4.40789
60.591 3.75649
66.1154 1.13567
89.3543 2.89125
68.4772 -3.69625
44.7877 -2.90935
24.172 1.77711
99.9683 4.20171
48.021 0.454869
43.0959 5.19369
77.5698 3.35313
79.8078 3.55327
93.9721 5.11649
7.2378 -0.648523
86.4594 4.53273
35.541 1.20411
84.4723 -3.59523
18.2505 1.79224
96.7999 -4.10128
79.66 -0.566049
92.7013 -0.896925
20.8571 -0.572971
40.0305 2.5738
80.5514 1.53225
34.9394 -2.3635
93.951 -3.11665
92.0622 -3.40877
6.61482 -1.85301
0.44612 4.68825
87.8976 4.60511
65.9734 3.3539
75.3003 0.977272
74.4167 -0.746802
94.2637 -1.62113
30.4194 -2.75793
40.8303 -0.210851
68.402 -3.85223
92.1821 3.77566
57.2197 -3.54602
12.7188 2.69559
78.2892 -0.814494
45.9845 -2.54767
66.9106 0.361471
97.3084 4.98982
93.5403 1.15042
21.4609 -0.403103
76.1313 0.0821989
10.7378 -7.22962
31.4151 -1.51094
69.4191 0.174877
81.7584 4.29086
87.8712 -2.05352
80.273 -1.55081
40.5045 2.29213
34.9006 -1.5843
25.4912 -0.595918
97.8898 4.21454
20.6109 5.7452
63.978 2.00955
61.681 -2.90556
18.0947 2.5595
48.7398 5.00962
41.6181 1.40225
19.1309 -3.59884
92.3542 2.49949
34.8899 2.57033
9.42682 2.23203
66.8607 -2.57308
56.4186 2.13162
97.3471 -1.93111
49.9583 -4.28517
14.5702 2.72808
35.9525 -3.09279
51.1919 -5.60425
54.1101 -2.53905
81.3147 -1.51691
46.6604 -1.83045
53.1352 4.0831
63.0145 -4.93521
79.5904 -3.13914
85.8329 3.25686
94.0607 6.01294
25.1444 1.70709
78.0898 4.54993
70.5229 -1.87582
13.8218 -4.26964
7.05043 -2.25958
55.4609 -4.93112
56.8754 -2.41481
44.4598 1.94534
41.9154 -2.67877
31.5196 0.101635
65.6762 2.39907
75.7263 7.44137
9.1662 -3.11063
25.7012 0.748498
30.8245 -0.566973
62.6349 0.539083
35.0805 3.13828
24.2915 0.636719
58.3281 -5.73064
89.3333 0.208379
66.3085 0.528459
2.85478 3.43171
41.3328 0.0891754
1.96186 -3.2915
58.0485 0.715355
13.889 -4.56353
21.6262 2.73007
48.6384 -1.38452
82.3132 1.7782
93.1174 0.921807
5.14516 3.24918
76.4683 3.8253
98.281 10.6466
18.3885 -0.573235
0.717803 4.2225
25.5594 2.97896
47.8834 1.60487
29.9458 -2.03888
31.5982 -2.61936
73.6993 3.33586
37.8248 -5.0914
85.9041 -2.87802
76.6072 3.33045
72.3237 -1.02135
3.74209 6.02324
64.2357 0.675453
82.6472 4.02037
62.3026 -1.87461
85.1906 -1.46122
71.3906 2.26076
85.2535 0.99793
84.3526 4.57189
93.6193 -3.15212
47.6707 -4.61236
62.3815 3.62776
8.93246 -1.45689
65.8257 -1.44955
42.6106 -1.24118
78.6209 -0.380768
34.3141 -3.71563
96.2708 -6.59232
92.8486 3.28861
69.1655 0.64497
59.7541 2.24852
68.8901 0.759627
42.9753 -0.117853
31.6004 1.56004
43.8393 2.03853
18.9155 -3.76789
96.9075 4.50319
90.3852 -3.2693
54.9878 -0.948567
17.3623 -3.06132
83.2006 4.30874
28.7105 2.0957
45.0766 0.906241
33.768 -0.548116
3.59084 -4.63027
47.0291 -3.93321
88.4887 4.98968
32.4254 -2.66726
60.0394 2.72038
78.9554 2.03883
70.0597 2.00648
64.0003 0.395853
87.9928 5.51549
0.755581 5.51348
39.9906 -11.3382
71.5185 1.80549
45.2704 1.24572
56.3608 0.0142719
9.3081 -5.72324
11.4987 -3.83314
24.2716 -1.10477
77.656 -1.99258
51.8355 -5.37589
52.255 0.813802
90.3582 0.171094
98.9082 6.27137
7.18996 4.55314
45.1976 -2.53816
16.1331 -6.84128
33.6149 0.429355
21.4335 -2.56114
33.6131 0.540511
76.883 0.949584
61.0038 -4.07424
76.6914 0.430511
60.4126 -1.66932
83.0449 -0.806807
70.104 -0.546999
22.8617 4.24462
26.7174 -0.601449
16.1059 -6.02534
55.0162 -4.95043
67.1408 -0.0843568
47.8027 -4.34302
38.3845 3.77692
0.594766 -1.11673
96.7437 1.02318
21.0573 -2.5255
46.3604 0.882506
8.28408 -5.73081
21.5721 -2.22897
83.8509 -2.26938
73.9192 -0.90801
64.6978 -1.7929
36.9399 -1.17873
61.905 0.101973
72.0358 0.165936
21.6955 -4.46786
11.1579 -5.92048
22.5359 -3.52196
17.5304 1.6617
0.562671 3.06368
66.2202 -2.62598
98.793 -1.47662
81.6934 -2.11228
78.2517 3.15268
90.714 2.43372
19.3132 3.2695
39.6105 1.60321
0.284895 4.0676
84.6596 3.77993
42.2514 0.985868
27.4221 -1.67121
53.8348 1.40827
84.3405 -1.94403
65.7624 -3.68385
64.8637 -3.38034
60.514 -6.23602
33.1981 0.818463
83.6523 4.44152
65.3687 1.15345
22.1592 3.17411
10.6922 5.38361
54.491 -3.30939
73.885 -0.731246
53.6452 4.84711
64.299 -5.13407
13.4086 -4.92732
72.3657 4.39535
73.4567 0.083357
66.4409 -1.50439
56.359 2.45059
33.1703 -3.04154
47.8382 0.905515
42.3795 -0.0664261
39.9294 -2.11465
96.2847 -3.70385
62.2284 5.17769
72.1521 -3.58323
17.4 -4.74266
74.5657 1.79562
11.1819 -4.37815
9.53083 -1.09647
29.0071 -4.48144
40.9347 -0.277593
39.7508 -0.980054
64.8677 2.44842
22.5386 -2.41422
17.7733 -1.81446
38.2357 -1.57412
54.1209 1.43077
40.6363 -4.54137
48.7809 -2.05432
89.6208 0.34833
69.9614 -0.129963
74.24 -4.06284
46.8986 0.952945
17.9819 -2.55991
39.2586 -3.12339
73.3223 -4.03738
18.7499 2.16123
71.6067 5.24444
4.74067 -3.43945
38.9858 -2.60397
80.019 -1.49823
24.6354 -1.2829
47.8509 -2.96502
21.6267 -0.0702946
73.2063 2.28502
88.7962 -3.47974
40.7348 -1.8153
53.3039 1.83639
35.7674 2.6646
60.0495 -1.8362
85.9491 -0.334982
12.6261 -5.01148
65.5801 4.22083
29.5334 0.598789
85.1581 2.9864
89.0677 4.57016
77.0441 -3.99394
10.3915 5.12124
68.8425 2.94722
24.1594 2.11184
1.66123 3.54358
40.9645 -1.24603
46.7802 0.166814
88.7902 -2.96969
89.8317 -0.62925
8.26288 5.27232
15.1647 -5.03858
5.10912 3.90627
58.9098 -0.577544
57.1932 -0.672477
48.8995 -2.84329
76.9692 -2.98465
58.9955 -3.47362
45.9049 -2.65462
5.07849 2.52737
87.0338 -2.52925
56.9663 -5.13074
50.4997 -3.96284
82.0955 2.8895
95.7093 -2.67031
91.5993 1.44738
82.292 -0.483887
26.7071 -1.5691
90.4019 -1.60653
50.3529 -3.04325
76.6589 4.77666
34.0173 2.12633
75.5968 2.78303
90.9935 0.0300415
64.7004 -3.52235
48.4111 -0.256193
89.5705 -2.67744
0.732262 4.62632
94.9785 -2.19946
49.8467 1.27392
97.4635 5.04799
13.7687 4.57982
45.9627 3.24759
65.3842 -0.704388
17.921 3.79937
69.0106 -3.01587
18.111 -3.24642
43.2029 0.177168
95.9165 1.78504
46.6328 0.035722
6.60573 -4.76491
7.7921 0.840908
57.3908 0.891406
52.0183 -5.35759
32.6127 2.68857
85.6665 -3.47882
23.1564 -2.97428
0.727531 -2.04773
55.1416 -2.72883
19.7596 2.47059
21.549 -0.52478
69.7305 -2.33093
66.7345 -2.52992
3.9556 -0.533277
22.9787 -2.3209
13.4628 4.83514
97.8245 5.69844
83.2133 2.48293
77.6119 3.23549
2.18303 -6.34975
15.2405 1.25849
68.7599 3.9197
17.0763 -2.16197
12.0735 -6.10922
65.8686 -4.02569
87.6966 -0.863358
63.9975 -3.93951
5.88533 1.66118
37.1548 0.409272
21.4414 2.88856
63.3791 2.25222
39.7451 -4.16087
83.2583 -4.79358
55.4631 2.25527
67.4024 -3.47973
33.6563 -0.604812
50.1767 2.29907
85.8965 -1.90358
53.7983 1.30932
67.2994 4.22757
31.9629 1.42892
36.4419 -3.46611
95.2433 -3.21118
27.6566 -0.39671
49.9195 -4.25797
29.3247 0.110068
92.3435 -0.450589
41.4169 3.08448
41.7611 5.2237
63.4081 -3.63676
55.7166 0.8478
6.69962 3.32214
7.78271 -3.05324
78.8387 3.63536
78.9454 -1.51155
27.2021 1.06865
48.3018 -1.47834
42.0324 -0.734421
91.581 -3.63931
28.1396 0.717069
72.1184 1.79025
71.4898 1.3996
57.1539 -3.11482
10.6703 4.83473
11.1011 -4.42384
90.2843 4.59407
37.3515 -2.18495
6.58429 6.47087
23.4201 1.43293
66.8422 -4.07747
90.711 5.26494
9.77289 -3.71454
26.7661 -5.8939
71.8287 3.21728
84.0003 7.16344
3.18957 6.79466
12.9144 3.92849
67.0277 -4.28309
50.9735 0.503945
42.9408 -4.45971
93.1327 -0.306196
72.5545 1.93114
25.183 -2.9571
53.8554 -6.25821
46.0944 -4.24578
23.4869 -3.21909
2.67578 -5.78792
26.1549 -0.0482069
67.7572 -1.87796
77.2194 2.74428
22.9014 1.02267
57.8474 1.56925
3.59921 3.5825
6.2595 6.33161
