98.4958 0.563498
91.1533 -2.74756
89.8824 -1.47165
6.4718 -3.13107
7.3168 -1.93299
81.9065 2.13844
92.3125 -3.02153
79.1664 2.02797
96.1545 0.188076
62.5869 -4.70527
58.2694 6.19362
52.4785 -3.25898
15.5368 4.51349
38.419 -3.17499
61.5296 1.74296
42.352 2.44338
70.0265 5.5915
34.3546 1.86211
97.3877 4.85305
73.9523 2.6048
6.99205 -1.90598
25.0567 0.332812
36.4188 4.71244
96.4656 -1.73775
81.188 -0.988238
64.2501 6.28686
40.043 -0.47445
56.6247 0.0873656
76.1684 -1.81289
8.48208 -2.68929
88.2123 3.98025
46.9736 -2.54794
15.4679 0.977985
67.2349 -7.33989
48.6584 -0.512649
78.5695 2.5743
18.9511 -0.873273
31.9594 1.3709
78.5118 -4.65887
55.4284 -2.97189
58.7332 -1.25874
61.6578 5.7066
7.4949 3.35105
26.2954 3.19359
80.5961 -3.03853
20.8979 -1.98109
44.7234 0.317893
37.619 0.278022
27.9936 3.19292
52.7223 -2.95997
15.3849 -5.14654
19.3619 2.75362
6.19 -1.58068
59.2281 -1.41709
27.6074 0.601222
36.3635 -1.41958
12.2696 1.86387
32.5289 -4.06
0.130437 -6.72385
82.8002 0.664178
5.19028 4.51096
39.8005 2.441
22.4631 -1.54882
91.5638 -1.6257
16.9397 -2.18579
74.8106 -3.92799
67.0247 -4.10927
13.9332 4.09196
51.4171 -0.100105
57.3106 3.24318
88.0905 -0.564007
47.1219 -0.417596
93.9918 2.6959
82.0006 -1.20241
42.2552 4.21143
5.81874 3.8014
47.6486 4.01825
79.6397 2.316
20.0589 1.65303
79.885 -4.19391
83.5217 1.97164
95.2003 -4.44337
68.5209 5.01551
83.521 1.90795
52.0134 -4.418
60.7446 1.56639
48.5556 -0.699717
55.6059 -3.26976
30.396 -1.32181
33.452 -3.05545
81.5371 -2.43955
45.1078 -1.45545
13.9113 3.33303
56.4064 1.85323
23.554 1.70586
56.7332 -5.16366
0.545171 3.54715
1.00527 -0.953772
82.1279 6.072
32.2997 -2.59383
34.2404 2.1473
24.8993 -0.650846
8.8893 -4.34867
20.8527 3.17637
4.58014 -4.82869
54.6608 0.167393
25.9836 -0.464236
81.1204 -1.88681
69.3951 5.93612
35.7737 -1.0929
47.2736 -2.82366
55.69 4.33022
94.6048 1.28041
22.105 2.8047
21.9336 2.49112
99.55 -3.49102
35.0011 -1.60695
77.7279 0.176058
98.1161 1.63022
57.2289 -4.47092
60.1975 3.60167
35.4684 1.47217
31.7383 -2.40111
56.5121 -3.24155
75.7517 -4.41224
27.5646 4.27952
19.3044 1.11913
18.3214 -0.97815
6.66662 -3.71823
4.2758 -0.662923
69.7683 -5.99303
9.87131 3.09651
50.5178 -0.237753
59.3343 -1.09562
71.4874 -4.21436
73.1646 -3.12817
79.5658 -4.16482
74.2674 2.50101
39.9578 1.58044
13.9848 -3.38211
96.9586 1.62772
6.4521 4.3133
42.2539 0.504668
11.225 -1.69933
29.4843 1.23086
44.3909 -1.90975
44.3954 1.04284
97.0804 -2.07696
95.4515 -0.944752
60.1951 -2.45976
81.4617 -5.39738
75.6951 4.90437
9.57025 3.46921
42.0062 3.16779
76.9163 -1.56277
36.3994 -0.90634
29.8566 2.86491
1.08959 -1.12576
0.0965597 -3.99222
13.6503 -0.869836
66.7464 -3.94613
22.5392 -2.63484
62.6156 -5.61736
71.9331 -5.18724
72.9457 4.37928
2.53885 -3.20793
31.4668 8.40503
15.6572 4.92873
81.962 2.40506
34.6329 2.77762
57.0839 -0.799887
56.3801 -3.19485
41.9394 -2.18792
48.0894 -2.75898
47.4823 0.0446349
56.5857 1.56762
80.1808 0.365838
66.412 6.70639
9.17889 3.2902
57.3234 -5.39134
20.8393 3.32651
65.1833 3.34291
26.9527 -0.151263
30.6755 1.69434
74.5351 -4.12179
62.1556 4.24785
4.46385 -6.82073
43.2025 1.8454
99.291 -0.43081
33.6882 1.00318
45.8241 -2.23448
61.4501 6.75258
50.9823 3.68375
60.2103 -2.82288
87.6091 0.790364
15.7102 -1.28119
87.827 -1.01708
63.6167 -5.40452
86.7424 0.42891
47.5621 1.73641
71.3276 -6.32209
15.3761 3.29149
31.0932 0.537063
35.1296 -0.80688
98.5995 0.127155
76.7616 -2.93566
94.6597 -3.70005
19.6687 3.00269
49.9291 3.51812
93.7904 -3.3232
24.9233 3.78519
82.3562 -3.40078
45.8787 1.97302
85.1649 1.70035
70.3009 -4.26464
98.2882 2.57656
92.705 -2.70556
79.069 2.83101
26.7398 -2.91524
58.76 -0.468671
7.59309 2.87533
10.1466 3.8396
56.6463 3.8212
35.308 -1.52374
14.1884 -2.72907
85.0123 -3.99404
78.042 -0.696033
33.3345 1.83011
87.1258 -4.56463
63.7485 -0.124357
54.8198 4.13853
79.7661 4.04375
48.1624 4.58782
76.747 4.58145
0.630815 -3.91873
75.2179 -5.1888
32.5664 0.602453
43.6375 0.349818
30.0582 -4.12612
71.5228 -5.35299
11.1731 -2.07213
64.4278 3.67865
96.6837 -4.37764
84.7037 1.9391
99.4286 1.82312
24.8635 1.99356
11.8071 0.642985
13.6669 0.199548
82.6569 -3.59829
50.7981 -3.4653
78.5692 -5.72774
99.3086 5.65581
61.0105 -0.435908
17.2409 1.82759
44.5715 4.30318
1.57065 -2.55357
14.2746 0.831374
50.6107 5.07102
46.482 -3.73191
47.9684 4.90637
97.5846 1.07076
36.9968 1.5861
52.9969 2.73074
84.9999 -1.49699
24.0565 -1.95496
82.5374 -1.08561
40.0756 4.11835
91.4628 -1.29539
81.8796 2.42224
21.9561 2.43396
24.6979 3.24772
40.2784 0.0430142
19.8488 -1.64618
41.0422 -2.70673
27.1598 2.37541
34.5238 2.61445
30.9394 5.2428
15.9096 1.74257
73.2871 -5.60687
6.33476 -3.59806
23.264 3.33422
67.9412 3.30871
9.63037 0.537451
58.0615 1.88304
63.9003 -4.18271
55.4301 4.07981
46.0782 3.9683
50.4376 -0.85682
11.1254 -3.69278
77.6377 4.16025
71.4683 3.52916
28.8717 0.274697
73.67 3.09477
86.2905 0.190655
70.138 -4.06389
2.3649 3.04175
49.4739 -2.34452
64.3572 3.55481
99.2419 0.927785
85.9856 -0.703222
89.7562 -4.16979
23.6322 -2.20538
22.5721 -6.74886
46.5403 -3.19876
90.6798 -4.21377
10.6679 -3.4931
47.8143 -0.947217
71.3962 4.59334
59.3748 2.46302
83.5961 1.07891
61.4735 -6.74143
53.1319 -5.5671
21.5235 1.04409
54.8093 -1.85862
13.7292 -0.210205
99.5114 3.34852
2.92543 4.40399
38.2388 -0.941109
55.9456 -0.264619
17.4686 -5.15024
85.6839 0.62442
74.3489 -4.25872
13.2458 -0.754702
52.5274 -3.23522
82.1622 -3.065
63.5618 -3.84121
37.9033 4.19247
96.9446 2.67939
66.6768 5.38608
87.1984 5.09601
82.7523 2.41272
87.6423 -5.87755
90.2142 -0.874724
75.9448 -1.3929
76.3156 -2.837
86.2152 3.71395
69.8731 -4.0963
6.98086 -1.44448
76.7231 -4.25952
50.9588 3.92411
1.79777 -1.4625
61.0397 6.54823
44.7701 -0.199617
24.382 3.34079
45.052 -0.779137
28.6758 2.91319
7.73923 -1.97134
41.245 -1.36381
49.121 0.319408
79.8276 5.79835
53.9122 -0.0849241
12.415 4.0741
28.8793 1.78869
51.6083 3.54069
42.7616 0.703831
68.8666 -4.09912
40.3631 -7.72247
39.1389 -1.09336
74.5589 3.93482
56.7461 -1.78066
69.9843 5.08931
74.1156 -4.65715
48.0387 1.66953
26.9494 -0.0988718
2.5075 4.53063
10.7486 -0.474481
15.8561 -1.43127
90.9137 2.76388
50.1732 5.15702
86.7862 -0.465396
3.35987 6.15853
85.7762 -4.34734
91.5822 -5.0877
53.2845 -1.80761
84.2041 -0.412998
40.0103 3.59577
29.116 3.00255
3.33768 -3.99224
53.726 -1.84272
88.3333 -3.71111
80.371 0.0721339
53.9562 5.95017
5.18686 2.60528
36.2028 -0.219807
80.8048 1.09971
66.1876 6.02444
83.2096 1.73175
96.6414 3.10505
63.8351 -2.27842
17.5264 -1.11829
64.6272 -5.08093
99.7434 -1.05175
0.702987 -3.21082
29.8354 2.04776
0.564518 -0.933871
59.1122 -1.07716
8.0315 0.821305
22.9234 2.65566
68.056 3.66799
85.5205 -0.289018
0.0788417 3.42396
22.1369 4.94966
36.5662 -0.080434
33.3978 -1.41306
11.052 -0.456864
89.3999 -1.34465
19.3378 -2.68284
0.778506 0.949863
37.2967 4.76211
56.894 -0.937138
7.59549 2.45973
81.6053 -3.93206
20.2137 6.41188
61.4854 -5.78965
75.831 2.23322
44.3496 0.544013
6.30422 -0.974551
12.3679 -3.93099
57.0977 -0.209848
34.0498 2.9466
31.4868 1.62234
83.1548 -7.1092
29.5258 -3.2116
13.9714 -3.62593
40.131 4.12785
35.733 5.55829
75.0459 -1.95616
86.2056 0.737981
49.5856 0.604564
63.0049 -2.88481
1.50442 5.02348
74.8193 6.43775
28.5431 -5.54948
52.6189 -2.41043
82.5423 1.61956
19.5177 -2.94186
11.1926 4.67133
56.181 3.61536
35.0633 -0.920367
59.7791 -1.35854
71.2748 3.97079
11.3754 1.99128
46.1582 4.54651
47.8489 1.5873
40.7065 -2.31096
23.5169 -4.43512
6.36661 2.16118
56.7884 2.47996
86.6793 0.345223
12.352 -0.634849
47.2029 0.87758
9.51889 -1.55262
66.7058 -1.41163
31.756 0.465156
6.19904 0.494892
50.2342 -4.34894
48.3112 -4.28193
90.1989 2.60941
82.0188 -4.46258
3.38775 0.271513
42.3857 0.612487
45.0585 2.66487
25.3837 1.45262
63.0138 3.63481
14.1647 2.98674
61.1958 -3.2695
57.5863 -6.18407
28.4207 1.66988
71.4596 -7.29159
27.6765 -2.91525
94.851 1.23448
21.1031 -2.42603
49.1533 -1.83143
33.8313 1.65758
35.1576 -0.59756
24.5842 2.88704
42.8085 0.287484
35.0915 -0.0311386
62.6729 1.46179
43.073 0.126671
23.3259 2.39921
36.0202 0.964078
78.0303 1.15949
12.505 2.52384
30.2563 0.53701
66.6649 -1.64639
71.5259 4.73051
43.5933 -7.34198
77.6422 4.76772
33.1873 1.91519
65.779 -2.6437
25.1866 -2.51296
1.32726 1.03608
68.9673 4.21803
27.7955 -1.6021
48.4309 4.50979
89.2185 0.524368
82.2801 3.95912
32.3447 -0.429964
70.1539 2.01499
90.4509 -1.49806
80.5695 -0.447018
93.8564 2.82431
88.2628 -2.3954
79.0776 -5.6013
43.3366 5.3526
38.518 -0.75391
90.5668 2.26203
66.3274 -3.72999
44.8055 -0.756045
79.845 1.39529
39.9965 -3.35977
41.7422 4.75347
62.7632 -0.578544
7.94647 -6.46679
40.9577 3.91629
85.5562 -2.21461
64.1856 5.08374
9.51346 -0.19195
17.9912 -3.67496
24.1474 -0.447348
36.0031 1.48075
85.0029 2.39977
20.827 1.44224
94.2192 2.37456
59.2908 0.789397
52.3721 -3.24554
22.0389 -1.2892
15.3818 -1.56599
36.7265 -2.32273
64.8855 -5.16787
72.6559 -4.06048
98.9759 -2.82079
31.176 0.0887499
42.0959 2.50595
63.7378 4.21626
39.3617 3.38321
5.5909 1.55959
58.0002 1.90021
66.9936 -3.10244
27.3949 -1.7142
48.3627 -0.242918
79.4521 -0.944227
42.6504 -4.99351
19.6313 2.21507
48.1217 -2.07048
94.7063 0.369588
92.979 -3.53701
31.4288 2.41743
0.739006 4.99098
0.19438 -1.93746
32.4044 -0.696528
76.0126 3.35976
93.1514 -3.03265
53.2457 0.827712
78.2479 -2.74496
4.86601 0.942281
93.6192 2.11575
11.2039 1.24363
90.337 -3.95008
72.2953 2.39273
34.4114 3.81636
8.88783 -1.98299
45.8168 -1.46992
85.6835 0.0398522
43.166 1.29257
5.16428 -2.65581
29.0637 0.109922
70.5563 3.50259
34.8442 1.11721
97.6556 -3.25948
83.9211 -3.79716
50.1887 5.17859
63.3986 -2.21665
24.2613 2.45445
2.68135 -2.26308
22.7432 -0.639993
94.1639 -3.49028
61.1428 2.01338
89.703 -5.15226
76.1629 -0.546382
5.16257 -3.94037
26.0361 -2.13132
28.3516 2.29344
73.2334 -6.04455
19.8165 3.78375
60.6327 -3.56904
45.1282 -2.61332
55.7988 -5.99904
50.9092 -1.51751
80.8261 -1.23823
59.8874 0.590547
39.2224 1.28001
85.2766 1.83513
51.1532 4.19095
69.0166 1.41929
33.6383 1.23338
1.89646 4.22189
56.1445 -3.13661
29.9906 2.48601
86.6702 -4.86222
44.8827 -4.37078
72.7474 5.54549
37.3035 3.97928
20.582 -3.27853
49.6572 -0.357866
56.983 4.36577
84.4868 -0.520626
32.7545 2.146
26.888 -2.27919
81.0701 4.81465
85.4843 -3.85878
73.5613 -5.21848
91.6527 -4.27238
30.1949 0.282738
35.9174 4.08194
47.9943 -0.845876
27.599 4.31417
38.2491 -3.9619
1.03459 -3.3823
54.4946 5.38992
81.1527 -5.58586
82.139 1.85849
91.8058 -5.36533
46.7053 3.84314
87.5535 -3.39167
86.5729 2.30177
94.0458 -4.1151
57.7154 -6.7644
20.4008 -0.00476342
81.2036 -1.76625
19.0546 1.25426
40.8931 2.5722
93.4426 -5.05192
47.2199 0.457031
40.3385 -0.182689
94.2161 -6.90688
54.1036 4.58152
40.8863 -2.91753
92.0161 -3.39226
57.76 -3.99541
68.5306 3.40432
83.1504 -2.04087
20.5874 -1.46663
17.4663 -1.13508
92.1459 5.30015
87.1817 0.932719
8.77021 -3.25868
75.2585 4.37276
57.3711 -2.41965
74.7129 0.594612
72.2797 1.74126
57.4082 5.70562
32.4503 1.7181
53.407 -3.06895
74.7123 -4.32931
74.3043 0.205324
8.89629 1.63944
5.73782 -2.35335
41.795 -3.29927
84.4929 2.62469
11.5296 -3.03875
98.0715 1.21425
64.3915 0.79243
13.3084 3.78888
52.809 -0.607591
35.6023 3.32432
39.9141 -1.24303
89.6352 -3.60123
17.9478 3.02571
44.1743 -4.00886
93.5544 -3.64127
13.4424 2.53238
87.257 -6.15485
44.1303 3.72389
10.1688 -3.94933
65.5815 4.16013
40.6357 -4.06284
1.88496 0.378539
1.76999 -2.47241
56.8688 5.55608
74.6014 -3.27385
38.0109 3.25029
47.4066 3.19299
18.5846 -0.96076
99.546 1.80008
48.9963 -4.32177
98.9817 5.35055
23.7187 0.636078
51.3535 3.07681
84.3748 -3.04582
37.6509 -1.12433
90.463 -0.530726
1.89645 -2.44379
53.0276 1.87642
2.85368 -1.0932
37.9415 5.8504
95.0163 -1.54548
93.4914 -0.835991
87.5277 -3.68432
64.8339 -4.16967
66.7805 3.35047
21.2848 2.01623
84.0103 -1.33616
3.12244 -5.3249
64.4705 -3.01609
24.7955 4.94595
84.5477 -1.54337
12.4518 -1.96365
12.0172 1.64361
71.4623 -6.82933
53.7393 -3.00203
27.5362 0.151989
97.8947 -2.50882
59.1531 -5.54983
82.5676 4.01317
97.0793 -2.29174
94.1286 3.64705
51.6346 -1.32927
76.4405 -1.79518
32.1603 -1.82942
22.5951 -4.27312
84.8596 3.69799
60.6132 3.7663
37.6282 -0.148867
3.4814 -1.44269
56.5562 2.99407
0.606646 3.24539
94.898 -2.26031
81.1333 5.35094
85.1023 4.49357
31.2216 -0.412046
71.0644 4.7624
6.47442 -2.75765
37.2259 2.77863
42.2757 2.94606
36.2161 1.16934
75.2482 -4.41558
50.8289 1.81313
64.7262 5.26836
67.8537 -1.78553
26.7109 -0.8231
61.766 -2.27769
90.5646 3.41378
35.6065 -1.54894
42.9797 3.00282
2.29968 -4.63888
59.2301 -2.94817
99.1925 -3.92252
7.29527 -0.618518
19.7319 -5.53449
30.8817 0.140081
27.2368 -1.57994
5.68677 -4.73167
15.7054 -1.46958
48.6205 3.41026
58.5844 -3.80315
21.1375 3.63553
94.5457 0.147902
98.1273 2.45109
60.6323 4.34097
74.6529 -5.41327
9.21258 -5.24283
22.7699 -2.46074
89.1027 -3.13144
60.2125 5.23013
33.7587 4.06626
99.2829 -4.55216
51.7209 1.95756
61.1818 -0.328074
91.5821 0.292253
0.876862 -3.81519
27.5184 6.85058
78.9447 -2.13208
86.2913 -2.30596
28.0639 6.41773
50.642 3.72478
52.8649 2.78341
18.1946 -4.08196
27.1654 0.265548
94.5022 -2.69941
3.30299 -0.689297
60.7891 3.1141
81.3101 -4.85308
23.2633 1.7145
98.9956 1.47319
28.705 -2.1856
26.1425 -2.74205
76.8191 -1.679
6.29998 1.82965
80.1846 -2.82393
64.6348 0.516896
89.7585 2.68605
91.7053 -2.62449
87.4419 -2.68018
68.6841 -4.14364
56.7382 4.75258
93.8385 3.92044
57.504 1.33611
77.1104 3.1216
10.5017 -4.64942
33.2198 -2.84026
65.0693 -3.64362
1.46358 2.81829
93.2849 1.67916
51.1772 6.03579
86.681 3.75991
3.63694 -0.42515
72.3361 -2.15985
19.2984 1.87004
35.5169 0.237949
8.60202 -3.28477
30.9195 0.657503
89.9228 -0.85805
54.0171 -3.59979
11.6172 4.54881
13.1323 -1.78915
6.95826 3.0869
34.1327 0.0913063
93.3492 1.8249
36.9969 -1.65495
22.8169 0.892759
7.86494 -4.57461
28.8468 -4.04699
17.3636 -3.00535
86.9373 0.13188
67.4413 -6.02127
46.5191 -3.42169
14.854 2.24528
23.8096 2.37854
73.4268 4.20079
15.7175 1.72554
65.8046 -6.06811
61.8606 1.71165
13.0435 1.77562
20.2166 -0.927659
46.303 -3.16636
48.3269 2.31889
97.7409 -1.93177
37.2218 4.91538
79.6747 2.59645
97.8987 0.00635508
38.9228 -3.10217
8.38988 -5.70898
84.1468 -0.42188
44.4376 -1.94358
39.2758 -3.40692
6.15481 4.99472
22.5551 2.11478
13.0925 -4.20792
70.2926 -1.80072
74.8551 3.8088
71.9457 5.58178
14.556 -2.02784
14.9129 1.85799
36.9839 -2.8447
97.918 3.87176
1.25451 1.8442
44.8098 -1.00322
50.5323 5.63334
23.3403 3.17059
9.12024 5.81674
90.5383 2.46704
3.93238 -0.821104
15.7485 -2.75318
49.3052 4.31132
67.8844 3.79405
25.9469 -2.72291
10.7446 2.55424
12.9996 2.31847
13.0284 -0.650582
35.4778 -2.94492
13.5825 3.40099
85.7298 -0.302888
75.8688 3.75731
27.2155 -0.352451
76.9823 -3.38265
95.2107 -2.9571
82.7275 -6.34945
16.5294 1.26016
74.4804 4.33986
62.8184 3.90972
6.16192 5.79082
20.1178 -1.69829
12.0044 4.98303
85.3706 -0.282239
69.8496 3.54995
30.7246 -4.63981
40.3335 -1.63817
7.53803 -0.438978
12.2173 -0.749418
76.1003 0.380894
92.8798 0.567766
28.0573 -1.91875
98.6466 -3.75709
15.8986 0.296888
40.0094 -1.26042
78.2297 -5.22647
15.4376 6.6957
42.3321 -1.3063
91.8708 -2.96509
51.2609 -0.99173
55.5033 -3.20056
69.8526 0.48773
32.3404 -0.0779899
65.6937 -1.02841
53.2302 -2.10624
63.4056 6.41364
75.7091 -2.31082
42.0456 -0.162872
16.64 0.874669
72.3694 -2.44957
6.04399 0.157903
8.73393 2.98635
23.8118 -4.88731
58.0573 3.40285
19.4831 3.40766
63.915 1.78046
60.2447 -4.001
15.7856 2.33685
78.4237 2.10213
85.7075 1.05173
6.96407 3.99692
33.4047 -0.977688
78.9292 -4.40331
97.3858 -2.39852
34.9299 -0.789437
43.1812 3.96046
27.745 3.75006
1.95842 1.25966
60.4791 -3.59751
78.1145 1.69182
18.8764 -0.909166
34.2856 1.0863
24.5288 4.33678
2.77611 -3.81692
15.1051 -5.70751
28.2651 2.4725
24.3334 0.648543
2.60485 -4.20626
94.6132 -4.77552
69.7729 -5.49507
92.4376 0.847464
15.8948 -3.06711
45.8466 -2.84793
21.5603 -0.695157
35.7164 3.0222
56.8028 -4.62062
18.2182 4.81605
39.554 3.226
79.7969 -1.36883
79.8445 -0.082399
21.3258 -4.99832
14.1154 -2.89614
52.208 -0.222687
3.29828 1.29015
25.4705 3.32785
34.7341 1.27456
50.2802 2.34949
94.3503 0.123821
14.4897 0.184148
43.425 -2.69466
90.2886 -4.80331
76.1009 -3.06103
69.0606 -4.74806
19.9344 -1.75835
75.1706 -3.16622
7.51322 0.624159
91.9958 -7.26102
78.9266 2.1244
68.9728 -3.037
58.7294 0.273342
98.4562 -4.00403
46.6794 5.00051
90.8803 -3.73608
63.7658 -6.125
44.7886 0.961908
1.06055 -0.897725
6.18752 0.475136
93.327 -2.07362
78.5328 -0.0114851
17.7909 -3.40036
96.4533 -2.45967
11.1011 -2.93712
15.0195 2.79116
25.5758 -3.36112
48.6082 3.50168
63.2118 3.59071
88.6791 -1.83688
4.62448 0.810685
26.8604 3.62865
6.70293 -3.17046
97.3415 -0.731354
66.1892 -5.16904
11.0656 3.29664
69.1233 2.44345
73.7088 -7.42437
14.0843 0.183353
90.7454 2.69596
52.4004 -2.45163
