78.8999 2.34597
22.6 2.31005
64.7862 -0.40599
33.7076 2.88553
50.9882 -1.25921
96.6218 4.59195
11.1692 -4.81516
85.1793 0.9039
63.5649 2.14392
16.8425 -5.42864
24.0279 -2.51637
25.8079 -4.69677
93.5266 6.45757
33.7856 -5.15367
22.1667 1.82145
98.3583 2.89271
45.3477 3.64547
99.521 3.72733
66.7067 1.71293
19.1272 -2.06863
58.2329 4.87891
20.4382 1.77877
70.3236 3.61838
39.495 2.55213
9.50418 4.49226
47.6537 3.89844
76.6588 -2.86764
58.9216 2.76329
5.63855 -1.35827
69.1324 2.44901
2.6777 7.26099
5.51602 -4.2524
87.9128 -2.5093
38.4784 -4.08623
79.8451 3.43908
69.676 6.12548
83.3787 1.8091
47.0742 2.0258
39.0413 0.202393
83.6823 -3.48461
30.7184 -2.01551
64.4408 0.121758
46.2737 3.65218
34.9984 3.8962
17.8765 -2.55432
87.6196 0.328782
89.5282 1.37515
23.1051 -4.11952
50.5391 3.66685
46.5165 -3.93725
70.6173 0.948331
37.4855 3.41995
11.5538 -6.47777
45.4647 2.43019
25.3679 -1.2344
71.6116 0.427908
55.6956 -0.134139
64.9053 -5.49849
96.4076 2.40755
94.1788 -2.00099
79.4047 2.08592
92.4632 -2.628
81.3733 -1.98296
47.7219 -0.912038
11.3973 5.22371
90.1545 2.62979
70.5119 2.39351
68.6645 4.67573
72.5822 -3.75836
7.97901 -6.55388
37.6644 0.83459
44.2022 1.9472
54.8362 -1.27024
57.439 -1.85876
47.7869 1.4161
31.1874 4.47596
51.2808 1.2
55.4056 0.470146
56.541 6.66209
50.3141 -0.0124316
99.8663 4.89724
74.7788 -6.13923
69.1452 -2.91695
5.39133 -4.72242
31.5064 -2.35721
18.2203 -2.78913
61.3147 -1.60399
53.7314 -1.27217
36.5202 -1.57588
80.6309 -2.38532
85.2976 -1.58082
53.2825 -2.278
72.5611 1.48245
87.4329 3.45451
69.2627 -0.781095
4.97869 -4.76634
55.8391 4.6948
54.5698 -2.23917
9.91426 -3.38158
14.3289 -6.18587
55.3739 4.61098
31.3524 -0.87633
66.1872 -3.20615
81.1798 3.86525
91.8421 -2.2482
11.4764 2.23453
49.3025 -1.57028
97.2152 2.17023
99.4274 3.30737
81.9572 -1.52444
44.7664 -4.44517
73.3716 2.51461
75.6815 3.80129
81.2668 1.61254
39.8077 6.19825
67.0122 -3.65621
54.5356 -4.74047
64.7357 2.00763
32.1966 2.25093
43.374 -2.34983
17.7836 6.1955
28.8153 -1.987
79.7203 -2.1757
85.2344 -4.30325
44.4152 0.283379
6.87096 3.40661
95.6152 2.28323
77.3041 2.69912
78.3283 -2.72094
90.5469 -2.60199
42.7836 4.50703
42.7294 1.30215
95.573 2.89941
72.9975 0.865852
77.9429 0.742409
54.6121 4.07623
1.84167 -2.53594
59.0934 1.43698
59.6694 -2.5439
67.3659 0.972164
23.2848 2.49604
55.3313 2.37066
78.1378 1.5857
46.0974 3.69195
83.8772 1.61764
36.3553 -0.684493
30.7415 -0.947341
87.9709 2.81907
5.03505 2.64449
10.2399 -5.82425
76.2018 1.38894
14.8135 3.74952
11.0594 -5.5917
73.7054 0.863231
49.4697 -2.92535
3.00725 -4.87642
22.8732 0.227222
79.8202 3.74627
81.2279 -1.42998
3.206 -5.49937
22.9088 0.400827
40.5026 -4.43521
85.2989 -6.19394
67.1098 -1.65402
40.9161 3.33899
67.1294 0.0255394
88.0658 5.3447
73.5416 4.46309
73.8584 -1.60498
91.2953 2.69315
12.8089 6.72088
60.4231 -1.38801
1.39711 3.87026
77.4143 -3.3705
1.33992 -3.6981
74.5842 -4.35393
66.2237 3.13655
92.3266 2.0288
39.0386 0.470762
96.5035 -1.39352
54.3828 -1.40166
49.4504 -1.90953
2.3703 -1.54557
69.7364 -1.54288
63.705 -0.0978063
39.3902 2.32695
94.1234 -3.22742
30.8751 4.45063
71.1961 1.98095
61.7164 -0.96062
42.8427 -1.40192
12.4593 3.39904
22.2077 -0.615032
90.2607 2.81055
60.8632 -1.651
16.2078 2.93756
30.4555 4.79371
86.1457 1.66587
25.4831 2.02655
84.2822 -0.555318
59.9294 -2.32228
88.3258 4.56828
33.4532 -2.49642
8.69736 5.8237
12.3055 4.30911
80.2535 1.34499
35.8406 1.41929
62.6706 2.42444
32.9168 -0.348367
84.5394 -3.46738
32.6662 3.00736
95.7729 -3.40724
14.9007 2.49085
89.1565 -5.36321
68.3802 -0.209745
25.8568 -3.34345
39.9093 3.70806
38.873 -1.07195
34.1886 1.59296
22.0675 4.00982
15.576 -3.29745
1.57929 1.5317
4.27575 -4.36879
7.83337 0.522743
62.4492 -1.50439
17.8839 -4.44163
73.4445 -1.05485
85.4857 -2.02303
92.6593 -1.72285
9.63602 0.784527
0.0605319 -1.17044
46.1307 1.92101
2.85519 3.10551
13.0483 6.16199
1.55101 -5.07183
38.34 -0.632674
46.9034 -2.92074
64.2848 -1.6758
68.6005 -4.94199
8.74636 -5.80855
99.4236 -0.0342999
0.221701 -1.33928
75.4216 -0.391536
91.4482 -4.5953
44.491 3.56818
69.5979 -3.16364
49.1658 -1.63937
52.1482 0.657947
37.8352 -1.57636
58.5284 -1.77823
3.5339 -3.58216
45.9046 -1.25528
23.3156 1.44064
96.8369 -0.3849
35.4452 0.191657
58.3078 3.64962
48.9277 0.953631
39.8994 -0.0590728
87.5953 1.74769
75.2347 -0.133282
77.2884 0.909129
44.0641 -3.5752
24.5885 4.20431
57.3073 -2.47697
10.0602 4.05716
66.177 3.57539
77.6023 2.17438
76.5833 1.16959
90.1515 -5.44356
68.1017 3.18401
90.3044 4.15041
54.4409 -1.91689
87.0029 -2.39243
42.7334 1.34081
0.398625 -0.325196
65.5946 4.68881
54.5879 -4.70183
36.8909 2.78322
93.1251 1.87301
96.9989 -4.50213
43.3964 0.136769
17.2894 3.00406
86.1852 3.26639
64.8662 -3.5036
77.9971 2.22525
92.2174 3.72551
38.5547 5.10777
93.8963 -2.19369
38.2839 -1.31472
81.3661 4.25391
4.7156 4.15516
97.6094 -3.12294
62.3384 0.543013
55.4368 4.0777
6.84436 -4.78357
67.2048 2.53459
4.61134 -5.45093
18.3008 -4.52545
29.2659 -2.03494
69.5254 -1.99166
64.1284 -1.82247
55.2067 -4.97457
32.6913 -0.0770581
68.5766 1.87562
45.5739 -2.39364
68.6479 1.73175
18.7005 2.54944
83.877 -1.88036
41.5499 2.43852
97.2652 -1.51257
34.3334 -4.41551
64.3299 -3.79535
4.44361 0.310572
71.0296 -3.09419
54.0479 2.9585
72.1331 2.44005
55.5114 3.30491
23.7954 -2.85905
65.1668 0.281587
92.3319 1.01082
45.3081 -2.84748
58.9333 -1.98704
42.4865 2.66636
49.231 -6.26589
72.8738 0.85144
55.4071 4.13079
49.716 4.38042
29.0263 3.09443
4.97061 2.60616
1.42766 -3.40517
44.3581 4.90982
34.4125 -0.737565
14.9313 -4.7445
63.1853 -0.467978
73.8819 -1.98906
4.45668 6.57861
96.6575 0.798488
14.3036 -7.17199
83.3595 -1.83551
15.7448 5.7286
27.2184 5.07937
58.451 -4.19196
24.3274 -3.21962
59.6158 2.25961
98.7437 -2.11371
96.0205 -0.572731
25.2128 -1.54879
88.6074 -3.11079
29.37 3.7583
52.187 1.87514
42.429 1.97459
30.2212 1.25147
72.0935 1.10629
93.0692 0.0405788
27.2514 -1.25068
29.0086 2.62011
74.9488 -0.0296493
24.8274 -1.31573
11.7345 -3.79968
94.4127 7.21227
50.3749 -2.87888
88.8942 -5.78049
12.6616 -3.98933
7.18937 -6.17729
39.4373 -1.28995
94.9773 0.519443
48.7531 0.26914
4.26073 -1.81399
4.56551 -4.14027
5.09534 -2.80008
55.5092 5.0399
47.7287 -0.67833
75.6799 4.9098
15.3857 -2.66446
82.6554 -0.604719
76.7609 -1.1234
90.1565 -0.245047
41.5194 -0.320469
37.2158 0.125433
57.4258 2.39707
91.1726 -0.0968602
29.5324 0.490232
63.0466 2.58929
58.606 -1.80139
47.1615 4.68118
1.1512 4.81143
92.9565 -5.77754
93.806 2.92755
2.27244 -1.6963
45.6858 0.186212
67.4626 -0.904677
21.6462 4.17635
29.4066 -1.12928
5.57032 5.11865
38.021 -0.0103501
78.2608 -3.2631
69.3941 0.845209
88.8046 0.484004
5.13804 -2.83534
38.7792 0.543468
73.1628 1.47138
77.0114 1.71841
83.7277 1.79302
40.5356 -0.177726
47.1248 1.121
82.2398 2.09083
67.4614 1.25544
47.3027 5.48634
96.0952 -1.80494
38.2335 -3.32743
35.5314 -3.76662
51.5584 -0.551259
6.20277 -2.64106
63.2836 0.284699
43.6525 -0.418672
54.3576 3.5067
40.0229 0.164903
86.4932 -3.11719
27.4868 -1.5936
31.6706 -0.364767
42.1902 -0.598905
61.2487 -3.96331
56.1459 -2.83976
31.1572 -3.40375
37.1746 -0.511197
62.1559 4.3231
17.4066 -5.0841
49.4925 -2.21301
36.6772 -1.9287
71.5853 -1.23094
96.1822 -0.346982
7.59549 4.6856
91.9692 -4.74735
35.0824 2.38647
78.4976 5.13795
34.4401 2.54095
8.08283 7.32497
23.1947 -3.72382
17.7403 -1.36589
62.6299 -3.54148
50.3125 -2.27275
75.4683 -2.73556
95.8967 3.58221
95.1199 -2.42452
87.4159 -4.24546
15.5516 -5.82289
90.4963 1.8722
78.1303 1.34811
67.068 -1.38139
57.1963 4.96302
84.5247 -2.04995
43.5551 2.49329
76.1233 -0.648718
82.0998 -4.5323
20.9075 4.5583
8.90347 -4.21083
20.9753 -4.70799
8.67916 5.59717
47.1192 -1.49277
8.56038 -2.00454
43.4619 -0.743097
9.63642 -3.92205
47.2164 1.4895
59.0958 0.892337
56.7617 -1.35286
37.3991 -0.697344
3.99881 4.10371
95.8906 5.6792
15.317 3.2581
89.301 -6.23318
10.2101 -1.83809
78.3062 -1.56154
44.9527 -1.25547
52.4139 1.57352
36.1773 -2.44551
8.14034 4.30861
33.7125 5.10918
46.5791 -4.24798
86.2355 -3.07541
24.0756 3.70857
41.0739 2.28919
77.2966 0.652851
51.2779 -0.975519
62.7827 -2.0536
79.7449 -3.11952
22.362 2.50789
94.3707 -1.32107
30.1209 0.0541548
55.9227 2.47344
45.2804 -1.18444
38.018 2.10052
28.9872 -5.42497
53.6068 1.56509
21.0371 5.21643
23.5245 4.46753
84.693 -1.26924
8.77504 3.0454
25.0233 -0.720584
50.7063 -5.72872
10.701 1.98506
60.8465 4.41789
75.3952 -0.315222
32.8297 3.01065
58.4774 -6.31457
50.3178 -0.649776
67.0673 1.60479
93.0713 -1.61043
45.0037 1.10462
24.2207 6.71049
39.6373 0.0210825
24.493 0.244416
10.0563 -4.61741
41.022 6.99279
47.4412 0.587384
86.3682 -2.71024
24.8437 4.5979
68.3394 -1.62329
8.341 -5.11392
32.2964 2.1468
26.3447 -2.38222
2.34388 6.64409
62.6784 -0.774841
88.0187 -1.69205
98.4773 -4.59907
82.6233 3.28757
68.0556 1.66388
75.6652 -5.17331
43.175 -2.07729
59.6801 2.85365
93.5424 -1.99831
84.2678 -2.12178
4.29337 -5.12777
86.2371 -5.10724
51.371 0.783646
4.31664 -0.0734744
0.298319 4.84718
61.5187 1.49062
19.9692 -0.870918
3.04113 1.56765
53.9405 0.266243
75.5816 -3.3714
64.3633 1.70366
61.5459 -4.25076
57.4095 -2.58747
73.5183 -3.90026
61.0104 1.21644
64.1886 0.12729
92.1766 1.01228
23.7507 -2.06877
87.5226 4.02046
15.1034 -5.45883
92.2548 2.55742
96.3639 -4.84416
18.7889 3.99747
94.3571 2.06388
55.515 -3.23209
73.9566 -0.323144
67.8771 5.29743
92.2842 -1.79135
54.2988 -4.58902
31.5492 -1.63449
87.9445 2.05799
39.0875 -2.49476
49.4527 -2.68792
52.0065 4.76124
83.2731 -2.15659
35.3858 -0.385874
63.6849 3.01528
31.1535 2.44703
82.9018 -3.57095
23.4819 -0.136924
78.9754 -5.12754
14.2014 -3.48741
84.1057 -1.12692
51.3481 1.30342
26.0525 -4.8527
24.0374 -4.21337
0.296302 -2.83637
7.1303 -1.97162
58.2363 0.854371
62.3054 -0.511502
94.1418 -5.14845
1.49813 2.58726
38.2233 1.39854
31.3544 -0.299468
84.6344 5.38246
9.80209 -3.73178
76.3649 2.85594
22.3612 -5.61171
41.8444 0.240684
6.32371 1.54354
33.0288 -0.61762
83.6255 2.8654
49.5152 4.86768
6.87669 -2.33114
4.52892 0.625575
14.2479 -6.12625
29.4506 5.43781
24.8711 -2.10016
38.1215 1.21904
31.713 -2.84291
18.8722 5.15696
47.8805 2.57724
81.9284 2.80252
76.0836 -5.03533
29.2117 -2.08525
42.4351 2.29166
85.6542 0.200807
96.6599 -1.24387
34.7583 -4.57049
20.4265 3.49509
17.2546 2.93843
17.5272 4.94061
39.8761 -3.83288
75.4375 -0.69625
78.8077 2.5645
11.9701 3.72064
88.6964 4.09833
13.6844 -6.12851
80.1099 1.59486
48.3868 2.56799
79.3146 -0.129058
24.9824 4.08866
41.3399 -1.41155
38.2783 0.137848
11.6395 -6.92642
60.9901 4.15514
5.14273 -1.64875
41.1731 -2.09387
80.3304 0.542558
80.6801 -5.02257
47.4274 1.15668
41.0906 4.67378
49.4796 -2.08736
88.6624 -1.82885
58.1013 -1.24334
29.059 -3.38319
71.9561 2.63444
7.83775 -5.84322
53.6065 -4.3616
21.3031 -4.20118
4.87809 -3.31931
57.1018 -3.28405
25.0494 3.23041
85.6508 0.704544
70.5308 3.4445
45.0984 6.09784
5.47339 -3.28194
2.89641 0.749253
3.38106 -6.3603
7.82801 2.9315
4.26297 -0.16239
53.1036 4.89231
5.76084 5.09631
0.308672 2.42375
26.1525 1.7565
13.2878 -0.343731
79.853 2.71734
39.2872 1.21231
0.110874 -3.55323
36.3216 4.51664
56.3765 -3.21316
19.7628 5.29913
63.9102 1.96829
93.1019 4.67875
70.6222 0.810043
62.1179 -0.994305
94.2594 -4.14698
62.4494 -4.67476
18.8464 5.03695
93.5987 2.58816
96.3758 -3.16899
81.3739 3.88645
71.7541 -3.27968
31.0918 1.45733
75.4634 -2.31622
19.7948 -4.23129
63.2867 -2.38839
53.1092 -3.82515
64.3278 1.2457
81.9669 0.119043
84.0098 0.760058
38.0379 1.30385
8.15978 -5.62628
83.6988 -5.01352
37.4285 2.06593
26.5329 -5.21579
98.6728 -1.63128
55.7345 1.89291
71.7767 -2.89269
63.5914 -2.52314
8.81824 2.84607
94.1201 -1.22399
65.0434 -1.00782
54.2798 -3.15563
94.9276 0.269705
59.1458 3.38037
61.6768 0.0556675
12.9448 -5.24158
8.84898 -0.542201
34.5272 1.04372
4.68453 -2.496
79.9375 -1.1457
17.2644 -1.64164
72.799 -9.05169
88.251 -1.50285
17.5567 -4.01746
8.43703 2.90085
78.9329 0.302035
91.729 3.33779
22.2365 -1.89536
43.6602 -3.15913
27.2437 -4.40113
52.5136 -4.69208
28.9862 2.18104
51.8789 2.38747
47.0285 -3.28111
91.4923 1.29561
6.44393 -1.36577
27.8991 3.96724
58.5716 0.489608
62.471 2.507
28.6678 6.67055
78.9087 1.06312
65.2112 1.25482
76.8217 2.80422
63.1387 -2.37283
32.3964 3.46363
6.66464 -2.20788
57.5127 2.58097
16.0704 -4.21717
96.8809 -3.50649
15.2151 -3.40505
37.1675 -1.19012
67.9868 -5.61428
96.608 4.11875
15.6827 3.05577
4.04543 -1.28582
65.9475 -0.658863
78.2613 -0.302363
13.3499 -2.0826
23.153 3.9156
86.8355 1.77049
61.8191 2.9499
82.1169 -4.15287
28.4299 1.21689
2.10204 -4.37357
20.476 4.53653
3.91726 4.78715
7.18192 -0.315941
56.5294 -2.43306
22.2586 -2.80811
44.4628 -1.88759
54.5329 1.73612
6.09735 -0.193468
52.377 0.230389
77.0227 -2.42172
54.8254 -0.0506199
39.182 2.59068
64.0138 5.0598
65.5724 3.78218
53.6646 -2.57354
73.9761 -1.22151
92.2088 -2.28691
12.8847 -5.88881
16.5438 4.92069
47.2523 0.699446
38.9737 0.331441
36.577 2.37029
85.3309 -1.58152
94.9752 -0.072159
90.3133 1.495
2.47038 3.17421
72.1374 2.71962
3.32978 1.82944
39.1685 5.41223
81.0103 2.68832
76.7047 2.83755
60.5679 -0.720538
91.0152 -6.37276
14.6386 -3.81484
65.5375 2.82113
98.676 -3.49556
86.4539 -2.40457
97.4877 -3.62963
45.5916 -3.79778
91.6579 -3.90995
69.5512 -3.13847
61.8065 0.102749
80.587 -0.930158
32.2165 -2.59135
15.2253 3.77782
45.1518 1.29128
31.2147 1.69911
60.2029 1.34668
25.7251 3.93723
87.2101 -1.25748
40.0306 6.31294
28.6731 0.319095
15.5226 3.75036
58.8308 -1.79307
2.81574 2.32674
75.2443 0.996214
58.4995 -2.38101
40.462 -1.09587
61.2445 1.99706
2.30161 -2.63608
47.8959 4.57422
84.407 0.919389
28.4574 4.34689
6.52063 -4.46789
49.288 -3.47924
26.6925 -2.12503
0.239197 2.70775
32.0047 -2.33557
73.0672 2.91418
94.2053 1.23576
83.2752 -3.92214
14.396 -5.62921
56.2921 4.01866
32.055 -2.32347
27.7835 -0.126695
62.9026 -2.18855
4.24411 0.128888
86.3051 -4.85736
98.5074 1.16184
94.3275 -5.52053
72.3689 -4.27942
19.1107 -4.38798
65.8424 2.93634
21.0787 5.54454
27.0792 -4.18689
84.5647 -3.56625
79.538 -2.69548
14.0064 -5.31003
91.8512 -2.19033
30.7496 0.385698
3.62818 -1.84029
22.3032 0.811007
16.9854 3.38018
71.7308 0.655711
48.1451 0.311387
42.0697 -3.78975
22.9611 -6.08074
94.0041 1.82848
67.0008 0.857204
27.9468 -2.44006
94.3548 -0.816599
88.7639 0.386984
58.9007 -1.03306
31.5286 1.56447
91.3387 0.071645
35.8834 -2.12577
45.735 3.70416
28.3275 4.61137
69.677 -0.93183
7.51593 -2.7595
1.54657 -2.17667
39.7402 -1.07213
81.7893 3.07792
34.8176 -2.68725
82.9181 -2.04082
86.4802 -0.960697
26.1146 -2.13165
76.7619 -2.1518
29.335 -0.828634
49.6981 0.930093
60.8669 0.628288
98.5711 4.82241
49.9964 5.42356
47.0267 -2.6562
97.3429 -4.32671
68.2614 -3.34982
14.9321 4.11481
94.3571 2.09605
74.545 5.15301
45.5494 -4.68975
20.6437 4.8136
32.7408 -0.431338
18.9097 -6.33856
85.6386 -0.984047
90.6206 2.70082
63.3218 -1.96828
85.8932 -5.30466
49.7527 2.21292
6.71163 0.610685
26.6476 3.69221
55.4313 -0.319586
70.8348 0.314185
30.6817 -1.47685
48.8375 -0.892837
80.4643 0.330225
8.98992 -5.4169
90.9335 -3.83124
34.1903 -1.78424
0.135329 -2.84953
30.4246 -2.28735
86.9785 2.99085
22.081 4.12879
24.2273 -5.25366
61.6515 0.188918
10.6639 3.46913
82.9875 -0.964652
14.6973 1.06402
0.609089 -3.33771
64.6387 1.21688
86.6 -3.53466
76.1882 -4.98595
18.0547 -3.94235
49.079 -0.0990664
91.0522 2.18639
76.9561 3.04051
69.7717 4.50205
32.7247 4.27197
37.3532 -5.08633
78.405 0.324921
14.697 -3.12518
54.6982 -0.00024218
39.2269 -3.10617
39.6716 1.72105
5.22828 5.0067
84.7082 1.84979
23.4916 -0.940811
29.2579 -0.757921
86.5166 0.959519
18.2282 -6.2442
88.5401 0.808402
5.37985 4.99388
86.2067 0.101675
16.3782 5.25156
83.611 -6.20326
21.6514 -1.68015
73.8412 1.77946
60.4473 -1.74958
44.652 3.3345
11.1174 4.08573
42.0309 -4.69968
72.9091 1.07466
97.8055 -1.70394
21.8343 -3.69123
97.7256 0.127231
28.5255 4.07949
74.4628 1.45814
9.36479 -5.96524
8.7364 4.11743
38.3126 1.24012
37.2777 -0.847957
31.2968 3.26394
79.9567 -3.25416
23.7326 0.0538324
9.20571 3.40981
93.2013 -2.73508
67.7821 2.65114
37.1948 3.77029
73.2445 -3.13897
19.7763 -1.29412
96.791 2.69355
34.8354 -2.3377
11.1585 -4.73282
74.4769 1.91725
67.2404 -3.70629
74.7019 -1.44741
78.4608 -1.85446
74.5418 -3.50601
68.8375 -4.96692
46.0396 0.0405886
43.8235 -2.3445
46.6422 4.32489
33.3387 -6.17744
29.7592 3.82402
24.0807 2.04164
62.3676 3.86392
63.489 0.972533
64.0238 1.66125
34.6151 0.220872
6.40475 3.84272
12.4802 -5.27437
83.7964 -2.61816
29.2998 3.84397
47.4199 -2.30546
49.0596 2.29722
81.2971 1.85716
0.769472 1.28786
79.0219 -2.47428
29.8389 -1.37437
59.7982 -1.39976
49.9493 1.03549
95.7406 3.5426
99.6249 -3.00879
35.0952 3.15746
36.2192 4.29053
50.5287 3.16175
70.3959 -2.14004
40.5003 2.92499
39.4231 0.509805
13.4111 -0.325701
8.91817 -3.27819
82.0751 -1.24973
59.4317 2.85552
80.824 1.05556
