27.4728 6.60438
43.5972 -2.00812
30.2865 -7.77641
38.2687 4.22919
71.2284 2.60952
66.4627 -4.7233
5.07798 -3.55089
92.3385 -3.89162
1.97645 1.66974
45.5319 3.01699
56.4614 1.88352
61.7761 -4.1483
80.2631 1.30234
37.1732 -3.94325
87.0433 -1.71363
96.7335 -1.69297
28.902 0.109446
22.676 -4.32554
36.5429 -2.77091
15.7258 -3.44362
37.2822 -5.43272
26.4642 -2.74843
3.96955 1.12427
41.8958 -6.18383
42.437 -6.1321
33.5007 4.1682
19.7994 -2.38632
28.282 6.00302
60.1964 1.97882
39.8047 4.05252
63.131 -4.31126
4.00541 0.115218
98.5771 -0.176988
89.8542 2.69954
32.7502 6.51322
10.5583 2.08945
57.1215 1.50696
84.1751 -3.15997
16.8739 -1.86227
59.6719 1.32896
91.7076 -0.493974
7.85183 2.28164
53.2352 2.74358
46.6841 -2.63682
26.3346 -2.84278
31.9681 3.82967
93.584 1.20399
13.2675 -1.58664
54.0371 1.99205
63.0878 -0.664739
56.1341 -2.78643
84.853 -0.479472
67.4562 -3.28734
86.9166 1.67594
10.7186 -2.86187
25.6457 2.12565
40.1213 0.328162
55.8242 2.1264
73.9995 2.4371
79.9001 -0.383937
64.1148 -3.95979
53.4206 -2.78231
83.6998 -4.25671
1.85831 -1.86578
14.9692 -2.70351
89.8071 -0.908498
96.2426 -0.599247
1.28188 4.07695
26.5345 -2.68328
49.6679 -1.48464
18.2732 4.62333
17.7223 -0.0135431
58.5117 -1.16108
62.7762 -4.69919
24.0697 -8.60675
35.4754 4.14049
37.2944 -3.41266
54.8762 -1.8075
21.5429 -3.79251
50.6509 -2.54053
92.4244 -2.0293
0.54895 -0.0604187
46.635 7.26752
61.6794 -4.16685
83.9461 1.8692
37.8963 6.37237
51.4109 4.41432
98.9174 -2.54932
52.7923 -0.621047
10.3954 0.321446
88.9211 2.47458
26.5564 -3.19716
93.4276 -3.54177
15.2716 3.83703
55.319 -1.99075
4.50348 -0.883085
63.3515 3.11738
74.2746 2.4338
58.5812 -3.31925
73.0611 3.31133
20.0701 2.37367
41.2685 -6.56617
54.943 1.28909
36.419 -6.87712
60.6463 -4.73926
25.1573 -2.91664
58.256 0.843361
16.5976 0.550786
27.8627 -0.592031
34.2377 6.39233
14.2917 2.16495
66.6885 -1.05792
34.5547 -6.00572
86.5679 2.85386
49.3406 0.523485
16.5149 -0.767607
72.9425 3.91737
43.1581 -5.81522
20.525 -1.64492
15.0015 -1.49138
80.5951 -3.80331
7.38182 -1.00764
24.9642 -3.41949
55.3144 -0.0734223
8.40194 3.67265
11.942 2.75235
44.0919 -4.04152
37.1918 6.54456
88.3321 -1.9635
0.689349 -5.03044
82.8268 0.806416
44.5717 1.90345
74.7845 1.43243
88.4124 -3.88787
63.8044 -1.69127
79.4804 4.15219
56.5608 2.94264
53.1409 2.9153
74.2783 0.184812
32.7292 -6.08683
82.9123 2.16831
31.1903 3.98928
97.5087 0.915163
58.121 -2.70421
48.9473 -1.88482
40.1094 4.64265
0.032319 3.65145
84.8564 -1.14846
73.2352 -1.52614
67.254 -2.31018
94.3973 -3.70304
75.0709 5.91806
25.6244 -5.51802
51.4184 3.11166
60.243 -1.92455
44.2742 -6.59692
55.9495 -2.48055
5.0356 2.51626
35.8392 4.66677
98.2878 3.50903
8.89012 1.73812
10.3731 -0.521191
98.5356 -0.197172
93.7479 4.07029
56.0087 -1.64348
21.6609 0.0939203
49.8943 5.21896
95.9533 4.48328
4.8225 3.76942
95.6739 2.14255
73.1282 0.681136
49.9226 2.40218
80.354 -2.68486
81.9191 -1.35227
88.9418 2.43424
34.0864 -4.35591
5.52119 -1.83248
59.6533 3.4407
67.9275 1.01739
89.9326 2.30656
26.9541 4.53832
89.7888 0.478091
51.8871 2.11437
74.9857 -6.33105
70.592 1.89358
30.5054 -3.96822
71.6359 -2.58513
46.9619 1.21054
1.15648 -2.40153
95.9135 1.15432
10.2031 1.59711
54.5095 3.5245
98.1086 -2.94757
47.1812 -3.67363
63.675 -0.709275
4.48799 0.536779
19.6409 -0.39295
73.2825 4.20039
47.4106 -4.14869
19.189 -0.962187
56.0265 -2.64321
36.608 4.75675
88.4797 0.863208
10.176 2.23463
12.8373 -0.221518
10.2356 -3.4542
63.1639 -2.05487
27.2856 6.21297
18.3973 1.05474
41.1922 -5.52189
83.4649 -1.52067
10.8394 2.71701
25.167 -3.45296
93.3215 1.23997
74.9491 2.58716
92.0085 -0.883801
9.94736 2.57339
79.3517 -1.45556
81.431 -4.31067
28.6929 2.67893
52.1064 6.00859
13.6931 0.157343
30.044 5.30343
38.2319 4.21235
55.2741 2.44515
53.7222 -1.96143
26.9108 -4.95839
78.321 2.1631
79.5012 1.75829
78.2705 -4.78116
71.2218 -4.09142
7.2744 0.874529
59.3609 5.33443
86.5663 -3.37501
29.4648 -3.27926
7.5845 2.96895
90.0642 2.84887
84.3641 -2.82983
66.9165 -4.47593
96.2715 -4.20649
96.9874 -0.501677
74.9168 1.76092
50.6081 -3.19687
80.8515 2.45106
12.2653 -0.148961
74.4111 4.75998
2.56638 -2.62944
66.0888 -2.56352
65.9615 -2.115
55.6408 1.85804
40.6007 -5.21955
13.7135 -0.121041
34.0849 -5.68173
27.3125 -0.604925
4.09011 -0.00106361
24.1687 3.62781
86.7438 -1.64668
44.798 -6.11855
36.3807 -4.85799
95.877 -2.54954
68.9396 2.60434
53.9369 -1.98269
90.1378 -0.789418
4.99195 0.652219
37.5408 5.23041
24.5663 3.47117
7.03069 -2.46288
36.7077 5.08959
39.494 -6.51646
64.6057 -3.61074
53.4296 -1.29559
71.8965 3.69032
57.0046 0.811507
61.1432 -5.85767
39.5481 3.84585
9.70287 -2.30491
9.48867 -3.69744
72.8897 0.111601
7.19374 1.38054
55.1382 -3.16291
43.9739 -4.64882
46.1893 -5.49718
88.4912 5.00881
25.7973 3.72761
21.2411 2.17528
49.9494 0.311349
92.6053 4.84725
62.5812 2.71156
33.1884 5.50541
64.078 -2.34315
80.2131 5.61165
45.4788 -3.97962
43.3351 -4.88334
74.0443 4.51013
3.32687 1.34638
0.890082 -1.91395
49.8167 3.69323
28.48 5.57442
96.4058 0.12125
13.2679 1.12622
86.7067 1.30255
9.60113 -1.2986
57.2569 -0.0990646
96.5817 5.32508
14.6292 3.65608
13.4925 -0.897459
78.1614 -0.726081
53.2093 4.60452
3.34476 2.10106
36.4708 -3.21411
64.2038 0.581497
3.07345 -2.37475
45.364 -6.39209
70.213 -3.76154
62.5904 -2.8204
17.4135 3.07339
17.1508 -4.2957
64.2375 4.48084
45.7549 3.92194
68.1877 0.772912
95.0584 2.84782
11.7073 -0.184297
60.0156 -3.61022
18.8756 4.88382
40.1024 1.563
76.3081 2.40945
63.2963 -5.35308
44.8502 -5.16288
0.0957079 4.07562
51.363 -4.79404
8.23788 -0.487765
63.7633 3.32691
1.728 -0.628966
22.3437 0.967382
67.5558 5.33507
50.5281 1.80936
0.368128 -0.579553
7.0111 0.648507
46.939 -1.99203
45.1085 2.6077
26.3774 -2.80013
22.3105 3.95018
15.2034 0.69124
37.2956 1.24471
22.3813 -5.31728
10.0637 0.762688
65.7179 0.210325
27.2055 -3.55116
82.4041 0.562619
24.63 5.0423
79.3266 1.38547
45.3663 -4.06668
94.7371 0.887921
6.27974 -3.41045
11.3004 1.96492
44.9011 -6.27667
24.42 1.06614
74.99 1.69814
0.517771 -2.19116
76.3865 1.35086
86.121 -0.509625
70.8369 0.476954
59.2711 0.980693
73.6982 -1.54852
43.8859 -3.85347
2.99957 1.75042
73.1701 -4.16741
51.0078 2.8399
49.9878 1.312
36.4057 0.647642
10.3306 -2.86025
19.2481 3.39159
89.8114 -2.39027
12.6491 2.3181
45.8275 -5.91887
69.8226 3.48722
33.0304 4.54431
59.9649 -2.06729
86.5542 1.13938
63.8826 4.83977
84.1483 -4.57151
87.0024 -0.575514
51.6082 -4.08488
50.2105 5.16353
37.4203 5.20433
53.2256 -0.625413
59.4182 2.26825
79.4812 3.36043
29.3597 -1.00216
64.1688 2.23042
20.4344 2.5205
48.2016 4.91115
23.888 1.60413
96.639 3.8097
14.6418 3.49011
2.07991 0.594283
16.315 -1.80872
63.6483 -3.20559
71.2991 3.17905
70.6064 1.33026
78.5765 -0.73618
42.1994 2.71446
9.84209 -2.5892
75.333 3.21639
93.0041 1.43089
57.0288 -1.40312
75.3005 -0.985226
15.462 0.831133
88.5732 0.136353
98.1919 -2.06114
28.6581 4.69747
9.53037 2.03267
24.2909 4.11071
63.6953 3.57972
82.5105 3.34965
79.9235 2.35099
5.01958 -3.42733
22.2751 0.623055
82.9152 -2.10512
55.593 -3.58367
80.4701 -0.487114
24.3864 -0.415529
14.7993 -0.298829
22.3483 -3.62966
98.8998 1.08196
64.8856 0.750546
53.0715 -6.01096
72.1581 3.07484
91.1251 1.02935
7.61532 -0.768304
46.5376 4.46177
8.77446 -0.134557
77.1202 4.78477
40.2766 -4.92604
84.0961 3.17009
33.6976 -2.86185
41.7344 4.40842
95.2031 -2.85043
12.7897 -0.989041
72.2521 -4.18539
57.3494 0.965521
75.0895 -2.26181
93.3777 3.17482
47.1469 4.65072
47.1801 -3.76409
7.54249 0.313792
82.6267 -3.21891
32.5898 4.50754
68.1497 3.37258
72.3274 4.06549
82.2157 4.51755
18.0424 1.47119
64.2302 1.35155
63.3139 -7.23871
96.6824 1.64288
65.8812 4.31401
6.94137 2.23562
21.7722 -1.91012
70.077 1.46062
80.1915 4.66238
94.977 -0.639626
93.0385 3.88428
47.8028 5.03375
52.8897 -2.90711
52.2879 5.35579
86.7364 -0.981928
20.7165 0.527421
9.24458 2.28262
46.0676 6.07848
7.16354 0.351581
34.0844 4.89457
6.2324 -0.937573
57.959 -1.49858
86.0145 3.23516
84.3704 0.045936
33.2982 0.714727
6.13911 4.10043
64.3076 -1.79436
98.1209 2.92676
22.5907 -2.01515
58.2265 -1.82769
59.6304 0.422883
46.5032 -3.26172
56.7546 -5.25191
84.1062 3.91201
33.3698 -5.57794
47.3271 3.07
72.0065 2.36492
16.9845 -1.68605
3.16733 2.28787
45.0237 4.53428
31.5599 5.54673
2.10312 -2.76219
17.6031 -2.77762
44.5964 -2.48389
76.5933 -1.13244
86.1492 4.26509
47.8696 -3.37909
9.58686 0.796897
94.0813 -2.33312
88.3011 -0.44916
34.5673 -6.45175
76.488 3.23644
68.0094 1.17029
22.0382 -3.82507
40.9123 3.22998
89.836 -0.433383
45.3987 -4.94524
44.9765 0.829068
1.51128 4.66205
46.9549 -0.598227
87.7868 1.25603
78.4521 -1.8884
85.0762 -0.938689
71.0508 1.12072
74.2316 3.71893
95.601 4.52826
18.9377 -3.79081
88.5282 -4.24899
96.6191 -1.3512
37.7437 3.96584
60.8323 -2.03414
13.8301 -5.08342
93.9219 -3.81246
67.9658 -0.0328695
64.3031 1.90564
60.5866 -2.02236
46.831 -4.78074
32.769 -4.03012
72.1229 1.79195
12.0659 0.881868
98.2172 -0.958051
1.84491 1.90302
28.861 0.159518
93.1213 4.21621
64.0916 1.34148
48.4487 6.08051
58.356 1.17876
52.1225 1.48485
74.3748 -2.95363
53.5517 0.500068
45.6457 4.76711
99.4307 0.719992
92.7388 4.26014
30.8069 -4.07526
41.1853 2.87028
34.0076 6.05546
95.691 6.84084
4.47618 3.69771
61.9265 1.95772
6.93622 -0.754445
63.6991 -1.54033
19.8583 3.68636
79.9319 -2.97107
41.9334 3.47772
17.9988 3.70917
21.3606 -3.68671
21.0777 -1.35161
82.2853 0.0350859
99.9544 -1.09385
29.2051 6.40072
23.1106 -1.13647
7.97404 0.332116
6.32787 4.35771
5.02492 3.29076
3.11603 -2.18288
28.1046 -2.72468
5.21329 -0.750464
58.8692 1.37712
73.2911 1.53388
35.1387 7.20483
69.3147 -2.82475
64.6052 5.02473
63.6547 0.702961
75.8861 -4.52658
49.9551 3.5508
51.6097 -2.69157
25.6978 -3.60708
69.3307 1.36377
73.1883 -2.81032
90.2445 -1.17356
4.54932 0.809962
20.0369 -1.40183
34.5267 4.50153
82.1517 0.737104
15.098 -3.11771
17.2373 -2.54345
81.932 1.63155
4.42861 2.0564
19.7617 0.37433
45.1836 4.62044
62.3786 1.18683
90.7058 -3.23747
62.7968 2.33701
22.2357 -3.91258
29.3421 -5.27523
96.1589 -3.0548
7.06465 -1.67493
63.0981 2.94448
59.7316 -2.49305
43.2543 -5.577
24.176 2.72173
41.6804 4.28568
72.6623 2.47819
27.7279 -5.6477
70.3082 -4.58485
60.0923 2.07441
62.1044 4.03076
17.5338 -4.9087
29.5746 6.03748
15.9441 -2.88835
79.8949 5.09632
93.395 3.21558
61.9536 -3.85995
13.6942 0.117474
3.24367 -3.55015
95.1288 0.643896
56.3059 1.61608
21.5341 3.65171
37.0884 -6.73455
14.1339 1.00282
82.2742 -2.18087
56.9295 -3.59042
62.878 3.61185
59.3178 -1.45115
33.1852 4.03249
66.2341 -7.55632
20.0845 1.45728
81.5044 -4.11252
63.1579 2.02551
26.7324 3.27718
66.1274 4.35442
37.2931 -0.953742
56.3451 -1.12889
75.3843 2.52648
53.2345 -3.0956
76.0495 -4.5513
30.8106 1.69602
44.0183 -5.97603
7.47043 -1.66786
88.6978 0.30813
76.8944 3.08446
3.9624 -1.93634
71.6324 0.105342
72.7125 -2.68944
57.9446 -1.2756
3.81732 0.324177
25.5393 -4.1198
61.9847 2.71339
22.3172 3.23214
85.3362 -0.132206
71.1258 -1.09415
58.4109 -3.1243
46.1218 5.19315
22.1907 2.84759
65.9223 2.38754
17.4862 -0.322175
15.9225 -3.76625
93.767 1.08985
92.2451 0.44654
88.2136 -1.15543
35.7967 4.2304
40.0806 -5.50065
60.9247 2.10887
81.9991 2.5248
93.8843 -0.85364
76.1547 -2.01538
84.6166 -1.35447
51.5092 -4.39471
20.2705 -3.29581
10.6529 -3.19143
72.4768 -3.49537
88.8943 0.232078
53.3613 0.956128
57.0903 -0.977555
40.5606 4.33711
95.5997 1.09434
41.8571 1.46327
22.5572 -2.86011
84.0765 -1.03982
84.7127 -2.43889
76.4014 0.120504
3.5472 0.750939
59.9686 -0.194616
52.9753 2.10126
25.1405 3.70001
77.9649 -0.65306
89.4929 1.86225
85.5801 1.85274
91.3721 2.74399
79.354 -1.92172
6.51979 0.255865
26.5868 -1.76894
75.9171 1.19701
19.0671 2.59041
75.0765 -1.1712
82.8012 -4.25274
18.7133 0.97568
11.6795 5.09711
15.9752 3.50497
61.2979 -3.5003
28.1636 -4.49731
10.34 1.23425
70.1675 -0.0113845
58.8333 -3.13526
60.5988 3.35608
43.7091 3.92823
39.0764 3.08642
79.2356 1.26939
26.546 -4.87767
43.5247 -3.45272
29.5238 -0.975562
15.9664 -3.0389
7.33407 0.868587
91.1528 0.469152
94.9115 -3.97748
23.3389 -1.81212
27.1611 -1.77339
90.5438 2.48875
57.9606 -1.28587
7.53748 2.30324
16.5086 -3.11924
22.7132 -5.4305
17.7305 -3.64626
19.6317 -0.236789
54.9064 0.593495
50.9368 -2.37299
52.6296 1.35051
98.2445 1.39401
42.7798 3.52571
36.0774 -5.1527
75.337 2.15654
16.0631 3.33249
54.3937 -1.25964
77.3352 1.52891
68.651 -3.22419
23.5447 0.0162419
9.14805 1.93058
11.9452 2.33726
83.2162 3.25143
44.8052 -4.1765
32.3613 2.50521
6.70698 1.11945
69.6132 -1.18626
99.7287 -0.312375
20.1785 4.62126
72.4716 2.59905
4.80862 -3.25481
56.0078 1.36744
49.6487 2.26661
97.259 3.32994
17.102 1.32575
7.82651 0.628413
65.0264 3.85204
36.9866 1.82499
85.4573 3.44223
98.2299 1.99255
70.3296 -4.31902
11.6971 0.766541
43.4071 6.02207
81.7561 -5.71354
8.38915 0.86291
81.4677 -2.92189
28.064 -0.721203
8.18363 -5.25643
15.01 -0.121757
3.59369 -0.979394
4.69417 3.30968
5.05259 0.306135
59.994 -5.4224
46.5865 -8.89394
55.991 -3.80451
58.8869 -4.41776
95.0425 -3.50139
88.6909 -0.567616
8.39676 2.92691
54.9661 0.513889
6.65023 0.654835
14.0022 1.31031
24.3866 -1.11387
75.0664 4.29142
70.2872 0.490048
92.0428 -4.23362
22.315 0.532417
71.1291 -1.95482
0.39278 0.684186
75.2681 1.69306
67.1331 2.00665
55.65 -3.91379
22.5873 -1.041
67.9323 -3.01699
55.6138 -1.50163
93.2157 0.0983313
11.1227 -1.59763
55.3667 2.47222
31.2385 -4.56751
49.4355 -2.70499
69.9526 2.66378
93.5393 -0.164228
0.0355241 0.471323
21.0446 1.18765
88.5235 4.87498
77.8418 1.93359
29.7723 1.03557
30.7001 -3.8733
90.5262 0.537164
87.5631 -1.76318
73.8393 -1.27562
4.17226 -1.87354
98.1625 0.319219
79.1169 0.485073
59.7529 -0.317068
49.6794 2.69003
84.7272 -0.153113
80.6401 -2.3723
29.3175 2.16647
68.1922 -1.52976
87.3667 -0.524835
99.5554 2.90217
46.5638 -0.939617
55.9833 -2.90712
3.98586 -2.47492
98.4752 -0.11637
20.485 3.78388
19.0083 3.47623
92.6637 -2.02382
54.77 -2.26961
89.2155 5.15868
33.3403 -3.23387
83.1296 2.4055
46.1705 -0.933
84.0372 -1.07348
49.9392 1.01346
43.7881 -1.98129
99.8877 3.53361
10.7649 -0.213908
46.2946 1.67558
36.2668 6.50949
71.7185 -4.1051
33.489 3.60349
80.019 -3.36467
94.9419 5.69289
74.039 4.21146
93.6483 -0.404824
32.3269 3.75661
4.58663 -0.509891
99.924 -4.3637
19.536 1.66932
39.7303 3.12192
26.9454 -2.84797
36.2088 -5.90855
38.8989 4.00051
24.4889 -1.21022
17.8894 0.181684
69.9225 3.63486
39.806 -5.63263
16.3508 -1.2855
92.7858 -2.5808
44.4735 2.47968
28.1573 -1.23758
27.527 1.60269
0.995424 1.01234
54.4882 -3.28473
62.6219 1.81865
72.4437 -3.59538
45.9339 -5.25905
97.7973 -3.72367
26.3333 2.46816
46.9865 5.19943
46.2747 0.33916
48.7059 -2.2248
27.152 -6.29113
78.4957 1.48812
89.9189 -1.44375
97.5195 -1.15194
60.1768 -1.65151
81.5957 -3.11215
43.6086 2.87617
88.3862 1.11723
72.7478 2.2401
12.2435 -3.70333
76.2496 -1.75213
28.5015 3.36495
59.193 -1.80451
43.5648 -6.21841
2.2532 2.02748
21.3474 3.95978
27.8468 -0.983804
79.1752 2.43584
21.4844 2.8759
66.8961 -0.255726
45.4767 -6.19085
82.5565 4.59581
3.09087 -2.48778
65.2922 4.72196
99.1956 -1.77912
68.8119 -1.01335
83.1432 2.99505
84.2284 -2.4841
37.7733 4.03521
11.7869 -1.25642
6.667 -1.94965
15.1579 3.40327
26.1406 5.88892
93.1175 2.05931
92.8625 -0.514996
48.8612 -2.68479
59.233 2.86563
53.7488 1.403
43.3462 4.38377
73.9561 1.70617
34.412 2.77355
24.6876 4.54698
28.8807 6.41059
21.1483 -2.8071
37.7091 5.25531
75.3137 -1.9705
53.2553 0.471093
92.3441 1.38558
90.9162 -1.60816
81.2358 -4.11555
45.8889 1.77878
13.5621 2.68446
34.1985 2.21513
61.4959 -1.16502
72.32 -0.266806
27.7887 -3.24135
76.1106 -1.3533
55.3051 0.310069
87.1129 2.47395
45.5919 -4.20244
13.4601 2.77548
47.3117 1.4444
66.3408 3.63324
37.5731 4.16052
41.0047 -2.37927
10.219 2.21003
91.3495 1.22807
15.0566 -2.46722
13.0104 2.88823
99.2792 0.481864
92.3521 2.58066
33.6672 -0.19393
67.7066 -0.888483
90.0257 3.28007
34.2972 -5.1767
60.9281 -0.0493191
74.3132 0.216154
76.0537 -3.44297
82.5853 3.26006
89.6249 0.050704
26.4095 -0.113008
51.6668 0.916002
6.93094 3.91758
86.844 -1.36717
34.2357 4.92527
84.964 2.18966
27.0351 3.20419
46.9001 -2.20727
83.3285 4.25672
58.5162 0.135229
96.0423 3.25488
65.6561 2.07171
91.3275 -0.9311
77.4515 -2.68794
12.4124 0.377555
6.97425 -2.26095
59.7927 -2.22099
46.7403 4.18019
50.5135 -2.16475
36.5262 -5.83482
61.199 1.66966
89.1439 -3.22061
44.5002 -5.24062
10.5304 -1.73694
52.4286 -0.436976
84.285 3.0412
36.3755 2.09936
21.1718 -1.80442
98.5491 6.41611
72.849 4.97586
93.6857 -0.371766
26.5022 4.72004
11.4067 0.423094
81.1564 5.29148
21.454 0.04062
77.8255 -4.44972
6.4746 -1.17812
93.7786 -0.240752
43.7906 5.79935
31.9057 0.503076
3.19449 -2.95472
0.205207 -3.29894
23.9231 -1.00394
89.5837 -0.249679
27.2364 0.92039
14.8054 -0.636289
20.1263 -0.23552
66.7887 3.6634
16.507 5.32707
