18.1605 -3.07912
59.24 4.68955
21.6443 -2.89439
62.6915 -1.53423
75.6905 3.69818
26.674 -3.09016
39.5301 -0.368031
17.4399 -3.67513
8.24672 4.01225
0.472327 3.855
35.4452 4.5287
96.637 2.11495
12.9636 1.58717
85.8362 -1.05803
34.4618 -2.70825
47.8199 2.76666
26.3808 -5.77144
36.6652 -0.606192
15.2658 2.19545
82.4784 2.19509
60.2532 -0.766218
28.8352 1.91486
91.2963 3.85807
13.739 -3.62534
69.9748 0.140598
36.6117 2.32556
94.1927 6.82544
81.8499 -1.98468
83.7891 2.55614
91.4335 1.28293
49.9611 -5.59793
43.2478 6.34494
5.36261 -2.00649
16.3909 3.76385
56.6078 2.99871
88.7513 2.13345
97.24 6.08117
4.9897 4.5573
32.5353 1.25861
24.6425 1.63565
36.2482 2.68644
25.7661 4.21638
20.0078 -5.02271
81.0353 -0.0934516
16.9709 2.65961
18.0655 0.0313226
87.8179 -2.36573
39.4116 -1.43055
38.6204 -2.57319
88.1551 1.34665
23.073 -1.20664
22.4248 3.3203
32.7239 2.00799
63.0237 3.77213
93.196 -6.63793
66.6957 -2.32334
15.8285 -0.818869
11.5862 -1.53978
48.9634 0.389545
90.1118 -4.74997
46.7976 -1.68694
81.6901 2.20681
64.1038 1.04213
28.5634 -1.10987
20.9616 -3.60148
72.6532 -0.874529
17.4191 -4.55049
25.3617 4.35803
67.2107 -4.55491
46.8766 -1.57278
4.95687 4.4854
31.0093 -1.8842
72.1336 -0.77285
29.4624 1.94649
72.7916 -5.68145
63.9973 3.87335
5.48056 3.51897
38.4466 0.818591
77.8318 -1.3899
99.3615 2.94958
67.4245 0.801402
37.7203 -1.27346
50.7372 7.36513
43.1238 5.20563
24.7009 0.146326
59.5801 4.54405
10.6 4.03338
59.2166 3.60758
9.70083 1.91042
92.1888 4.12749
27.7859 5.19153
24.705 1.40581
11.1436 -4.14524
37.1019 -0.607424
76.5982 1.35417
60.4683 -0.679686
24.5157 3.75468
72.3045 -0.0379626
52.0394 2.47475
23.2918 -2.95245
92.2747 -5.42014
52.8396 -5.53717
0.230579 3.35836
66.0842 -5.55492
19.6566 -0.0502859
37.5112 0.743918
70.4573 -2.95207
90.0762 1.10811
67.2122 -0.803482
84.1791 3.96796
26.7248 -1.16723
87.0458 -3.55166
45.5688 -0.360899
88.7684 -3.96908
8.52417 -1.71921
56.5861 0.720188
89.7455 -5.98556
47.9093 -5.34757
16.6684 -1.46655
49.5462 2.23395
99.5113 2.01366
3.23791 4.63564
88.1092 2.44307
0.549888 0.94626
95.1368 -3.16758
85.7889 -1.3701
51.1206 0.551488
25.1514 2.8536
64.5944 2.13563
68.121 -3.66286
26.8865 -0.251059
10.07 -5.05131
19.3675 -3.04223
13.3835 4.24179
45.5983 0.556821
18.7904 -2.11265
15.4748 -5.95895
9.42552 -3.16433
55.1111 1.20995
19.6359 -4.89737
53.7939 -4.38814
6.9842 1.0071
19.0357 -5.53832
9.72383 -3.02336
48.579 3.09189
19.5508 -4.57718
25.86 3.80188
3.51883 -2.31997
60.0736 2.78568
63.754 1.99079
15.3285 -4.89273
36.184 0.010633
31.5512 -0.13351
66.4891 2.46253
99.3589 -4.17072
43.3506 -5.34541
40.613 2.86319
63.9439 2.6803
50.3543 -4.4041
99.7474 -6.16959
52.6613 -3.44648
63.0532 -0.000962642
29.8416 -0.147501
49.9757 3.88131
16.8384 -1.68065
12.9932 -0.653181
67.8728 2.08806
96.3904 4.34415
63.3997 2.01384
63.8975 3.02346
8.21753 -2.72939
90.4029 2.50905
73.8518 3.17937
12.2373 5.47136
70.3939 -2.06784
97.5988 4.98598
69.5995 0.308229
77.933 -4.80566
24.1558 -2.94063
99.1525 4.10244
1.77552 4.77727
78.6309 -4.22451
32.7177 -3.71674
43.2624 -0.290116
58.7402 -6.39191
68.3626 -3.65634
48.0438 -3.60457
93.2311 -4.76235
57.8654 -3.89335
41.2301 3.98546
79.2908 3.31048
49.623 1.11979
31.1611 -3.00501
31.1121 -1.88237
42.4553 -0.0998255
9.57832 1.48696
47.0742 -0.412981
47.0724 3.76033
20.3229 -2.62316
98.5763 5.74474
30.14 -2.55791
18.3004 -0.862964
3.40415 3.08068
96.6788 -4.64524
40.024 -3.27682
39.2392 -1.67823
53.2774 1.30606
23.6551 3.40512
99.2352 2.28768
4.91621 3.86748
51.3107 2.8975
58.2361 0.899249
82.5784 -3.14392
4.96968 -3.22486
46.507 -0.597153
56.75 -0.926886
70.7629 6.14817
0.0118629 5.98316
66.8981 2.2998
88.7216 1.44395
56.9204 2.70389
89.5735 1.41608
93.9242 2.13119
79.5052 -1.67754
84.1318 -0.372732
88.0461 0.0732216
84.008 -1.89159
80.1752 -1.94735
49.9152 1.79443
56.0882 -4.03709
85.8261 -2.99588
6.97933 3.93961
80.5669 2.65077
82.2709 -2.28212
58.6732 -0.557214
30.9879 -1.73333
63.4215 0.25051
0.870177 -2.60649
16.4734 2.76755
98.0246 -6.53
34.7847 0.46425
62.858 -5.08888
80.7007 -1.02454
52.0869 5.14182
86.9281 -2.72367
98.2744 4.32026
8.67861 4.74721
55.5938 2.47918
71.2064 0.112909
29.0495 -4.43367
75.7149 0.66849
20.037 3.41547
51.3989 -0.773831
66.0451 0.129261
72.8175 -2.59095
83.3581 -2.53771
38.451 -2.45164
94.3488 3.61347
91.9354 3.32692
59.936 -0.40483
15.0026 5.27608
97.9777 -1.41002
72.2014 1.00868
48.8054 1.24347
64.5754 3.80247
37.0737 -3.24295
49.6203 -0.410032
89.4079 -3.22749
66.3013 -3.15426
25.2311 2.34956
29.9695 -0.215738
86.741 1.31421
88.1741 -2.103
97.0525 -4.90697
66.784 4.33089
40.0151 1.83363
34.4151 -1.89153
57.8579 -6.45854
42.8555 0.934352
56.3491 -2.32034
77.2011 -3.00622
47.5529 -0.515011
42.5535 3.90039
45.0038 -1.29461
15.6774 -0.887676
71.5332 -1.84751
32.1078 -1.77508
5.35031 2.01495
46.5968 -4.75765
13.8397 4.29042
15.2335 3.91253
2.86895 -4.84862
41.3758 -0.962337
97.7483 -4.20719
37.4506 1.07524
85.7179 -3.76266
28.9708 4.33192
35.2649 2.33568
36.0454 -0.429997
92.7837 4.68649
77.7103 -1.34321
35.2816 2.82748
63.6623 -2.86164
53.2639 3.6164
43.2157 -3.86894
6.29003 -4.20115
15.9945 -2.95348
92.9642 6.4842
58.0218 5.0366
41.4767 3.45229
20.3615 -6.85376
56.2621 -4.62699
56.2042 -2.90482
36.1776 0.347257
67.3451 -0.804051
77.7522 -2.99162
3.07942 -8.57278
9.82722 -2.43499
92.1295 4.55369
5.94457 -5.05179
59.0451 2.44349
35.1761 -0.0900306
8.69767 -1.14404
96.7806 5.20785
33.1766 1.13312
6.90092 4.79844
84.0641 -5.74234
99.5154 2.02816
27.362 3.16389
0.449013 4.27708
79.786 -1.85532
53.2762 -1.95602
68.8598 3.46276
4.15953 2.49165
95.7136 4.36429
81.2231 -3.8404
47.1095 -3.07547
95.8861 3.71415
23.5262 0.534526
99.4409 -6.31728
71.9782 2.48212
19.32 -2.72243
51.8605 -1.85174
13.3677 1.26094
46.1087 0.715534
33.2801 -0.275191
41.5752 -1.89293
49.547 2.94218
84.1957 -2.17333
2.42626 -3.48567
3.25626 -4.53185
57.6959 -1.08186
25.0101 2.93195
62.0765 1.23371
85.9493 1.20225
23.9764 -2.47344
83.6485 1.81903
60.1633 -0.451133
71.3214 5.06252
59.7766 2.50767
55.8963 -2.27858
23.3323 -0.425153
55.1502 -1.83928
58.8047 1.74217
87.6675 3.37647
50.0652 3.54612
25.1617 -3.70091
78.9646 -0.389147
69.0922 -3.90079
8.11497 0.345701
41.9443 -2.43713
78.851 3.9837
81.3964 -2.48575
6.82903 6.02618
41.019 -0.650605
20.3772 -5.35256
25.8842 0.378437
36.2623 -1.95394
61.9601 5.57009
1.80711 4.42775
44.2643 2.26786
80.5509 2.95707
7.05435 -3.05538
16.5836 0.660472
1.17633 -5.03752
74.0152 -2.35221
20.1522 0.590005
36.3416 -0.386603
78.9474 -1.74672
25.303 -4.1479
81.8537 -2.88068
87.8426 -2.0122
97.656 -3.78447
79.9512 -0.334428
54.905 2.35129
69.7548 -2.095
15.2254 -2.11478
16.5591 -5.05801
58.9678 0.982886
11.4009 -2.98626
17.6957 -0.173515
12.6489 4.37691
61.0381 0.0303864
64.9889 2.99105
49.6071 -0.255553
59.9058 1.0949
90.0582 3.14844
74.5103 -2.85261
51.6932 -0.752451
30.1035 -0.498016
8.46375 2.07831
98.6136 -5.35684
10.2868 -1.92694
43.3984 5.63579
87.0266 -3.20407
34.2097 3.35051
15.1557 -2.95044
30.1192 1.43876
74.5433 0.295746
27.5239 -0.510158
71.581 2.749
66.217 -3.92879
67.2094 1.489
92.3722 3.43783
7.8919 -1.92608
70.0993 1.84477
9.92517 3.42965
73.6759 -3.20092
83.4624 3.4689
87.9337 0.143666
80.3758 -2.42781
36.0428 -0.741755
5.69954 5.87644
20.0645 4.61289
46.5973 4.17494
80.1884 -0.595795
87.0105 4.59408
21.33 2.99636
24.8137 -4.68359
80.8354 2.66611
47.2363 -2.71786
21.3621 -4.29623
24.493 -1.26568
62.2816 2.6084
79.4477 -2.13099
19.0741 -5.50492
13.1188 -2.73515
99.3867 -3.94688
68.6466 0.407563
83.6492 1.76947
85.1192 0.996712
93.7865 1.04294
80.5695 1.95391
19.307 0.621593
6.24611 -2.42155
93.1684 3.69889
4.59703 1.67366
35.2321 -0.849908
60.5758 -0.840877
54.9874 1.07504
90.0712 -4.15066
72.3854 5.86649
13.7965 -2.77753
14.0104 -5.27143
73.9404 4.09989
45.8878 -1.13184
84.8727 3.12273
46.5168 1.8884
44.6428 3.07446
13.5845 -1.13959
23.7799 1.26946
52.9954 -4.79208
10.9266 -0.16333
29.406 -4.51196
46.8973 0.0700176
91.1918 -3.56709
76.803 3.66962
44.7405 5.15899
50.8328 1.47358
16.9376 1.2427
14.6851 -0.40906
41.9707 4.80867
93.9401 -2.8588
81.862 -2.51319
32.2084 -2.29638
54.7138 -1.11273
11.9835 3.87911
41.0746 -2.95958
64.1474 1.78485
93.243 -4.79908
57.9356 3.14058
15.4568 2.91765
45.3912 -3.30867
2.61409 -3.05782
34.4017 1.20612
67.1506 -3.31615
70.7024 2.79876
38.1487 -1.78966
41.8001 -1.16252
11.3024 1.71099
96.2468 -4.14373
10.227 -1.2656
82.1404 3.87651
70.4225 -1.87281
12.8153 -2.86076
52.7931 -1.52094
78.0777 -4.33868
33.3027 1.03521
92.0251 -3.55824
43.343 2.80925
99.0462 0.219049
28.9633 -0.189228
31.022 -2.39965
59.2582 -3.9032
6.4807 4.81322
25.2096 4.43311
43.6471 2.66532
50.4941 -3.03382
90.7252 -0.450903
3.29835 3.46275
71.1217 -1.28622
96.5533 -4.19839
44.3369 -3.96972
53.8746 2.88145
32.8767 -2.71002
34.6807 4.13457
28.664 0.595092
46.0008 -0.10901
70.3596 0.502466
30.2914 -3.48494
33.6338 1.33264
85.5353 -1.65519
25.6671 -3.78348
26.4574 1.69535
75.4567 -3.14715
64.9831 0.926709
92.3788 -4.15874
82.6823 1.10594
72.9033 -4.05459
81.5551 0.141611
20.1639 2.93576
42.6464 0.16811
49.9365 3.78865
7.93157 -2.88834
58.0436 1.67984
8.9929 -4.53364
28.1518 3.15923
48.5151 2.01048
18.085 -1.46597
78.9202 0.291877
54.9517 1.99266
79.626 1.12411
17.865 -4.09085
88.7135 -2.22836
26.1379 -1.16634
37.6763 1.0385
25.889 2.45632
37.3955 -0.609944
27.6199 2.17762
80.8267 2.18969
37.2177 1.31603
75.7078 4.29908
67.6445 1.85892
22.2119 -5.26649
39.8953 1.07712
16.071 -4.54408
81.3075 2.56522
55.7915 3.80479
37.5632 0.799787
17.487 -7.18704
44.7447 -3.34834
82.1896 0.679058
37.77 -1.51715
56.1457 -1.65386
13.8158 2.92974
0.0730454 2.12245
31.5811 -1.25077
62.0955 -2.78839
29.7775 -5.45717
37.0531 -1.48505
76.8644 -0.271194
29.7659 -0.891808
7.31764 2.62971
7.80075 2.56027
52.3248 1.20369
31.5431 -3.59211
68.6779 -3.50108
53.9406 0.140896
38.4701 4.62057
5.10464 3.66536
55.6309 2.5492
52.2573 -0.697891
45.7828 -1.53099
82.6118 -1.88111
36.6885 -0.216411
99.7482 -5.21121
76.4105 1.19783
38.2493 -1.92819
9.42205 3.82199
96.2483 -3.8283
30.8235 -3.66478
34.4295 1.64011
59.7975 -1.43419
66.0471 2.71642
97.8991 -5.35635
82.7017 -4.17257
32.3455 4.16982
87.8609 2.48036
21.7176 -0.0702271
15.5814 4.96164
21.0119 -0.977605
25.6637 0.0635089
37.1156 -0.72122
49.6051 4.76338
6.80602 -5.2638
14.2282 -3.01281
19.3771 4.00062
24.1909 3.27309
2.22265 3.88602
52.9018 -0.999646
34.409 0.968089
29.8295 0.98928
71.5347 2.96522
25.2498 0.639545
3.88163 2.68854
38.1919 -0.602237
30.5331 -3.22645
21.2065 2.29417
10.7838 -4.09553
62.0815 1.52949
40.6466 -1.04601
55.8042 3.03259
97.8246 -1.2742
4.09691 -3.43944
8.05965 5.27567
26.6459 -5.40717
3.38645 5.28677
89.3692 4.38699
40.2023 -4.03211
96.0717 -5.41666
65.6219 0.538316
69.836 4.60238
0.794324 3.79802
11.4925 2.89003
61.6778 0.100166
6.94188 -4.23454
40.2087 3.15436
88.1072 4.00105
35.6442 4.49107
72.5343 3.00134
39.0555 0.486902
6.82452 0.81156
78.3884 -3.27569
44.5121 2.43347
8.60405 4.51908
9.79758 5.25212
45.7724 2.24041
2.7549 -6.69783
79.3061 -2.75173
92.0681 -4.149
12.2062 2.99465
25.5617 0.698579
32.6112 1.26114
49.1165 -4.20732
76.3114 -2.07142
73.9918 0.881058
97.7734 5.07769
56.2653 5.02463
42.15 -2.01812
35.1227 1.19196
30.8833 0.245798
43.9586 -1.5215
11.7495 -4.40943
59.6532 -2.35454
95.625 -2.37878
33.7254 0.995786
81.6314 5.58001
59.435 -2.18043
91.1231 -4.22754
92.4822 -0.128397
25.7364 3.00122
18.4777 3.29762
91.779 5.48862
77.8366 4.1885
10.2379 -5.32218
71.5153 -0.742629
71.6969 3.44354
60.438 2.92589
73.9397 -3.47971
23.4597 0.382482
74.4986 -2.75796
66.887 0.0110414
56.8927 -3.53235
17.1214 2.80045
67.1701 -3.41358
27.5407 2.68911
17.1076 0.682159
31.8283 1.21381
82.094 -0.464922
30.7705 0.101284
6.196 -2.6171
95.1668 -6.07855
92.8946 -3.37202
68.7841 1.969
96.5728 4.01318
45.2349 4.30573
44.4256 0.904979
98.1875 5.14239
66.8712 2.69968
75.1398 -6.84341
55.893 4.27199
6.26449 4.49726
81.1306 -2.30932
30.5747 0.748164
3.54109 3.68545
26.8998 -1.59061
94.2869 4.63666
31.6715 -0.900229
34.6546 4.70296
75.237 -3.35325
63.7752 2.786
51.6335 5.66152
76.6455 2.067
51.8712 -2.60972
71.7853 -2.5158
62.3663 1.39319
68.2631 4.28191
50.8949 -0.679916
77.5174 -0.897776
72.0918 -2.6452
38.79 2.53862
59.8712 3.06409
35.1824 -1.34216
96.0484 -4.38884
19.0305 2.06833
30.8612 -0.543728
10.6685 4.36298
32.2752 -1.59455
79.2882 2.87353
77.5882 3.34945
75.634 2.63703
8.60099 -2.24008
72.0573 -0.670015
66.5582 0.633588
75.7136 2.75965
19.1342 -2.68144
61.3994 3.80521
41.1457 -2.95156
74.6657 -3.39073
87.3244 -3.50149
55.6102 4.70751
71.5999 3.32258
74.1839 5.39755
46.4799 0.0508667
17.5731 2.1317
1.47639 6.50625
78.0216 1.74925
98.9436 -4.64172
46.173 2.31372
46.5084 -2.70647
31.8315 -4.10654
13.5895 0.389648
75.7528 2.16901
95.9127 4.25262
53.9215 -0.0430993
63.4208 -2.13816
38.1043 -0.829741
15.585 1.13296
3.51167 3.38667
85.7453 0.218374
47.4734 -3.89073
13.5735 -0.600556
39.317 -4.81799
47.3417 -0.354532
46.6051 2.62615
55.9183 0.619543
90.5326 1.33991
17.7931 -0.769436
79.5833 -1.29268
60.9659 -3.13056
98.8678 4.297
82.0666 3.82248
88.2741 0.765177
29.7899 -0.196226
88.0475 0.992843
42.8058 2.25468
32.5672 3.26776
93.3244 3.29955
57.3745 -5.02417
41.2992 -2.40931
88.8339 1.18961
45.9123 -0.701402
28.7807 -1.22617
26.5302 5.14902
77.4813 2.32409
57.7658 0.565766
96.5713 3.0897
18.4284 3.29723
76.9566 -1.10228
16.8977 1.22292
55.9387 4.03822
85.6276 3.49164
53.6434 3.65556
27.1959 -1.90684
85.5578 -3.84131
88.6816 1.06083
21.8619 -2.10748
33.9442 -0.358046
77.1659 2.59991
88.7087 -4.38249
87.5521 1.92079
53.2336 2.53631
27.9942 2.24418
71.7595 -1.17223
50.8479 -4.43361
86.874 -0.272765
38.8971 -0.349846
57.1063 -0.290442
62.488 3.53874
86.1427 -1.04203
59.8291 -2.18754
90.5574 -4.60438
64.3113 1.83888
77.6195 -0.476677
72.4484 -4.31238
97.3639 5.38044
62.1679 -0.639452
68.9554 3.09125
26.2163 1.11383
86.8292 2.04603
5.63778 -4.51117
21.5183 5.25307
12.7389 5.00646
94.723 -2.2677
70.816 2.65344
96.4188 -6.32538
92.8054 -4.94566
35.9681 3.53709
10.1894 -1.53048
86.4114 5.04661
39.017 -4.49518
67.4403 1.10517
69.1999 2.10253
79.6315 -0.787965
92.459 3.5593
15.9205 3.51571
70.5992 -0.335773
78.9643 0.699359
87.7502 -1.11758
6.12218 4.48416
88.1476 -1.90498
79.5865 1.8033
19.2124 -1.32896
73.1657 0.0861336
90.936 -7.04309
85.3174 5.25859
59.6102 -1.80112
55.0496 -8.33179
2.03651 -5.78465
77.9812 0.949291
23.9032 -1.2358
32.5162 -2.06615
42.4655 -2.90957
11.9371 -5.60509
48.8809 3.22507
35.733 -3.7812
42.2457 -3.5994
53.581 1.72255
14.2585 5.1315
86.0806 3.38819
1.41306 -1.87561
69.2197 -3.95558
95.171 -4.29521
68.1629 1.36821
10.1667 3.94527
7.64474 4.07587
8.74535 -1.45208
51.3748 4.55377
87.7943 3.51674
28.7825 3.0274
49.6516 0.464589
83.0712 -1.76111
44.3451 -1.28847
76.1545 2.63102
75.1993 -5.80332
98.472 4.86918
7.65129 5.23491
1.85198 0.487946
61.027 1.52162
72.1693 -3.18078
20.2084 1.92496
5.72196 3.71325
93.3321 4.1334
92.7819 -4.89787
2.16598 3.75485
60.2298 -5.19684
57.3877 0.653212
13.467 3.05126
20.6374 0.839419
8.78208 3.78421
77.2528 -2.20361
64.4388 -2.71382
88.5036 5.9292
30.7356 2.0617
73.5829 3.66077
59.8086 1.01217
82.2313 -3.16833
37.295 1.24711
69.7212 0.734147
8.29239 -3.19988
99.3036 -6.37882
47.1644 -2.0319
89.547 -1.54993
19.1269 5.10455
88.3487 -4.45799
67.6507 5.01346
87.4063 -1.7783
63.1937 4.18207
62.0535 1.3806
62.7152 -3.58831
91.7121 -4.45007
23.9169 1.63931
89.4747 2.056
94.112 1.26725
32.2519 0.852778
42.4168 -0.930652
8.74436 -4.58523
50.6344 -2.03833
45.0352 1.37555
86.6872 -2.60959
69.8793 -3.20934
65.5414 0.341182
22.0798 0.550434
82.9826 3.2675
60.4729 1.28348
5.39011 3.38565
57.7354 5.19586
98.4178 -2.93002
23.1079 -1.73228
78.7244 2.47465
73.4968 -0.845612
45.7834 5.89413
9.39511 0.877725
65.0825 1.5381
23.9395 -1.26003
61.2728 -4.36117
95.5461 -6.69543
39.1355 -0.436135
38.7986 1.17385
42.9087 3.80415
82.5129 -1.53651
16.1336 -0.553957
99.4417 -5.44271
89.8818 2.6113
78.2631 -1.46831
77.8854 3.04802
36.7247 5.63838
71.4317 3.3562
32.9112 -0.155582
37.9306 2.45247
48.5016 -3.19888
88.4832 -4.40629
64.1897 2.43935
6.00728 -5.87979
27.9078 2.63025
12.7855 -2.73242
46.2186 -3.64025
63.898 3.00392
75.53 5.26102
45.9937 -3.6294
21.4779 -2.66849
0.0867763 -3.84751
70.7862 -5.00681
79.2729 1.85669
97.6045 -5.70354
68.2922 2.94541
6.02102 -3.47069
67.2614 -3.21097
53.4112 0.167147
91.138 4.47545
25.5187 0.528513
53.4985 3.94958
16.4512 -0.527603
96.0224 5.57512
36.5459 6.51151
57.5883 -3.55705
68.1322 4.42893
29.3382 0.309768
54.0706 -0.428888
68.8272 2.67237
62.6643 -0.412408
85.7297 1.85026
15.4974 3.21417
13.0326 4.41094
58.0846 1.90761
74.5632 2.21356
35.8748 4.1831
11.9735 -3.40523
60.9798 -3.35469
50.5026 5.57854
