81.7936 0.836276
8.96038 -2.8246
18.107 0.357356
32.8265 -2.04774
84.881 -3.63816
12.6839 0.944577
91.9011 2.56214
45.6134 -1.94792
34.652 -1.03115
6.79029 -7.17384
7.01458 -1.96055
57.3674 -3.04471
48.7139 0.92717
26.1269 1.08269
44.1051 3.96733
93.2595 1.02461
47.0344 5.06863
20.1596 0.229221
7.59608 0.680927
70.529 -3.25438
90.8555 -3.14568
38.7251 -3.7016
97.2531 -1.1135
59.5478 -3.48464
57.497 5.21008
61.3169 -1.16102
5.45115 -1.38981
50.5542 2.8205
36.0522 -1.03977
14.6894 -0.098919
23.3304 1.73707
95.1283 -0.507125
14.7687 -3.79972
38.7011 -2.90107
7.27098 0.430018
31.4725 2.12081
66.8965 -5.99925
77.3583 -0.620386
87.5757 -1.24657
53.6686 3.19448
23.9183 0.293258
90.9593 0.23828
41.9273 4.2466
8.18098 -3.27227
8.71358 1.10338
52.4795 3.72883
77.5097 -4.06572
12.5652 -1.09629
18.1112 2.11993
94.1797 -2.12454
38.6715 -3.01272
4.92975 0.782987
21.0362 -0.0806422
52.3501 1.9805
84.951 4.7189
98.4696 -0.346682
79.8757 -4.88495
73.423 -1.09899
67.2124 3.73981
40.6098 -3.59278
97.5773 3.09246
55.1012 -4.82508
32.5981 2.30082
4.2318 1.73861
30.1995 -4.50089
65.9016 -0.337435
82.8555 0.969255
28.2987 3.47923
36.0502 3.77582
51.5378 0.0533356
93.0142 -0.903963
57.2311 5.92914
16.2102 -2.88252
79.9218 -2.42609
86.501 2.62316
52.4675 -2.88483
68.8019 6.099
49.3548 -3.56725
95.4418 -1.61731
73.736 -1.72572
52.6685 -3.49942
22.4071 -4.83563
66.6216 6.05416
10.28 1.56676
76.4342 3.52787
91.1724 -2.51722
18.0298 -6.16871
44.3407 3.71468
81.2823 -2.76806
47.4441 3.97042
52.2512 -4.47591
89.5943 3.82494
15.2939 -2.09111
23.8095 -2.13434
79.2263 4.41106
94.6391 2.58268
62.3006 -3.83857
87.5014 0.245155
69.3609 1.93753
59.581 -5.68327
99.837 -1.41932
23.8303 3.82708
23.3594 -1.67233
66.2828 -6.36523
73.9539 -5.51634
56.0598 -2.4723
28.1423 0.331527
13.7414 1.38128
4.71693 6.05744
22.8855 -4.64614
1.28909 0.378022
56.0732 -3.55414
61.2405 -3.09346
31.5276 1.50169
30.6677 2.32297
57.3111 5.22786
28.9092 2.64185
37.3228 -1.92718
27.1851 -1.86197
77.5028 -0.222212
87.6615 0.609081
98.0185 1.70775
20.1343 -2.59291
79.8885 0.559687
56.3831 -2.68451
50.1763 3.03935
71.658 -4.86171
20.6927 -3.09469
53.4587 -4.60481
46.619 -2.34738
43.9183 -3.39527
79.884 1.89958
22.8241 1.54697
99.2579 0.685218
21.5772 3.56832
83.2126 5.67439
61.5983 1.27865
54.9057 6.31826
19.7834 -8.36689
91.6798 2.49844
84.5256 -2.87916
42.3382 2.92182
99.6306 -1.45556
0.605704 -0.655931
98.5119 1.53133
33.6949 -1.69065
82.7509 -1.64118
52.2806 -2.61564
20.8808 1.45673
9.18643 -3.83689
27.5382 -4.08024
40.6392 1.53864
29.663 -2.26329
32.7438 0.691723
89.4024 3.27282
23.6266 1.82861
49.9468 -1.4074
86.0599 -0.871941
46.0087 0.479976
68.5952 7.15428
58.762 -1.04288
74.846 -4.13438
54.8406 -3.44006
16.4853 -3.45103
60.5594 -0.0584605
25.9652 -2.60766
63.8685 -2.20277
67.6061 -2.12653
33.7165 1.19474
60.581 -3.3798
17.6282 0.10134
3.87304 -3.79458
94.3713 -4.40343
43.499 3.59506
86.131 0.920842
34.2285 -2.5719
48.8895 0.891543
23.9886 2.83949
30.442 2.54595
7.78557 -3.03624
10.1272 -3.92431
69.4937 2.14179
94.2442 -0.729772
52.1085 2.86753
29.6914 2.79447
0.00292861 -2.95378
75.8517 2.227
33.7515 -0.489888
4.95556 -3.94912
57.8218 5.26996
58.92 6.72766
24.2842 -4.00964
65.316 -4.55008
86.5804 -2.64527
3.60157 0.230782
14.7666 0.0245903
90.6596 0.737588
61.5365 2.85588
72.2108 -4.97832
29.699 -0.692916
0.413164 -2.70415
19.3151 -4.50594
64.8159 -1.20209
58.7346 -2.5703
75.5156 -3.6474
13.2729 -1.43118
20.0209 -0.0335279
93.3865 2.47462
4.88188 3.30609
84.1366 2.60149
70.3444 -0.654297
54.8815 1.4139
61.5341 4.16092
17.2152 -5.25015
28.8179 -4.4476
40.7788 4.2646
76.6764 -3.9786
78.4212 -5.37403
99.2561 -5.69987
0.718534 -3.7548
87.4614 -2.02215
72.318 5.18214
64.5162 -3.14803
57.9464 -3.43889
14.3719 -5.18287
32.8616 3.29869
13.2785 -3.19901
67.9291 -4.20404
63.3224 -1.96982
88.452 5.02933
19.6463 -2.29659
53.8387 2.32878
70.986 -4.11001
88.5598 2.38587
75.4791 -1.47473
39.7703 -0.399737
89.7782 4.11403
76.8472 0.655112
40.932 1.05914
17.5002 -4.63146
30.0717 -2.24371
42.5641 3.39297
68.9019 -2.29459
74.4998 0.3845
31.9623 1.51476
91.6935 0.891381
84.2849 0.418734
3.0547 -1.93134
46.5477 -2.86554
81.468 -6.64482
13.1772 0.871602
77.4386 3.52208
85.0545 -2.12199
16.4175 -2.74889
40.1009 -2.85808
35.122 -1.04783
60.2786 -1.14577
7.28167 -5.80103
47.3836 -2.27694
35.1628 -0.742541
67.6123 4.22135
89.4826 -3.89222
40.876 1.61327
87.5674 -2.00435
38.9595 2.07598
46.7638 0.572238
86.0068 -2.24415
15.295 -3.09735
26.7447 -2.01016
17.9187 0.813368
51.9843 4.33331
89.1892 2.32958
77.5617 2.15297
98.6238 -4.46632
21.8664 -2.04167
70.1741 -0.351159
9.02093 -0.82715
66.7291 5.30721
76.4447 -1.26188
68.4031 -2.47241
92.8524 -7.59213
95.0771 -0.850023
65.5019 6.2589
72.6443 5.44671
23.7828 -3.13249
33.646 0.0805927
14.5294 -1.61176
48.2259 -0.0974394
1.57021 1.46538
6.73869 -0.731127
39.036 -3.4812
32.9283 4.55018
41.3091 -3.21062
6.66726 -0.886756
12.0507 3.25907
30.6954 -1.93501
50.916 1.41068
86.4698 5.05434
6.17839 -4.26118
93.6338 2.25699
49.9086 1.41087
89.2242 3.48276
9.24016 -4.30697
50.007 -0.226384
1.87376 -0.0662141
79.8493 -4.01804
65.6463 2.07
28.7843 -1.30938
87.0983 3.96924
27.0837 2.16516
56.899 -3.15681
52.8161 4.86798
66.0952 -1.13066
48.3377 4.49358
15.1747 2.30681
66.5457 -4.85547
89.6303 -2.47712
77.0805 -0.931986
28.9974 0.285448
96.5727 -3.06476
83.1889 -5.2374
7.57756 -1.77351
59.4811 1.13135
2.82108 -5.00057
92.8684 0.933704
86.8366 -2.20198
16.5387 1.41527
17.0215 -4.12016
16.4798 -1.47503
36.3286 2.56031
62.1878 4.47414
13.0834 -1.07216
81.7855 5.81161
24.1294 -0.911597
52.1028 0.022447
23.9121 4.28916
76.55 -1.52005
98.7418 0.194645
45.747 4.70209
67.1601 0.367369
1.16832 -5.69856
52.7133 -0.362678
30.4219 -0.392393
48.4644 2.88125
8.7668 1.92036
79.0026 -2.47558
17.7622 -2.39727
10.0844 3.15543
7.65822 0.282599
64.6085 -3.03379
89.5212 -1.64962
8.37948 -2.44658
42.0677 2.0918
54.0087 1.99804
73.4273 4.64716
0.117019 2.10098
61.985 1.94478
60.0464 4.58701
28.7449 -4.70951
95.6884 -1.76266
89.5305 5.62809
86.457 -1.46749
76.7446 -1.4658
35.6881 2.12311
60.1034 -0.387497
5.02945 -1.133
29.1988 0.814964
32.8849 2.41715
42.5038 -1.30782
55.902 5.61092
99.6947 -3.81614
80.1636 -6.64358
38.491 2.35645
58.9414 -5.24831
57.577 3.67818
82.3242 2.32907
83.0145 1.6711
81.7368 -0.409868
59.0253 2.10857
40.0939 -4.03345
73.2769 2.13189
59.9063 -3.74346
92.7824 3.96211
86.5784 2.92246
35.7858 -3.86887
88.3692 4.83342
13.8761 3.68279
56.0895 5.00251
89.3385 0.895545
46.9486 4.04924
96.7869 -2.37855
61.1763 4.81483
86.9007 -2.59582
6.9378 -2.20695
89.5404 1.7146
27.2267 1.34387
91.4122 4.69756
75.816 -2.93688
46.3508 1.6288
0.611725 3.08185
61.9418 -3.28782
52.9732 -2.05937
0.466023 3.54814
77.8394 -3.1734
31.6126 3.80732
71.7273 3.93451
60.4667 1.25703
58.7064 -4.83594
27.5468 2.85612
75.4417 4.64822
94.9209 1.39302
74.0503 6.04781
15.5788 -0.773667
87.5006 4.93627
25.5208 -3.5283
42.8548 -3.95016
42.6662 -2.23862
48.161 3.38738
56.5044 -3.39898
19.3991 0.13174
97.5944 -0.890881
78.01 6.74763
17.8265 -2.07721
71.8596 8.2618
93.5859 -3.55375
78.5536 -2.78716
98.6044 -0.893517
9.96327 -0.253981
82.3955 4.92391
74.8542 -3.40816
20.8297 0.974988
2.59674 3.18324
24.3928 -1.0517
75.0285 4.72149
14.1425 -0.0436912
50.14 5.26892
43.2243 -1.64751
2.07319 -3.53283
77.5961 4.63291
38.7392 7.67984
48.3954 -3.25187
66.343 5.22763
27.1007 -3.59681
41.2581 -2.24263
27.032 -1.47134
0.16236 -0.149641
94.1428 -3.13189
77.6164 -5.87014
93.0117 -1.80636
55.6937 -3.8652
40.3045 1.97932
0.991817 2.63047
38.1641 -1.43056
56.0596 -2.59507
73.3748 1.44985
86.6795 1.43859
52.2931 2.12691
54.6972 -0.0248254
33.1152 -2.63801
33.1075 -2.90305
81.8447 1.37897
37.2092 -3.44424
2.25656 1.92663
35.9145 -0.217934
2.18347 -0.703187
10.7794 -2.86172
84.3619 -3.27101
18.48 -0.763421
80.1319 3.42445
48.802 2.89849
20.677 1.37835
33.7591 -0.591071
33.7083 0.652956
3.05707 4.07385
72.2871 3.14779
80.3673 3.65647
74.0798 -0.243098
4.05163 -1.5067
49.0069 5.23521
46.5606 -5.31447
14.0138 -1.80099
71.4683 2.07601
35.0393 -0.648323
56.2844 -2.96218
59.5772 6.29743
71.786 -4.20422
20.3526 2.05645
24.5079 0.17323
17.5284 -1.42397
85.9721 3.93514
84.0151 -3.2545
27.8013 -0.511648
24.4234 -1.14316
25.2036 -5.34057
96.4612 1.15456
26.009 -5.34084
81.502 4.5214
3.50764 0.609166
9.01204 0.54249
44.8213 -0.854574
31.1347 1.86839
32.7152 0.856623
97.8837 -4.07441
55.7171 -1.41444
16.6413 -0.270971
76.231 -1.68475
13.8206 -2.08858
78.4282 4.13111
10.6196 1.34919
15.4375 -2.06121
66.7053 -3.76191
59.4053 1.28764
9.39168 1.94928
48.9225 -5.80992
96.663 -5.59792
32.5815 -1.13046
1.43622 0.744977
42.4498 -0.631973
39.0707 -2.99829
11.0185 -1.46121
93.1347 2.97247
81.8469 1.0852
94.634 0.0560368
25.4971 -1.13076
40.5979 -1.38581
34.37 -0.124261
93.6309 -0.484761
0.0628394 -4.6464
15.6141 -6.2361
24.9099 1.89553
46.4586 6.40029
5.3027 -3.52983
20.9013 -1.61091
42.3294 0.627054
60.9872 2.70707
82.731 -5.08132
66.8601 -6.63976
0.258179 -5.342
88.0226 2.78161
20.3228 -1.48085
79.3124 -3.06242
26.0745 3.121
72.4824 -1.06755
27.2895 0.946586
89.7343 -0.936616
20.5141 -1.23073
13.4349 -2.17579
58.3078 -7.05971
52.1058 0.601174
71.7509 3.38659
36.3336 -3.77048
97.1157 -4.44692
24.3977 1.92549
12.2781 0.798503
10.8746 1.3557
36.1846 4.21017
71.1306 2.76013
64.4494 -2.20601
72.2737 -5.32559
11.3536 -2.76173
11.7247 0.868202
35.4453 1.4015
4.19524 -1.94475
45.1149 2.01313
67.2659 -0.795741
7.2889 -2.71888
33.9559 -3.79223
96.5985 -2.6452
30.9861 -0.26503
3.94774 2.02847
41.0059 -3.6269
35.3718 -4.21188
80.5411 -4.71737
48.6716 1.84636
95.5522 0.446532
89.5317 -4.69563
83.3683 4.6819
61.8639 0.749818
64.6921 5.80753
24.7067 -1.331
14.909 -0.134774
35.6259 4.69096
74.7658 -0.872227
79.0551 5.81728
63.6493 3.16088
58.1247 -1.95596
34.0845 1.54985
99.1459 -0.0157218
94.7279 -0.551311
94.075 -1.67502
3.75482 -2.52895
4.52475 -5.281
59.3524 1.36506
62.7688 -1.56484
74.9462 -3.71031
49.8961 -2.64521
89.6409 -5.16492
36.1956 3.06588
87.1939 -2.90875
98.4645 1.98409
84.4112 -2.49425
66.187 -3.65765
62.8355 -4.28772
53.0819 1.51944
49.9799 -0.241045
7.88796 -3.08584
20.3012 2.04665
46.9075 0.432894
73.7982 -0.166357
66.8813 2.177
11.6147 1.8854
4.98703 1.32652
80.7072 -3.43556
69.0299 1.94531
55.9981 5.41223
29.8229 -1.03111
86.5672 5.12026
37.5295 0.876282
43.5701 -3.88789
73.0096 3.78371
76.5951 1.35229
70.6867 -1.51915
93.266 5.54683
2.23434 -6.04486
85.7829 5.24742
99.3859 -4.57566
23.483 0.172219
18.7675 1.09239
64.5891 1.80983
1.00649 -1.08742
21.539 -3.0951
38.7796 -3.65783
98.5108 -0.994387
4.84635 1.7923
24.311 -5.0971
92.4463 -2.73703
3.91659 -2.81906
30.6816 -4.02834
68.478 -5.13509
39.421 -3.631
48.5369 -1.3978
11.8184 -2.30876
57.6474 -1.42513
72.855 -2.89724
53.4684 1.81613
89.4167 -1.67985
78.6043 4.46728
56.9999 4.65071
43.4469 5.78384
24.6539 -2.6606
32.6547 4.2545
37.5068 1.04627
58.3391 -4.4331
1.52036 2.0879
4.69289 1.74822
21.221 7.57937
89.9308 -4.14604
84.5571 2.48254
89.4151 -4.88843
43.3292 -2.73961
54.3444 -2.20299
18.6107 -4.24237
60.6623 1.72126
12.7214 3.03358
9.90974 -4.2151
27.4933 1.52724
81.2138 1.37271
57.1899 4.00625
44.761 -2.21479
98.3488 -1.05768
29.3777 -1.78903
42.4311 -2.07499
11.1217 -2.14168
75.5536 2.20781
40.0687 2.73763
50.3009 4.93766
77.9661 3.96189
15.0335 4.43578
42.3197 3.62653
8.98516 3.906
14.6596 0.687706
51.2872 -1.43639
40.9018 2.98453
79.3403 5.59564
47.8196 -0.15391
39.1797 -2.0318
97.3502 -4.55933
31.3407 1.515
38.0359 3.44058
12.7582 -1.83099
0.264518 4.1803
15.7257 2.66156
58.9232 -0.747955
88.609 2.86026
74.4851 -2.86647
32.4225 0.523978
80.4034 3.68205
53.8317 4.89467
66.1609 2.91797
63.9659 4.57057
9.95775 -0.189306
98.4447 5.42898
41.2879 1.54353
55.8802 -3.62791
26.804 4.04544
92.9153 3.22086
66.9644 -0.275697
19.2569 5.11373
36.0758 5.05507
95.9088 -6.02877
37.0497 -2.27861
37.8632 -2.49746
52.1518 2.25772
64.8148 -0.666044
59.3003 -2.03493
17.6288 1.65379
95.9963 0.201676
4.72898 -4.02994
4.21158 5.46334
0.074272 -1.77865
18.5396 1.64808
21.7772 2.6284
18.4296 -3.7682
19.8851 -6.30698
1.6901 1.66221
85.7208 -4.71615
89.971 0.591825
12.8089 1.1487
92.1728 1.13216
68.9303 -3.49261
87.2355 4.48008
3.77063 -0.186789
12.1761 2.15431
49.5446 -3.07315
37.9075 -4.85369
48.674 -4.40528
76.3544 -1.37174
21.746 -0.941062
61.7917 0.00716985
76.2334 -4.66485
35.5277 4.26369
43.6541 3.14091
44.7945 -2.62148
5.25933 1.27128
32.7796 -2.56129
24.1203 -2.05529
34.2066 -2.9054
89.5177 4.50708
3.94439 -4.70304
72.0987 5.8369
35.2448 3.4051
14.4406 0.306511
5.21256 -2.85122
87.5826 4.21663
6.90828 0.709625
21.7644 1.74468
45.13 3.77085
98.4362 -0.624474
53.3681 1.25308
25.1564 2.05138
20.4406 -0.21085
51.2665 1.62927
73.1454 5.04139
70.1568 -1.92459
95.9373 -3.41059
34.957 4.60908
37.628 -2.17636
27.9141 4.66771
93.9325 1.41857
56.6591 5.89125
23.6006 1.4859
90.0452 5.17816
7.53001 0.622476
22.9548 1.39683
22.4154 -0.489651
30.7556 0.609957
79.1424 4.80663
58.3764 -3.14
70.4912 -2.59285
41.1357 -0.506131
95.102 -5.59168
1.85582 -0.79181
94.7743 3.10739
38.4665 -3.52775
91.9032 -0.321126
82.8496 -3.7336
41.3288 5.30833
70.9159 5.31675
62.1048 3.11614
59.8127 -4.05371
78.6124 -3.46056
84.7279 5.20716
47.4411 3.77423
6.95115 -0.0468935
46.9595 -2.27791
65.8951 5.09637
20.114 -2.1003
35.5642 3.05757
70.9927 3.50853
24.5055 0.118559
65.4292 -3.84263
67.7118 -2.19283
13.8108 2.16924
22.4416 0.989399
55.2745 4.85094
37.082 -1.72698
71.3875 -1.87533
73.4378 2.15553
57.2233 2.59639
76.4287 -3.11442
50.9708 6.33806
74.5896 -4.31258
68.631 -4.05733
5.01449 1.02964
13.3735 2.08158
70.8298 -0.801307
88.3961 -4.44797
29.1019 -1.81171
75.9907 4.9684
7.3358 1.62341
93.1725 -0.776272
96.8491 -3.0204
90.8991 -3.69265
65.8399 0.536872
23.0805 -0.864481
10.0028 -2.37321
83.8597 7.08936
14.2016 2.07027
22.9965 1.84928
7.20403 -3.67384
49.1069 2.18279
78.4189 0.633083
82.6136 -4.42272
43.8633 -0.0173836
56.0622 6.28552
89.5104 -0.990018
53.5857 -3.75968
47.7482 0.443325
71.9865 -2.9148
55.909 5.62158
35.6191 1.75129
93.9756 -1.54562
67.4177 7.0394
52.6044 -2.97419
83.1502 4.94198
67.9274 0.621228
33.9818 -2.938
64.9084 0.790303
3.00308 -4.03171
14.1039 -2.39848
48.6339 4.69611
71.983 5.63569
7.13171 -3.67273
17.3111 -0.686035
84.7715 5.86048
59.0979 -4.88775
61.1543 3.93544
29.9633 3.80815
66.2287 -2.10456
92.3141 2.0295
5.58945 3.59944
39.3796 -1.36303
28.0939 -0.142818
24.8487 -0.500915
49.7624 3.23938
25.7387 1.32709
28.5665 -0.324386
22.1059 5.6203
22.3967 -0.568445
33.3714 0.80436
72.8487 2.50078
90.3323 -2.87356
36.8378 -0.00568315
72.1458 4.74299
39.1392 -4.12029
97.8555 -4.90459
99.3865 5.37886
14.7016 1.1751
85.1399 5.00988
10.0759 -5.06712
86.2782 -1.95216
49.2975 0.634726
33.9779 4.90571
57.7092 4.90757
12.4723 -1.19197
40.7783 3.0446
41.2515 0.313531
70.7775 -0.269852
22.4156 -0.820749
69.335 0.472234
32.3793 2.18653
24.3279 -1.42673
16.4379 -2.34636
84.5674 -0.0523821
9.09772 0.753572
74.6807 -0.40804
44.3085 -0.693826
93.4829 0.184763
68.0675 -6.05017
76.6493 -3.14066
78.9793 1.61629
65.4084 4.83084
24.8801 -1.28296
26.1845 -1.63419
54.3197 -1.92283
40.7594 -0.27355
58.3242 -4.00068
51.8164 -5.65136
44.5196 5.39015
52.0904 -1.9094
40.1505 -2.21129
77.9511 3.0439
47.2589 -0.0287897
25.4183 -3.07373
54.1666 1.97168
9.18406 0.448796
19.9922 -0.799714
3.96411 4.10125
50.3369 3.30303
40.7012 2.202
60.1639 6.45252
77.1959 -1.10892
30.9233 -0.53107
75.1468 3.1473
16.8654 0.0610652
49.6034 -3.85052
14.8429 0.392152
50.6429 -3.13787
21.2259 2.48318
51.9516 6.8708
32.8159 3.45544
87.3527 0.789348
24.6976 -3.07875
93.524 -6.07102
43.094 -5.02104
58.8084 1.15308
6.43659 1.30598
67.7815 -3.02764
37.7978 2.3815
10.3385 2.20994
74.0319 -8.17065
38.3686 -5.05306
26.1551 -2.28083
14.871 -3.85369
75.3868 -1.39427
49.8754 1.64601
86.5489 0.303491
72.8637 -2.87444
43.3475 -5.32367
92.0778 -5.36634
39.092 -0.969007
65.7774 4.8308
94.2629 0.641454
48.5023 1.06226
38.1084 2.01857
54.1944 -6.67354
38.836 -3.80692
93.2146 6.47344
12.4435 2.51309
84.1108 5.21066
67.0566 -6.42673
48.3084 -2.71937
98.4553 -6.28232
69.3817 -2.89335
15.0028 -3.67023
85.0838 2.30981
6.42574 2.9726
14.2251 -0.0422644
4.46957 5.11379
73.3855 -0.712473
93.5365 -2.9325
99.8927 -3.34434
14.731 0.00400497
96.9593 2.5307
58.727 1.04123
62.4426 -3.25579
40.9134 -3.15224
7.72539 -2.35487
89.8766 2.82759
99.0886 2.28309
13.3491 -3.24354
72.2008 4.55529
39.9597 -1.17406
88.5902 -1.75905
20.3343 0.00280818
7.18726 -3.76994
25.4385 -0.174136
27.8126 -0.329239
51.9835 2.2242
56.978 -5.34164
83.8497 -3.14673
19.3983 -2.04471
34.8429 2.66727
3.26664 2.0459
50.3157 -3.61567
32.4501 5.05376
2.4634 -3.7964
69.0969 -2.82167
66.025 5.33028
61.7307 4.32668
