71.665 4.15369
8.45439 -3.71514
15.3413 -3.22003
75.8465 -5.05004
71.1181 -4.25418
70.4495 -5.99206
59.0928 0.268495
9.82989 -0.14818
53.0755 -2.05912
38.1844 -3.45406
84.1147 4.43385
64.7309 -3.38503
57.7638 4.40289
57.6475 4.49848
8.0662 1.96562
72.1833 -2.69863
80.4285 4.53353
22.6819 -1.90994
25.0117 -4.19784
40.0133 -2.59568
37.4028 -2.78545
1.36386 -4.0496
46.1585 3.10055
81.1954 -1.82158
1.44006 0.670144
88.9107 3.33984
10.2739 0.726916
51.1464 2.83082
53.5131 -0.733689
30.5009 -4.47043
72.0969 -1.62666
2.3264 -3.50036
9.93987 -2.87039
46.2066 5.95641
51.9043 1.67242
80.0735 -1.87969
31.3165 2.77507
59.7063 3.76677
28.4932 3.40738
57.5626 0.290568
46.8913 -0.857711
12.9943 -0.911873
11.2766 1.44988
0.427523 -4.05771
92.4755 6.80681
5.3588 0.661667
9.29889 -1.33329
90.9103 3.77377
61.5542 2.92921
5.39193 -3.33368
62.5865 0.27872
66.7742 5.70624
53.6434 -3.08251
12.7012 -3.67821
90.959 -0.47488
95.4673 -2.22925
96.891 -3.87694
14.8695 -2.45454
73.9365 1.22633
83.7507 2.16066
8.87696 2.63817
94.9277 -7.36629
96.3044 -1.72805
66.9534 7.86224
73.5563 -3.24548
67.7466 -3.14668
76.5348 -4.9417
19.5106 -2.52239
0.0905421 0.479805
79.6611 1.44149
36.2277 -1.76521
5.23053 -2.61269
76.4071 -5.06221
79.1304 -0.0723613
79.5546 -3.19774
94.8664 -5.98337
99.9344 1.66903
68.0812 5.45959
29.6826 -4.08466
70.1872 4.3544
95.0178 3.63807
27.0342 -1.35003
0.565413 -3.68088
98.1493 4.83699
76.8135 4.93976
48.2139 -0.9611
13.4568 -1.83762
41.2085 1.1725
97.5742 -0.646581
64.0064 2.13096
5.40531 1.61664
51.7628 2.81639
46.0443 3.99005
91.4382 2.87926
23.2023 -2.06116
33.9555 -2.7788
17.2155 -4.82813
67.2143 -3.74371
85.2304 1.48914
28.0239 -1.83196
11.4626 -1.46265
78.146 2.57357
68.7935 -1.92284
64.6311 -3.87733
69.1657 5.05048
25.0237 -0.284818
31.2174 3.1402
89.3911 5.12756
25.0048 1.12076
27.6282 -4.43328
26.8695 -3.94978
75.6836 3.63447
75.6957 -1.52879
39.2774 -4.11478
86.7455 4.46196
31.0602 5.3508
33.8018 -0.302453
22.3927 -1.98686
96.0831 -1.11758
27.4984 1.68745
43.4869 5.52484
20.0839 3.97811
46.3816 -2.26195
54.7115 -2.3469
86.8951 3.46655
72.4066 -3.66756
27.9645 -0.9853
83.1624 -2.84822
10.5934 -4.0192
26.3574 2.27533
38.5069 -5.91492
56.8797 1.00354
72.0146 5.64967
3.07337 1.94532
19.1833 2.92865
34.3871 -1.37012
55.5882 1.26298
45.8053 0.811719
99.1441 -3.52868
91.365 0.0135845
47.7541 5.26401
50.0248 1.62761
89.3097 -5.41753
7.09427 -4.26107
69.99 -1.21397
46.0671 -3.4816
86.9734 -2.10581
67.4356 4.24268
61.4799 0.151173
7.50475 -3.95101
24.4587 -1.18996
7.7178 2.54242
59.8861 -4.29748
94.9996 3.59547
87.7525 -1.47374
88.461 6.70245
12.2815 -1.27412
23.9359 -0.836325
37.638 0.687678
60.7957 2.53538
84.7636 -3.19
46.4996 -5.04875
24.7505 3.49496
26.7501 -5.97724
79.5061 3.18886
64.3227 -4.97844
55.4912 1.71433
93.786 5.01498
66.9372 -2.17324
28.669 1.57433
39.2377 0.412108
12.543 -2.34056
46.7515 -1.80629
54.5396 4.01906
37.1028 4.19832
62.5362 -4.69522
54.2745 -0.244639
84.639 3.87505
84.9167 4.92612
95.9716 -6.86809
15.7299 -0.872351
43.0002 -2.35955
13.8814 2.29886
47.7175 2.67987
82.8426 3.51727
75.1061 -0.844818
54.1976 -1.23343
33.9723 -2.97189
19.7262 -1.6046
48.6413 -2.95079
28.4374 0.19935
35.3646 -1.36813
35.8113 -3.3646
62.9345 -4.30538
55.8179 1.31473
73.0811 7.30902
90.2798 -2.45105
12.8582 -1.82834
38.524 -1.02809
10.5243 -4.00646
20.1835 -6.56944
52.3704 -2.757
53.9417 5.80676
85.6078 -6.15525
37.8834 -4.80718
75.6498 -3.78349
12.7078 0.841212
14.6663 -0.282421
69.2312 -2.00136
85.1932 -3.23578
87.3346 -2.39101
48.1109 -0.519884
82.8944 4.08375
93.0484 -5.98932
66.7538 -0.872078
44.6554 1.88334
87.2327 -2.90962
7.65836 -0.870048
95.0708 -1.59701
13.7416 1.47252
36.7216 1.14181
59.4238 3.58526
10.0604 -3.08222
19.8258 -1.29948
10.7099 2.73816
57.305 -1.04146
28.4452 2.70812
10.2795 -2.90859
67.9362 -0.611445
87.0408 -1.6158
23.2618 -1.16195
63.1211 -4.19353
75.9458 -2.41095
85.0362 -1.90135
75.9237 1.14005
97.2765 -3.22253
19.0918 -1.6236
83.1215 4.44372
77.2009 1.9927
9.00138 1.60223
35.3851 -6.57394
37.0781 -5.15651
65.857 4.56368
3.5916 0.482641
25.5475 -0.25501
19.8986 -0.749331
35.0065 3.15856
75.1654 -3.02341
3.52673 0.340157
22.9459 -1.04793
65.8648 -3.63619
16.495 6.79003
84.9912 -3.00609
82.172 2.01462
89.8006 -3.54241
35.2028 -3.95402
2.1677 0.0257959
65.5285 -3.60601
50.7434 -3.92542
47.4703 -1.69114
89.9696 3.74516
0.715755 -4.08355
56.7819 -0.299946
61.4398 -2.2377
9.30436 -6.02745
50.8336 2.06279
34.8491 0.030081
61.1914 2.91301
84.2617 -3.30939
5.41808 6.11147
55.6868 0.177529
86.8584 -0.360263
87.9587 3.20798
12.1365 -6.60664
81.4754 -4.92342
65.139 -3.15606
31.6503 2.45787
6.58936 5.08086
62.1615 -3.71385
71.0563 3.13247
19.101 -3.24469
30.7975 0.412457
97.4491 3.78269
41.9234 5.06903
78.1152 3.63094
96.3463 -0.974789
37.0924 1.25622
38.0242 1.44593
98.3186 0.772814
48.3201 1.08048
17.4711 -2.96872
86.2393 -0.219846
97.0184 0.98384
84.1677 5.93065
52.4287 3.54976
5.61576 -6.38531
0.63514 -0.371264
24.2319 0.305679
93.7388 -1.29195
82.3313 1.5297
90.811 -4.68486
40.3787 5.20144
21.9262 -2.01979
53.8688 -0.86462
41.6811 -3.93898
89.3625 -2.1895
34.0092 -0.544577
71.3241 -4.29437
19.723 1.43432
11.8362 3.48758
64.0825 -0.6667
29.1599 0.572127
16.8864 -0.59058
63.4835 2.53582
95.6123 6.00771
83.9724 -3.51852
78.1982 -3.67063
9.23076 1.31236
78.0709 -5.53757
86.5679 -2.2787
65.0798 -4.95944
87.0849 -2.98018
94.4707 -2.81012
23.0092 -3.08879
58.0496 -0.201862
14.4249 1.40474
96.6132 4.06021
63.6535 1.74612
17.9779 -2.08684
42.5612 0.0671136
30.1469 -0.824041
18.7752 -2.33812
48.8062 4.88622
80.0183 -5.31121
25.2418 0.560625
15.7568 3.27678
8.81076 -0.497607
10.5932 -4.88628
64.341 2.38031
1.04917 -1.1132
43.0778 1.9048
78.1239 3.6737
55.9112 5.55681
12.2658 1.90181
88.726 3.68569
60.0442 2.34702
95.7644 -0.608183
89.8739 -2.40681
87.682 3.61108
74.6744 4.70652
86.9364 -4.98688
47.6997 0.958722
78.191 -0.664248
46.0268 0.775346
33.5453 -1.38405
37.9652 4.86328
37.9305 -3.03237
48.9449 -0.0112158
50.0789 -0.144628
99.1523 1.91238
41.1422 1.78038
92.9023 -2.61858
50.4005 -2.80201
97.094 3.10851
78.1347 2.84954
0.938524 3.11901
22.5616 0.439753
85.0697 4.46857
75.4957 1.26297
74.2762 5.04117
9.4229 -1.59669
82.067 3.65144
14.7022 0.850587
51.5887 -0.653187
12.5109 -3.94733
29.5509 4.71532
77.59 1.51825
86.17 -2.47661
71.9777 5.35361
71.4702 -5.49051
74.3553 3.87468
65.1915 -2.13058
37.4569 1.36669
41.4413 4.04273
21.1875 -1.76582
94.3802 -3.11445
15.1517 -3.48737
58.971 4.12071
38.2661 1.16513
68.9742 -1.14837
43.8746 1.59788
34.8654 4.52141
41.068 -4.03836
1.09744 3.34805
89.2972 -0.388773
39.008 -3.27065
55.7285 3.00301
25.9465 0.177094
93.2712 2.93874
99.4622 3.79017
61.4821 1.43238
27.1782 2.85785
6.32181 4.13195
16.6634 -3.79871
76.3398 4.6824
91.8963 1.62939
75.2832 -6.25723
73.8195 -0.560007
59.7486 1.79461
29.0355 -5.56506
19.8708 -2.91978
60.9873 3.44146
19.7475 -0.742348
11.3206 -1.36811
87.1694 4.14039
1.20151 -3.3054
28.422 -2.63578
77.1294 -4.41875
31.6133 3.95661
92.3768 2.80595
39.6158 3.10365
64.0288 1.40807
38.2799 3.18515
33.3565 0.692845
9.92397 -0.854413
13.3794 0.464093
74.2165 2.96232
4.72009 -1.02655
25.6552 3.0854
38.5528 1.90028
3.02392 2.34632
77.2791 -0.641668
54.4896 -2.07585
36.5918 1.82079
57.6834 -3.10044
76.3143 2.93258
89.493 4.96568
12.6215 0.31604
63.9632 1.29834
57.9005 7.49352
54.5628 -1.52017
8.0782 1.02319
85.0037 1.00597
43.9612 -1.46149
72.466 -5.47508
79.6259 -2.39771
13.149 -0.374745
83.141 -4.67285
75.5418 0.174035
55.6584 -2.89813
8.37214 -3.1792
62.3742 3.94974
88.6215 -1.31261
23.706 2.3153
0.182928 -0.799139
5.9822 -4.05888
59.3058 2.44573
55.5527 3.00948
55.5268 -2.89036
60.2928 -6.61462
13.5019 3.13637
32.448 -0.48999
53.5192 2.43008
1.19689 -0.355195
6.69262 -2.96176
30.1589 1.14306
36.0171 0.986258
76.4751 -0.429843
42.4921 -0.811432
99.6447 -3.11189
3.33921 -1.52344
19.3239 -5.10469
16.9807 -4.57292
45.7704 1.2345
78.7798 1.36909
82.3547 0.524691
7.16399 0.673354
42.6581 -2.4247
42.4683 4.47401
30.5675 -2.39152
16.8441 -3.78532
15.0443 3.42942
87.39 6.1916
35.7321 -0.00992105
90.6371 -3.18669
82.3255 -0.125624
21.0316 0.185466
0.351196 -2.93443
2.57471 -3.69146
51.275 1.80121
8.21889 1.92576
82.3974 -3.42313
21.9248 -3.0972
48.0949 1.53832
36.1182 -2.21177
97.0131 -4.27704
3.16916 -2.81721
51.4738 -2.59001
15.7705 -1.01532
88.4778 -0.23175
85.2953 3.60864
14.1618 -1.68732
72.2797 5.45756
32.628 0.985833
49.5253 -3.83104
57.8991 -3.12158
16.2305 -1.6173
34.6728 3.6566
5.36401 2.32945
47.9024 1.73966
1.22063 -0.927951
36.5367 -0.232865
82.4401 -2.26658
84.5401 -5.10482
6.58145 -5.19345
11.1379 -6.23703
33.7184 2.96594
13.6909 -2.33754
63.8775 -2.21096
77.4234 3.90665
99.4403 3.22672
84.9661 1.49757
52.5865 -2.71476
17.9087 -3.86469
96.8745 -8.30938
56.9777 -1.23733
90.1607 4.96139
27.2123 -1.30727
64.193 -3.03383
93.9 -4.26944
3.97097 -3.78677
58.2023 -2.91941
79.0802 -2.57281
47.8691 1.83929
4.9485 -2.00707
71.628 5.23403
13.9806 -6.30039
44.7268 -1.72144
11.1231 1.55051
8.72263 -2.52661
75.1501 -3.05146
73.5152 5.3444
17.412 2.6696
21.4709 0.43807
53.8687 2.27428
41.2139 -1.06606
85.7963 -1.13012
26.8677 -3.79323
69.9728 -3.71971
45.8506 0.0740585
4.65988 2.33082
74.1486 -4.87536
21.1652 -2.76489
58.3109 -3.2501
98.4389 2.5576
48.7815 4.41205
22.9409 1.82268
9.34669 3.93952
57.2734 -5.57654
21.2042 -4.8354
44.9089 -0.940947
6.88021 2.23065
36.4196 -2.14338
45.1968 -1.48947
30.1722 -1.6878
50.479 -2.69867
21.8507 3.62794
27.8487 -2.98539
53.8176 -4.66651
1.55653 1.65633
97.8836 -3.91189
74.7972 4.818
16.9658 -3.47624
69.9386 0.519074
67.6367 4.31868
93.0306 -2.23901
24.0226 -0.672389
15.0281 -1.38172
71.3687 5.89521
48.8591 0.0197481
72.7382 1.59906
60.9805 2.76509
52.097 3.61479
15.4007 3.4213
13.5318 4.68637
55.3639 -0.636114
86.5374 -1.77106
69.4751 0.586521
40.0659 -0.941625
83.5721 1.32607
85.8856 -5.48044
13.5284 1.66665
13.4643 -1.59145
30.0679 -1.11674
11.8314 -1.64992
82.8583 -1.87117
78.3586 -3.58722
35.6951 3.2698
11.5189 -3.88493
81.4247 -1.37846
25.2393 0.424936
59.7169 -4.65879
82.0981 -3.80963
72.0973 -2.8086
49.4509 -0.984031
74.7696 -0.0310301
6.72782 2.525
38.9681 2.38148
87.5488 -0.0315786
4.92015 1.94137
0.701906 5.44058
16.9137 4.83659
84.0502 -3.89906
61.21 5.28449
41.6556 1.32521
82.2075 4.21295
0.125058 -1.83835
3.68871 -1.45049
3.98606 1.54574
71.9133 2.8979
51.485 1.7654
83.0793 1.89703
63.7897 2.9665
21.2337 -2.01466
74.7172 3.28254
56.6086 -0.360341
22.9922 1.52661
28.5841 3.46829
70.4537 -2.16589
45.8336 5.08152
58.4813 -2.50975
54.8169 3.06506
21.8378 -1.87177
75.2171 6.70805
96.5189 2.47557
87.4264 -1.26762
70.6325 1.87911
87.4235 -2.44624
28.6556 -0.82792
26.4761 -4.49787
88.4793 -1.61051
85.2184 1.68268
14.2917 -0.352996
6.24131 -1.96146
23.1942 -4.39365
93.5446 -3.52788
49.5833 6.07553
92.1868 0.351488
15.5665 4.30718
92.7547 2.7714
1.46525 2.61023
74.6101 -5.6635
69.3666 -3.36546
82.655 8.02976
66.9236 3.93568
53.9637 8.08064
2.2278 -0.568481
38.9879 -0.564054
61.216 -5.93748
38.2148 -2.24319
11.4558 3.65044
26.263 -5.40453
50.0641 -4.05646
25.333 4.2991
67.4879 3.33644
62.4282 -1.9034
89.8231 -0.227198
12.008 4.49229
68.3618 -1.63865
91.145 4.60874
92.0191 3.94293
39.7747 -4.72009
9.47608 1.47271
82.5398 2.38177
10.5276 -3.45038
62.9341 5.28205
52.4754 2.80288
54.4725 4.59386
2.50895 -1.33495
44.2331 -0.0593075
80.0372 3.43675
77.7307 4.76697
27.0598 1.0186
84.4345 -0.135086
5.97859 1.03395
59.4087 2.98412
72.4407 -3.26518
5.80212 -3.1685
13.5745 2.26065
52.8065 4.11816
46.1729 -1.41949
68.3239 -6.03746
20.8996 3.73971
99.1548 3.81194
0.357115 -2.2199
2.55693 6.13883
58.74 0.530867
69.3756 3.41482
98.0669 0.260199
17.0804 -1.39136
33.8089 -4.17912
49.6159 3.71871
54.3667 0.299096
4.0118 -2.07358
83.7093 4.84963
66.1228 2.94588
76.4118 4.98734
97.764 5.41684
83.1752 2.08084
27.4177 0.963797
74.4241 0.149405
91.3591 -4.9838
37.9238 0.108032
82.9132 4.72699
77.664 -2.65149
28.2806 3.39411
42.6983 4.00318
8.18542 -1.37027
5.01714 3.63699
56.402 2.55079
25.2047 2.60414
14.6488 -1.66114
79.2004 -3.2449
28.6972 -1.42646
58.528 6.08765
10.3173 -4.72391
8.43435 3.36525
28.7161 2.31785
44.0509 -1.74409
54.0991 -3.54392
26.8541 2.53663
73.6115 -2.24909
87.002 4.02808
26.0871 -2.69305
12.1391 2.53479
91.8855 1.91749
92.4945 -2.12478
63.4799 0.0393604
44.2418 -2.94664
45.8563 -6.45715
31.4011 -1.80216
16.0715 -1.04127
52.2019 0.785161
31.5999 3.68875
98.9691 -5.01597
86.9801 5.11623
0.881634 -0.235666
66.1008 -6.5783
62.7185 -0.640922
25.0513 2.6112
89.3433 -3.17524
86.381 1.27251
31.6589 -1.51027
90.7116 -1.40536
87.0192 3.05608
92.0821 -0.323128
2.65473 3.46299
64.5084 1.42251
41.8611 -1.97722
57.5267 2.47249
94.1011 0.135244
90.4884 -4.78713
49.9018 0.186499
30.0633 -1.19563
97.0572 -5.74329
19.2676 2.73
31.1221 -0.45577
19.867 0.121857
83.3155 3.64776
62.6839 -3.5284
52.1495 2.4746
19.1063 -2.69101
81.32 -2.59368
88.3462 3.3787
37.2079 -2.71704
33.6036 3.40549
25.1419 0.445108
8.04103 0.146289
66.092 1.99854
34.7784 0.310912
10.6032 -2.56627
42.0701 -3.1219
90.4349 -1.94814
1.06929 0.826315
48.0476 0.201251
58.8331 -4.53834
4.48008 -0.0288456
45.7953 4.06497
4.40352 2.89183
42.5374 -2.98448
63.4234 -2.46882
0.506483 0.411838
78.9886 -5.81169
45.5599 3.01282
10.5264 -4.92834
80.1412 -2.64013
10.2379 -4.5084
61.2839 5.0512
30.1053 -1.54608
52.2347 5.30777
57.0267 -1.68535
45.1052 3.90369
88.6791 3.80048
39.6261 2.97797
62.566 2.11972
6.91574 -3.94959
98.4981 -2.37377
98.6806 -3.56902
75.8927 -3.8599
17.4016 1.85814
56.1119 3.90174
66.225 -5.8441
63.4083 -1.25243
63.6007 2.09173
71.07 5.47506
87.3881 -0.337452
12.3461 -0.0717947
96.7373 -2.97469
13.1564 4.27797
48.2045 0.0673759
39.7705 -0.464493
72.3316 1.50929
55.6189 -3.68635
85.4485 4.23945
19.1037 4.17021
81.5781 -2.25621
42.0281 -0.295311
72.6439 -3.69333
66.4334 3.33322
0.585999 -5.00134
37.5986 -0.399901
85.2128 5.36996
13 -3.17819
90.4214 -2.63992
29.0884 3.78599
54.9895 -2.07152
77.2117 -2.58079
61.3963 2.41876
27.8664 1.45491
51.8766 0.658422
31.195 -0.150421
48.3552 -0.43892
21.4865 3.65908
40.4102 -2.18593
68.2478 6.26604
2.5443 -2.14371
98.9732 -3.70505
35.791 -2.06396
99.6873 0.660665
47.461 -3.68258
37.88 -1.92834
26.9623 2.46202
23.8053 0.39928
21.4307 -3.70204
40.0428 3.23696
49.4285 -5.82471
66.2524 -3.44491
18.1595 -1.47569
86.9547 -2.00599
88.1178 0.245762
61.7509 -2.75769
3.52078 -2.85775
51.8854 -4.06274
97.7993 -2.10278
48.2391 -2.68814
47.8456 3.46302
24.4865 -2.08924
11.112 4.22207
77.2347 1.61232
34.3002 -3.37682
77.7991 3.44262
67.8909 -2.84666
43.0078 4.01956
33.4748 3.73467
39.8433 -4.52479
4.54556 -0.166408
33.9605 1.62592
65.905 -0.80814
25.8403 -0.639602
49.9603 0.846886
49.8692 2.63529
83.0198 5.67002
4.28136 3.54218
37.7914 5.23335
68.8883 -2.82031
19.8087 1.66969
50.3439 2.96695
77.3049 -1.99263
32.3061 0.780746
35.1621 3.04708
24.8846 -2.09014
81.7583 -2.56131
20.221 2.52386
32.3196 -6.74496
45.6119 2.7431
57.2265 -0.391592
35.4354 -4.14493
75.8022 -2.86973
49.7912 -2.71254
15.2548 4.17313
43.5234 -3.7157
21.7692 1.87468
97.891 -3.95698
32.535 -0.677644
60.1629 4.71137
37.5769 1.90833
36.3617 1.98675
26.5361 -1.16459
40.1066 2.59972
98.8331 3.54901
64.8331 -1.78424
86.508 -1.9896
82.8464 5.03108
9.7093 -6.56967
46.9759 -2.11217
95.8408 3.77166
83.9457 -0.832018
53.5975 4.63892
15.6428 -2.86545
20.8282 -0.174915
62.142 1.40035
93.0809 -1.75317
28.5436 -1.80326
68.2572 -3.46942
28.1869 -0.85643
24.849 -0.665211
41.1002 4.07667
17.768 -0.117907
25.801 3.78759
70.6685 -1.97102
79.5213 4.04559
32.1305 0.580866
78.3007 -5.94093
98.7226 -0.400626
9.03165 1.07157
49.4217 -5.49007
57.8072 0.515559
19.9793 -2.80945
88.5152 3.23649
58.3774 2.58178
47.0938 -3.54901
62.2537 -4.79963
9.2991 -5.01173
17.8807 -0.494325
7.38928 -4.00359
53.233 -0.813966
3.76079 -2.85974
30.2344 -1.58335
53.8016 2.85386
5.09438 -2.16363
72.6659 -4.54374
24.8297 2.28047
42.2423 3.02003
65.2201 4.62923
9.88531 1.17476
8.89734 -0.666703
47.392 -5.05308
65.7631 5.20979
75.7067 -0.115296
8.30015 2.63197
41.9268 -6.46034
29.5397 -1.8777
71.9507 -1.75826
37.9156 -3.96976
53.0323 -4.16176
3.79296 -0.397251
34.5665 0.809827
31.1995 -1.23055
32.8802 2.08857
88.6674 -0.679585
67.0731 2.06142
45.1104 -1.2286
95.2625 3.3605
47.6448 3.67249
29.7637 -0.017014
15.5989 -5.9447
8.49467 -0.699822
50.6137 -2.62021
89.7827 2.45455
94.2498 4.00908
5.03715 2.43832
48.1078 0.232584
30.7064 -4.24417
42.8501 -1.99982
48.8473 2.20629
44.9545 -1.09028
76.7149 2.39822
63.9743 -2.26808
30.6416 -2.11909
24.3763 -2.58872
32.7407 0.904165
2.27844 -3.53227
73.9085 5.66627
99.7579 1.52956
81.937 3.05394
29.657 4.26812
53.5487 -4.0243
76.9491 -2.79894
66.0776 4.77251
16.526 3.31265
