75.9841 -2.53382
80.7029 -0.499631
89.89 -2.86525
94.5752 -2.1009
55.5163 -5.10219
30.0117 -2.31395
61.2801 -3.38707
55.233 -0.875749
33.0661 -5.69281
4.86287 8.77366
25.5592 2.66244
9.28272 -0.387397
26.5279 -1.30459
93.6108 2.09804
61.2874 -1.56731
27.6067 -1.02699
12.0439 -2.15602
92.3674 -2.21287
10.2229 1.55442
38.1685 4.51027
73.975 -0.279002
6.55649 0.979193
56.6812 -0.933313
41.4979 -5.82325
0.425619 5.22944
91.0301 -1.74535
20.7168 -1.48678
58.253 3.2828
68.8351 -4.91828
66.2721 -0.426859
79.3618 -1.29917
9.90677 3.00959
5.71548 5.25687
67.3975 2.10005
22.5558 2.56596
73.4149 -3.03926
6.98119 0.993542
47.5481 4.13839
96.4215 -1.1404
44.319 -4.93811
56.6425 -5.83619
38.8441 6.29035
31.4558 -1.88414
5.46722 -1.55827
25.8865 2.80769
95.7497 1.48475
90.0157 4.60559
75.4604 -3.50748
59.7249 0.963059
5.2744 4.79518
71.4276 0.832389
35.6553 2.16589
73.7031 1.06165
53.3913 -4.15323
5.88024 2.75479
79.0267 0.348278
37.477 0.665618
73.0267 1.68399
1.38811 -1.25675
4.03912 5.37245
23.0117 -1.74836
69.1813 -1.53406
67.2829 -2.37806
17.0816 2.92383
99.4536 -0.442977
23.0182 -3.96476
46.6116 2.32373
30.1871 -0.786077
29.9642 2.15133
56.0302 -0.96933
73.5704 -4.11824
53.401 -4.1681
60.1332 -2.89972
1.19242 4.40603
71.0702 -1.62212
37.6748 5.95103
33.0155 4.53547
81.0489 -4.58001
26.3715 -4.32661
95.5472 2.75922
68.9093 0.920376
83.055 -3.72054
60.2807 0.781119
9.32854 3.17621
3.35879 -1.22972
73.8433 -5.00766
27.7091 1.95408
33.795 -2.84947
93.422 0.0859351
43.0585 4.65782
62.375 1.04141
12.0594 1.509
8.22185 2.41769
66.9099 1.09412
75.4421 4.69404
19.6421 1.05993
99.8306 0.897371
25.283 -1.41453
34.2599 -6.70906
70.2174 -1.93253
92.1715 5.14148
12.9892 4.75984
33.4695 6.08637
45.5632 4.90399
33.8089 -5.54144
92.0539 0.00263147
54.8683 0.720033
4.46881 -1.14326
8.116 -0.704459
24.3545 2.40072
45.1611 -6.14154
1.73052 1.33963
28.2698 -3.40321
20.429 -1.83178
87.092 3.33225
65.4137 -3.66724
6.98574 5.52141
95.3724 6.72067
59.7452 -4.99894
78.9384 0.786865
95.1896 0.124957
46.8556 -5.28855
23 -2.22353
51.3851 -1.07297
13.8316 3.06017
86.5458 -1.17727
78.1802 1.81618
73.635 -6.4132
4.01215 0.0605568
65.1152 1.9099
4.32419 -1.2085
64.9482 0.978568
12.9364 2.03837
87.3326 1.72648
26.2426 3.45362
77.1368 2.21916
93.1654 4.60127
83.4931 1.71164
51.4948 -5.45657
1.8091 4.1487
20.6035 -3.89869
78.1823 -0.939178
98.3411 1.00535
76.2243 0.465207
8.68297 -0.388279
87.1399 4.20446
28.1792 4.34202
77.5703 -2.15151
97.3679 3.09227
1.68851 3.98084
58.0546 -4.24193
52.2191 -1.08926
88.881 4.30157
82.7924 -1.72236
13.788 2.12411
65.0459 -2.40223
65.3073 -2.79456
42.3956 -0.488514
54.49 -3.66623
51.5752 4.32681
70.5435 1.58912
72.8541 -4.85256
61.0849 -0.113537
42.9843 -6.69515
49.5808 -6.5603
55.3977 -4.00161
22.5868 -0.262723
74.806 2.35551
1.81533 2.11845
18.3209 3.66956
12.445 -1.94265
72.845 0.667057
46.9034 4.83804
13.0276 1.8187
73.2734 -2.55854
92.9936 -1.93954
9.80408 -3.54354
70.8555 3.13518
1.01019 2.06566
41.2809 5.63955
22.3519 0.130736
10.4466 6.45525
98.8355 -6.87297
50.7815 3.89588
6.8806 -1.20033
59.2784 -0.897784
95.9854 4.85554
28.9228 3.01148
72.9744 2.23119
17.2546 0.215229
33.3472 5.40498
34.8803 -5.64397
58.4857 -4.60582
22.4408 1.90537
62.2633 -2.65176
77.6822 -1.44205
91.4945 4.5317
1.03382 -2.375
48.1314 3.12579
41.387 -6.61025
45.1256 2.38257
81.1122 -3.45633
10.4206 0.106121
49.511 2.37164
7.14577 1.28704
53.8943 2.42945
96.486 3.31615
21.8752 1.51849
63.4968 -3.64813
87.3566 2.9887
32.5603 3.36114
83.6323 -2.22128
94.9665 -1.58953
94.7569 -1.40072
82.8879 -2.35742
1.40275 4.92495
91.0259 -2.15581
29.9342 -4.8719
39.3077 4.02582
70.8693 -0.629741
24.7336 -2.14544
83.132 -0.85265
60.9789 -0.866957
19.4354 -3.80946
91.722 -0.80111
52.0047 -0.80167
20.2375 3.00757
12.8364 1.79628
50.3366 -5.66971
34.2689 2.70908
8.67116 3.42001
79.8022 0.975323
61.1244 0.643072
55.6511 -4.44243
14.6227 0.237663
31.2968 -1.39734
58.8415 0.0706864
21.5809 -3.71871
27.7172 -2.29457
53.4377 -5.46132
0.441569 3.25267
29.4718 0.254626
44.8198 4.71699
61.1187 9.15463
77.6144 3.48493
82.3912 -0.855051
69.114 -3.64775
51.8798 -0.896298
17.9842 -0.919151
23.048 -4.72393
70.6401 0.489121
98.1534 5.61335
95.0124 12.5463
73.8524 2.33837
38.9753 -5.87216
71.3292 2.85946
0.953439 -2.34708
18.6971 3.25641
74.7983 2.7838
82.0799 0.872123
58.3602 0.30269
35.0075 3.428
8.38305 0.642512
57.714 -4.00723
66.296 2.78666
9.89683 -0.495068
29.7218 -0.658562
56.7418 0.574009
33.1385 4.23954
89.3015 -1.59351
87.0312 4.89429
74.2301 -4.34508
61.6413 1.16829
57.0013 0.843159
52.1881 -5.67185
90.755 1.41399
24.1139 -2.03281
69.107 0.479124
52.1108 2.76412
84.7083 1.7621
14.7378 1.11968
51.3561 2.22055
11.6711 2.61651
2.11756 -0.30747
93.6112 -0.206289
78.5138 2.34456
16.237 -1.90422
10.8072 0.348209
23.4489 -3.42327
79.107 -2.35133
97.0415 3.33236
86.6893 0.558701
86.538 -3.64588
96.392 1.90041
92.1813 0.843008
64.2287 -2.30217
12.6849 -2.29651
36.7412 5.47651
61.8256 -5.5288
56.6639 -2.86769
57.0337 -4.62408
82.4229 2.0488
78.1725 2.65227
5.22088 -0.231012
29.8339 0.186481
91.4646 5.35945
16.9609 -1.13743
53.0992 -0.384546
64.2748 0.579216
30.3805 -2.70065
28.8505 0.231861
33.7369 -2.34118
9.68145 -1.03234
42.334 3.16771
9.46164 2.59592
65.7028 -2.66836
88.8837 4.99557
9.09057 4.79799
89.2163 1.69407
16.0056 -2.51057
51.6983 -2.35935
58.132 -5.34809
85.0203 -0.17849
77.016 -2.84711
58.4141 -4.01419
26.6846 3.72075
30.7535 -0.243402
39.608 5.8681
39.7284 1.27883
23.7802 -0.99944
49.9514 2.68032
52.0972 -5.13873
84.0171 0.687676
98.4474 -0.35637
15.7425 4.4424
63.9497 -4.89973
1.86007 2.87384
67.0072 -5.06134
46.7164 -6.07811
22.1315 -0.180315
55.6455 -3.85318
67.6298 0.131235
45.6358 -5.86204
85.1273 -0.0749662
35.3144 1.59513
2.69227 1.63773
97.2951 1.56628
83.7146 -3.60322
5.86781 2.16905
39.0821 -5.80729
60.8585 1.48452
11.4514 -0.113339
42.5811 -7.68461
43.0864 2.64247
63.8945 -0.0351148
54.8243 1.72197
29.3399 3.76412
67.614 -0.702674
77.1952 -3.54144
82.7091 3.096
13.5263 2.74389
39.6354 -7.19359
23.2489 4.13916
68.0521 1.5362
91.546 1.01571
91.4107 0.659902
82.9082 -3.32594
20.4158 -2.85733
78.9508 4.67776
91.399 -3.43529
28.954 -7.29037
71.4506 -4.48067
43.7762 -2.29693
53.4166 -4.05286
38.5154 -1.43212
10.4548 1.93496
42.0256 4.1567
30.3667 -2.32539
0.89 -0.435394
44.0676 4.53989
27.2786 2.33924
8.32335 -0.92598
29.4695 -6.03056
38.0128 -7.25507
16.7623 2.99448
57.5913 2.0244
35.9154 4.1117
71.4013 0.185895
16.6364 2.76107
53.2662 1.47403
75.7923 2.13265
41.7535 -0.47623
28.9368 0.336915
92.9629 0.456775
51.365 4.52827
15.3485 -3.56777
71.0861 0.379634
17.9144 1.44677
80.5424 2.46555
31.3443 -4.81779
30.2906 0.59782
20.2805 -1.86364
45.7095 5.23617
95.1331 5.06738
15.3307 1.7154
59.34 -1.19236
75.7156 -4.0404
84.9885 1.39484
76.6118 -2.75994
65.4352 1.35509
80.6836 -2.6323
73.464 -1.32681
53.2861 -3.56823
65.4864 0.644152
56.6159 2.63693
33.2399 -5.39573
9.34244 -3.96128
29.8291 3.00269
5.38095 2.06216
25.2135 -2.19891
65.9804 -2.99898
14.2849 3.77023
83.556 -0.676051
63.6697 -2.34006
63.2766 -3.41492
73.9662 -7.40505
16.5351 2.54034
65.0263 0.719815
53.2231 -1.86728
89.0182 3.34066
8.53783 2.79846
16.97 0.0165594
12.2132 2.29546
43.9848 -7.44122
61.7573 -3.45055
7.06712 4.15027
63.7085 1.29521
3.51665 1.43677
26.5901 -5.08152
95.8687 1.32539
16.1588 1.22978
88.2002 0.0181279
14.3608 1.53123
33.3085 2.96135
89.7729 2.51719
70.0104 0.604522
62.8753 0.592529
79.7966 0.472561
91.146 4.80186
50.425 2.30143
68.3484 -4.82117
62.2318 1.99619
80.8193 -1.5006
8.95307 0.106677
77.9809 2.74959
38.9601 4.32703
73.3944 -2.8604
45.99 3.72139
78.743 -1.55795
79.7192 -3.86436
47.1152 -3.2509
48.5504 5.54197
16.2432 4.68147
19.639 3.65121
8.80087 0.480154
86.0433 -0.00185863
29.5258 -1.47717
98.7259 5.80604
61.953 -1.90326
92.5908 0.955945
16.4223 -0.217197
17.1476 1.93593
53.8215 1.32007
42.7975 -4.84967
52.8828 -2.37609
7.15784 5.82687
89.1515 2.19816
13.2199 -1.3592
27.8069 3.55028
56.6171 0.758213
4.28827 1.99022
98.0568 0.923887
53.246 -7.69468
3.98156 -2.2648
6.44086 1.25693
3.80363 2.09696
19.8415 -1.17315
31.8626 -5.41606
75.7307 -2.68466
68.2289 -11.4657
70.7368 2.25457
20.4271 2.12605
97.8531 4.83735
68.2583 0.160568
25.4655 1.71403
12.029 -1.3895
98.263 5.48117
29.6067 -4.89413
50.2139 2.86442
43.7755 7.34842
13.9642 3.55669
67.3779 -1.87099
33.5797 1.86535
18.8536 1.45663
99.894 1.61696
14.918 5.74026
52.9235 0.578261
8.63051 -1.78186
97.8277 -1.3402
85.8073 1.89272
20.8473 -0.31549
95.7656 1.80033
2.58011 3.39799
96.2602 -1.03021
17.6883 -1.91996
57.0845 2.11985
47.2176 -3.85506
81.3464 3.04388
2.48787 0.257225
57.1964 -2.87665
21.8569 0.93366
53.7275 -0.177758
69.2247 -2.92733
23.2383 2.64563
39.2788 -7.37552
28.5081 3.73167
73.8668 -5.23254
82.4121 1.8767
31.9974 -6.71036
69.2574 1.50416
83.7638 4.28071
93.6074 2.1871
93.3968 1.87761
37.0546 -11.9928
15.3407 2.17648
93.9067 -2.19117
30.8457 -4.18397
36.9252 5.20569
44.9597 -4.94644
0.321763 5.32991
14.6128 -3.37684
44.5689 -7.17304
63.4714 -1.27664
64.8124 -4.31657
14.2049 -2.10223
61.0318 0.339513
66.0141 -5.6244
27.5084 0.416715
98.5797 1.05953
35.3968 -1.85716
72.9292 2.42701
61.9877 0.64018
62.1153 -2.14202
37.5014 -6.68238
86.9388 2.95289
36.7758 4.95996
6.73972 1.90293
14.4128 3.67937
1.73241 2.17403
33.0517 -0.508537
17.8581 -2.80017
12.6916 -2.79057
99.3114 5.93624
95.5953 2.49472
93.6414 -1.2003
11.1507 -1.49663
19.2446 -1.82373
97.6213 -1.20751
16.1557 -1.76238
84.9646 1.2385
87.5183 2.12932
97.5336 3.9039
67.0895 -3.31016
10.4562 -0.639656
52.7655 1.92985
34.4808 -3.17185
0.781065 2.87438
41.71 -5.77209
83.7846 -1.9118
72.1099 3.13314
87.3204 1.51271
60.0441 0.653739
62.6122 -2.79417
12.2462 2.80158
79.3336 -1.38624
19.2792 0.871802
53.0478 -4.6894
73.2991 -1.41931
96.2227 4.64878
47.4584 3.55669
54.3529 0.919461
25.1158 2.44174
8.57046 1.93517
36.1531 -6.30498
90.2714 0.311202
67.4524 -2.9831
44.1853 -6.97151
30.1826 -3.42249
50.0136 -3.54316
21.075 2.54148
31.4997 -6.05356
61.6758 -6.45745
11.5217 -8.67074
2.64842 -1.33346
9.1966 0.476455
35.0811 -0.639872
5.02757 4.76502
44.6676 -3.29222
4.93326 -1.10924
38.4665 -6.96684
29.4162 -2.33703
20.6906 -1.69653
64.7476 -1.47521
31.8185 1.51624
18.9427 -2.71231
84.8121 0.921377
77.0464 1.28774
20.6355 0.448033
89.3443 -3.74557
0.841663 5.48434
89.7659 2.33304
27.0942 3.92021
40.5422 -6.03982
53.3209 2.82859
77.2811 -2.90295
6.03707 -5.19691
44.024 2.34864
24.0143 0.599145
35.0189 2.08218
47.5812 -2.85353
19.3474 4.18127
40.2371 -1.23885
5.65838 4.3293
79.9669 -2.06686
62.7132 -2.70408
2.94588 2.35992
30.2031 -2.8521
79.886 -1.03419
52.3651 -4.05731
17.3915 2.6989
63.6116 -2.65875
15.3001 -4.28203
34.4228 -4.93493
89.8494 4.72082
56.0236 1.05572
77.3061 -4.31876
96.9088 2.46373
80.2923 3.35055
94.2167 5.04668
96.7966 -0.507219
53.7926 -5.17514
21.9322 -2.70069
12.4766 4.31645
60.7259 -1.57801
95.2583 3.34289
29.4314 2.57864
56.1234 0.591001
7.03962 -1.42987
67.4725 -3.18873
67.8064 -1.74264
66.2537 -3.32539
68.0925 0.509339
75.838 2.00735
78.1686 -2.94619
21.4134 3.1512
27.5267 -0.676834
22.392 3.27037
50.5859 -1.30239
43.7413 -6.50565
63.874 0.882272
87.5965 -0.108207
61.6896 -1.55555
35.7959 -8.32707
69.4593 -3.38731
38.574 5.03637
52.7859 6.31062
93.2576 7.77019
2.38865 1.8119
66.3596 1.32999
5.05333 4.57069
15.7709 -2.03016
84.8818 -2.07367
16.8446 -2.6065
83.1887 3.43457
32.4126 -4.28233
74.4213 -2.3194
93.9448 5.71593
62.5849 -1.77535
75.1001 -2.61047
65.8949 2.4755
70.5028 0.971861
83.2924 -0.603925
10.3458 1.37396
17.2376 3.00856
43.6978 5.83491
19.4219 2.32098
56.4024 -0.0898612
82.6346 -1.07134
22.3768 4.2888
49.9051 -0.421007
42.4591 -6.99658
66.6435 -0.371735
72.968 -5.13477
26.9143 -4.94681
98.0991 -2.33594
31.265 1.4052
27.184 3.82654
30.4107 -3.13641
97.0909 4.97166
56.8833 -1.98214
54.1498 -4.28252
49.7724 -4.11395
74.3234 -2.55473
3.76274 6.83517
91.7397 3.77243
46.5424 -5.74701
80.7627 1.18185
42.7149 -4.31819
35.4851 -5.12921
54.894 3.37129
90.85 1.7945
56.0964 -2.1758
78.987 -2.07564
51.3968 2.81904
36.1351 3.72578
59.7669 0.265223
80.1608 -2.52124
85.248 3.78984
9.18557 0.117029
11.339 1.11421
1.46695 4.98748
88.839 -2.06535
30.2359 -0.921609
61.3641 -0.0620807
34.4054 -4.93463
28.4549 -5.7306
87.6727 0.577679
64.1499 3.28066
36.3581 -2.52806
73.8111 2.03913
84.4173 3.7861
71.8116 0.228272
88.7043 1.38364
28.9704 -4.76764
18.0166 0.463562
45.9229 -6.87138
10.6055 -2.35714
32.4996 3.61728
84.3379 -0.691564
71.8034 -2.38801
61.6381 -0.0430367
83.4998 3.7429
67.361 -1.16025
60.9455 1.24874
46.5936 4.31738
96.4411 0.397931
23.4005 -4.41609
35.5359 3.2453
86.0549 0.560985
54.9197 2.51868
10.2058 1.95301
98.6899 3.62992
41.372 0.462586
83.4299 -4.09416
21.7502 -4.70385
33.8622 4.53921
77.0878 -3.0017
97.8627 1.04317
78.4183 -6.17992
47.2412 4.62839
92.5502 4.62295
94.1967 1.17286
3.87856 1.14481
67.4082 -0.875628
46.4025 -8.59575
28.1011 4.23219
1.46421 1.08883
52.0364 1.94628
33.0384 -1.48646
99.9172 3.30201
51.5706 -0.163324
81.657 -3.12683
76.6468 2.73457
1.24852 0.732476
80.8189 -2.38649
38.116 1.30698
6.24034 -0.851138
66.7747 -5.00116
95.5208 -2.25921
83.4105 -1.81882
9.01246 4.8701
52.7258 2.02485
6.93419 5.25213
64.0504 -4.20858
95.6653 2.25145
69.9238 -1.17691
73.5379 -1.27992
75.2403 -2.32854
24.145 2.61135
66.9252 1.59257
83.4273 3.90441
19.5532 -1.67904
87.7018 -1.64177
24.0343 -3.47075
43.4525 -2.56321
25.0448 -5.67343
58.3413 -4.60058
25.2658 -0.511822
76.4159 -0.0647496
29.4723 -4.0419
86.8491 1.34772
23.2651 4.93148
90.4203 3.19049
41.1553 -6.42444
83.954 2.64049
23.9394 -2.77686
26.6503 -4.69624
49.1149 -6.10529
12.1034 4.47164
96.7774 -0.972687
65.9695 -1.47255
4.37944 1.6889
76.3184 1.83609
80.1921 2.9966
78.8312 2.58186
70.5973 -2.91217
31.2072 -5.66505
5.54771 3.98028
73.1535 1.99632
92.8228 -2.32078
21.8413 0.710042
33.3835 2.9012
40.7695 -6.22794
16.6791 3.38497
6.41676 -0.619221
88.188 -2.63358
33.5131 -5.18458
6.38268 -2.412
11.6011 3.43527
37.5855 -1.1924
63.1725 -0.711731
50.2145 -0.282099
26.2351 -0.634529
98.5745 2.56614
6.67555 4.02518
99.7774 -1.37154
21.2604 -0.686116
93.3613 -0.611893
27.9804 -2.53345
84.4297 2.29803
34.5801 4.96584
11.6246 2.32916
23.7302 -1.36232
29.1871 2.56167
43.4799 -3.98547
48.8993 -5.8939
62.5037 -4.06141
78.6922 -0.0884768
85.0488 4.71098
33.0186 -4.99912
15.6718 1.39498
55.9588 -0.310264
53.6475 2.49665
1.51215 0.0328144
83.4351 -4.2596
20.8643 -1.85247
22.4955 -0.441966
54.6751 0.0904096
5.11171 6.62782
76.8995 -3.70991
73.9319 3.34723
85.1461 1.11681
15.8582 -0.698791
8.37489 -2.05001
55.2042 -5.00095
2.59177 1.75936
49.0153 -5.71182
41.0494 3.98225
20.6668 2.45618
90.5307 -2.27387
96.0019 -1.07349
87.6053 3.77307
26.9471 -5.6712
63.0288 -3.3771
22.2326 -4.11782
91.4934 -1.47592
38.9215 7.44491
5.4973 4.66005
67.2873 -2.05267
28.1364 0.289863
54.2371 0.903166
51.9151 2.06758
5.94699 5.62037
94.8741 -1.6062
60.0994 0.863371
74.519 -1.44508
18.0169 -0.00613201
31.2133 1.6475
29.7482 0.84736
0.00061294 3.24958
45.3029 -4.64445
24.0922 -4.61578
28.0001 -2.20147
42.5035 1.18413
50.9711 -3.52381
52.1443 3.39826
54.1519 1.59434
43.7068 -5.59831
97.8249 0.523577
3.94394 -0.0496703
31.7628 4.47298
53.3294 3.34302
95.7939 -0.232891
31.2527 -3.96539
62.0861 0.640841
42.1963 4.94078
51.1381 -3.45808
19.5581 -1.8058
2.36616 -2.08596
53.0976 -1.05528
76.4587 -3.71132
24.0319 2.30888
92.3764 1.29771
60.5864 -6.19702
12.2637 0.748674
25.7582 -4.44238
55.8358 -2.5619
59.7513 0.873061
16.6103 1.76332
8.70985 4.05343
23.2353 2.60675
71.3933 8.49333
61.4987 -3.71296
70.579 -3.39615
25.5342 -2.69034
90.2771 0.756727
70.3606 2.01942
44.5577 4.09946
66.4192 -2.38762
65.661 -2.06681
87.8536 -3.7067
92.2283 1.62772
47.9289 -2.53339
85.3529 1.68698
4.88045 6.01095
84.6055 -1.71889
87.1815 4.01974
97.9333 -1.30185
51.4248 -5.49746
39.8244 3.60684
9.87156 2.82002
1.71913 4.9217
88.2118 -2.51346
42.6147 5.68069
7.19619 6.00367
38.5359 4.05187
73.6432 1.27459
68.8668 -4.36538
29.6578 -1.47646
52.0702 -1.81994
62.5598 0.758039
75.6998 -2.14453
15.4908 3.6084
40.8987 6.24218
3.6026 -3.59475
92.5748 1.85765
92.1412 1.12579
21.1262 2.85267
84.109 0.621948
91.1896 -1.028
9.37247 -1.54077
11.3951 -4.10619
13.6293 3.26185
2.56335 2.46507
30.3205 3.1635
39.7973 -6.99315
54.3547 -2.63105
47.5965 3.79409
55.1087 0.657655
20.2081 2.54465
25.453 10.4638
54.9044 -3.98223
99.1104 2.16765
50.8818 -4.75696
81.0786 3.22087
42.1294 -6.11906
5.23808 4.97189
90.2394 3.44289
3.27749 1.86401
99.569 -1.78156
31.2348 -6.04787
36.3916 -7.34269
34.7597 -1.44292
10.8059 -0.470327
32.4619 3.92965
36.0416 -6.43244
89.1653 -0.538016
52.0651 3.80979
38.2735 -1.78933
51.144 3.84719
