7.71297 3.02019
70.5881 2.9777
58.4931 -4.52554
85.2483 1.34879
96.0253 2.26615
13.2301 2.69148
69.8395 2.89993
46.4991 -2.16193
59.0007 -2.14701
75.2955 3.72112
62.3362 -3.56149
89.3743 -3.16728
28.5403 2.67327
44.837 -2.45955
51.0051 -2.14623
8.92491 2.0009
30.0698 -3.63915
62.572 -4.21675
39.2496 1.64504
40.6822 -1.05028
28.7581 1.99837
57.5815 -2.8694
69.4539 2.20367
69.0209 1.70225
48.9578 -2.25613
5.93636 3.37899
66.3676 -2.76577
19.7081 3.58915
21.8353 -3.028
22.5195 -1.97092
27.6235 2.94809
89.7522 4.58292
6.73951 2.43807
79.524 2.78092
43.7376 1.92175
26.9186 3.69698
37.4625 -3.15824
18.7066 4.5972
97.3758 3.63225
93.0223 3.05713
9.00168 0.723874
16.4045 3.62545
88.4911 4.32791
92.2425 -3.12866
7.605 5.69321
7.45873 2.68342
2.07004 -4.8648
25.9956 -2.56558
45.5646 4.67969
41.9175 3.26427
10.661 2.95045
89.9271 1.16125
57.4758 -3.08843
49.0612 -4.38606
61.2538 2.65019
77.023 -3.86853
46.0131 3.67543
19.862 -2.94027
7.80897 4.15874
1.36551 -1.99465
88.7994 2.84028
22.83 5.63607
32.4385 -3.75077
66.3703 -4.42041
15.0484 -2.48715
61.583 -3.94528
76.8145 -1.52118
32.0334 -4.23252
97.6335 2.45995
37.7378 2.7004
98.9507 4.20165
53.289 2.61297
62.8424 2.80826
13.1515 -3.80819
30.0224 2.08448
31.0269 2.97972
97.6029 3.09285
42.9764 -2.45629
60.2351 3.68629
27.2689 -3.86159
17.3334 -3.16492
84.5273 2.44726
47.5998 2.39721
6.27499 -3.05128
13.201 -1.70139
2.77426 1.64004
14.8343 -3.10794
33.5586 -2.16881
87.9215 2.48979
41.1358 4.37944
60.1164 -3.69146
37.1762 1.65592
1.71154 2.20275
32.6165 -3.61056
57.6053 2.55184
73.9794 -2.77888
91.3057 -4.8077
27.7769 -1.77488
27.897 -4.9773
92.276 3.6212
41.9557 3.69451
5.33659 -3.13212
27.0876 3.31838
23.9149 -3.70001
62.2483 2.78803
98.6137 -4.70602
75.8428 3.2646
77.5819 2.86141
19.0206 -3.95049
76.8826 2.35115
0.99953 -2.15478
73.7711 2.98123
49.468 -2.49074
5.72745 3.35049
65.0408 -2.99102
3.88546 -3.87067
43.0328 0.92909
40.497 4.05539
28.2516 -4.18939
60.2182 -1.73751
14.1313 3.12218
14.9417 1.37918
60.8455 -3.29481
76.705 3.91826
38.1036 -3.74316
3.22647 -4.27758
89.2637 -1.99458
67.5283 3.08771
94.249 -1.93313
34.7986 2.96016
31.0335 1.33268
95.8811 1.91981
53.4183 2.01085
43.5742 -2.56494
93.3953 -2.46167
58.5541 3.68152
15.9048 0.661429
48.7187 3.15069
5.84255 4.03014
82.8796 2.14929
42.3279 -2.54955
21.6282 -2.61527
21.1858 1.95431
22.4156 -3.4226
63.1072 -1.93497
57.2633 4.47091
34.5139 1.74157
64.3137 -1.9746
38.9129 3.72284
59.8756 -3.15825
39.2802 -3.45933
5.38118 -3.29534
34.0485 2.31377
72.6105 -3.12761
40.8941 -3.25913
23.1921 -2.34882
27.7257 2.22035
78.2319 -2.06902
62.9721 -4.7114
74.7874 -2.06901
15.9344 -0.763056
14.6989 3.50922
56.3667 2.79375
42.8537 2.94591
47.1728 -4.82739
98.2755 -3.24816
94.0878 1.75407
21.7216 2.27631
90.4801 1.03286
28.0701 -2.55675
62.4633 4.20808
40.0577 1.27039
2.00395 2.36741
26.507 4.27661
98.9908 -3.50212
83.4098 -3.95718
84.1979 2.67973
53.7248 3.31058
30.0543 2.55671
51.1784 2.68647
73.08 3.23171
74.9206 -2.41681
6.21894 -3.33077
65.8496 2.66297
53.8824 2.55702
82.4792 1.73301
37.3963 -2.13843
62.3857 -2.11415
27.1153 4.18151
94.5603 3.01955
43.6784 1.36477
41.6647 2.6935
77.8808 -2.05518
8.32446 2.8904
82.6579 2.352
46.4941 3.24442
67.3861 2.23461
19.6595 3.30256
82.5959 -1.94978
94.1876 3.42574
21.5917 -2.39417
18.6014 -5.04521
42.5475 3.51311
74.5917 -4.31509
51.8091 -4.03119
40.4254 -3.98303
38.083 3.25174
31.916 2.10824
9.41564 -4.77913
7.20705 -4.46678
56.9256 -2.42373
33.5599 -2.37779
73.9921 -1.91175
93.1175 3.49489
78.2084 -2.37295
45.1975 4.00914
96.7276 -3.38435
54.3488 -2.81018
88.3952 2.30204
3.48034 2.64148
42.848 -2.39319
93.4224 -4.04167
5.53266 3.27462
13.2211 3.94299
64.1894 3.60068
55.6297 2.83911
21.7604 3.10647
11.2387 -1.70016
99.7931 2.09713
75.3627 -4.17204
16.7375 4.0001
0.861836 -3.11623
92.9219 -3.46852
91.2062 -4.12556
31.5893 4.05344
86.0983 3.15063
54.4285 -1.86038
21.1886 -3.98662
0.733374 -3.6814
75.9937 -3.09472
6.59651 1.23083
69.9933 -3.62613
92.6633 2.7516
16.2199 3.48386
25.2993 5.08631
3.75957 -2.31848
54.0072 -5.14679
6.29367 -3.64164
41.4633 -3.51897
43.1017 -1.36613
41.1647 1.37918
77.9783 -3.39525
9.72338 4.25992
41.7349 -3.54138
69.6682 -1.29107
10.3903 -1.71028
46.7988 -4.43089
21.3374 -1.31819
62.4797 2.08502
37.1062 2.56739
41.7023 3.3977
59.9181 2.03228
4.60215 -1.36806
54.1978 2.12241
4.83456 -2.1666
99.1008 4.1514
67.9228 3.36952
22.7155 -3.71101
71.1104 4.46569
0.159993 4.92744
8.68573 1.65919
66.7881 -3.38379
86.8046 -2.17673
98.4963 3.38976
46.497 2.78056
59.1458 2.67944
47.8275 -3.7719
25.679 2.00197
92.8634 3.60956
54.4729 -3.83065
54.9746 2.52035
66.9924 -2.59384
57.8519 -4.53099
71.8586 3.46471
59.219 2.55393
65.8234 1.22203
9.13192 3.24207
15.2561 2.68843
10.3848 -3.63317
43.1709 -1.56749
46.2111 -3.14382
0.562577 -1.25735
15.8189 4.15843
41.4986 -0.59343
14.1951 -2.92991
98.8482 -2.3784
12.6761 -3.80776
52.3176 -4.21487
19.494 -2.35798
53.1153 -1.82091
40.8305 -3.78565
47.8819 1.60258
77.7083 -3.38095
92.505 2.69877
84.6917 2.17218
9.73158 2.61851
10.6512 -3.08968
6.30902 -4.27518
15.6055 2.6521
23.296 -1.05215
4.79496 -3.23585
84.8129 4.19451
49.9519 -2.65717
51.0498 -3.57219
63.734 5.01498
40.3242 -2.3853
80.6422 -2.27413
93.9756 -3.23692
98.3706 -2.68127
48.6424 2.12713
22.508 -4.09143
63.4673 3.78949
72.9862 -1.15202
25.9592 2.50454
9.5135 2.26154
72.3901 3.00663
30.1257 -2.30432
33.2318 -3.26984
20.0368 2.46349
74.2208 -1.22168
20.7426 -4.15189
51.5392 4.14103
94.7983 5.10069
9.68328 -0.912897
62.0593 4.72959
26.2192 3.86257
38.6345 2.2186
23.9951 2.3771
35.3467 2.53349
32.5789 -2.65191
20.0853 -4.42168
65.7115 -1.96051
59.5475 2.95316
74.8502 -4.29122
96.6927 2.9812
61.2328 -2.97318
20.6476 2.00614
24.5619 1.91139
35.5665 -5.26824
28.7293 -1.39492
81.951 2.80805
64.3146 -3.3255
4.51105 -3.58016
37.6814 -1.60501
30.8942 4.00459
86.2242 4.38171
46.6368 -1.83519
20.5332 2.62604
4.69557 2.444
68.7783 2.31735
37.2937 3.39235
71.3378 5.13464
22.9578 2.66501
74.6771 -3.29116
0.290969 3.34023
61.5737 -1.62122
68.8253 -3.41838
78.6617 -2.7509
20.4185 3.41661
55.6338 -4.03237
26.7932 -2.14081
79.0494 -2.48135
52.2322 -2.3457
52.4428 -5.52179
87.0026 1.85933
34.1234 -4.38792
0.747922 3.5281
90.6584 -2.46509
59.7904 -4.25623
96.7755 -2.33916
74.3594 2.65213
2.47841 1.36841
79.1865 -3.77863
28.2176 0.775575
39.1117 1.19877
40.6293 3.54192
81.4155 -2.64311
58.4273 -2.62216
5.69342 4.18534
52.0056 2.54012
21.2344 2.79854
94.8084 -1.97983
60.3367 -2.97036
53.6815 -3.58134
92.1986 3.09345
30.6 4.34406
73.3929 -2.7909
83.1764 -1.0806
30.295 -3.22496
60.4725 -1.92596
1.00176 -4.00176
6.09714 2.30273
76.6959 4.5026
8.06171 -1.83862
13.8116 -5.78061
24.6857 -3.68684
13.8803 -2.53665
10.8722 4.13512
45.6998 -4.12169
21.9613 -2.09038
40.3952 2.10545
79.4911 3.18009
15.9461 3.66994
58.9496 -2.22398
82.4039 -3.25295
40.0309 -1.08068
8.28221 -1.9943
23.9041 1.89537
53.525 -3.55627
33.7194 -3.97226
57.4829 -4.58071
33.5971 4.37784
12.3208 -5.56995
30.9085 3.7374
38.46 -2.4199
72.7432 -4.3217
94.1346 4.25814
27.829 -5.22187
56.4436 1.68631
39.4421 -0.820174
35.3338 -4.38248
27.7262 -2.35752
16.5737 -1.21089
6.64028 3.00708
26.4951 -2.85211
47.5916 -3.4036
55.2226 -1.9944
55.7232 -3.07079
12.1034 2.78164
83.6418 1.15065
24.2907 2.49898
81.4619 -3.88415
67.398 2.23265
6.94184 2.68954
14.2196 2.39359
22.2536 3.66145
12.3252 -3.94108
91.4492 -2.02266
42.485 -1.84057
77.3232 -0.843365
60.1215 3.71991
76.6287 2.64775
50.5091 3.26011
75.7124 2.48476
9.60708 -2.36738
15.1598 -4.89151
14.9949 3.88436
3.95832 -3.76304
55.9912 0.847133
95.4843 2.23462
55.0543 2.47253
44.7174 4.47818
54.3365 -4.01523
27.3341 1.43636
99.5827 -3.55822
2.93053 3.11144
58.7207 2.83622
41.0661 -2.1442
67.2352 3.7701
10.8936 -4.25975
83.6284 -2.26414
99.0685 -1.10218
61.071 -3.73558
8.9108 -2.29521
75.663 1.74025
66.3249 -2.3471
63.9445 4.95419
65.0194 -0.438171
72.9453 -5.75383
26.7527 -2.4777
91.9781 3.91763
37.223 -3.50585
17.4813 4.50443
43.8772 -1.94991
46.1298 -3.99492
26.4912 -3.85194
7.96414 4.12812
34.8337 2.69799
64.8417 -2.86786
73.6901 -4.4578
38.4236 -5.02539
55.4326 1.53423
78.0568 -4.48805
1.08755 2.62244
9.03139 -3.90279
46.2513 1.2185
49.6948 2.7513
61.4957 2.53093
33.9925 4.82759
50.2141 -1.8371
88.196 -2.66475
98.6062 -3.55021
64.8284 -2.24625
13.4659 -2.60052
94.4809 -2.65642
1.17057 1.92338
37.7367 -2.93623
17.2537 -3.93433
34.4875 3.09659
6.08968 -2.25413
9.02581 3.08953
85.8077 2.95618
10.431 2.85404
22.8682 -3.92892
13.596 -3.41265
34.457 2.14879
71.5902 1.66673
50.7537 -3.93945
14.9519 -2.83369
86.2614 2.42086
52.2436 2.33685
50.0685 -3.24206
6.20292 -3.01527
83.0123 5.79314
11.1226 -3.64935
5.79244 4.28181
49.1229 -4.37541
81.4573 4.31211
11.0619 -3.82072
26.5683 0.938035
68.3037 4.0315
7.19172 1.07387
71.4615 2.74722
5.31041 -2.37939
43.0509 1.82752
98.3036 2.05727
74.1884 -2.848
52.0815 -5.39859
82.9742 -2.80517
0.967337 2.40827
33.327 3.01376
50.5267 3.05226
52.9145 2.73191
47.1008 -2.9553
0.622971 -2.68119
38.4918 -2.35042
5.80287 -4.54165
43.2279 3.45885
79.4149 -2.71522
30.9541 -1.51754
39.425 3.15476
43.2966 -2.55954
93.7031 3.17853
0.642473 -2.74946
23.8412 1.7628
28.2503 -1.61948
40.7861 1.51285
5.02003 -1.81376
12.7862 2.642
27.2775 3.0174
56.858 -2.55247
58.4327 -1.7049
5.50868 -2.78061
63.0106 -3.83377
51.2129 4.31409
18.4618 -2.33197
36.3397 3.22202
39.4606 -2.96374
84.3008 -2.66091
68.7705 5.12199
27.1017 -2.08543
12.9522 2.32361
58.4214 -2.29016
26.9303 1.04348
60.3857 2.05062
69.4261 -1.76197
98.7569 -2.91529
65.771 1.80922
22.7222 -1.12348
46.9715 4.97751
81.148 2.4136
30.5441 3.12197
99.0503 3.15762
67.7627 -3.46064
14.2211 -2.07811
87.0386 2.48623
10.2489 3.91606
56.7761 3.12184
6.61374 2.15373
8.63045 -2.05432
69.8225 -3.54347
23.4886 1.64169
90.3609 2.0595
36.4532 3.75863
32.6487 4.59943
89.6143 -3.61247
94.8596 -2.93668
26.4273 -4.39692
98.5729 1.71665
54.6376 -2.23864
52.3898 -3.0004
21.2727 3.19001
88.2874 -2.7235
62.6366 1.65971
12.5727 1.96717
70.4275 -3.47861
9.78346 3.5114
63.933 -2.15875
92.8207 -4.04124
33.371 2.67481
82.2095 -2.51385
48.5834 4.43872
91.8269 -2.53499
32.8796 -3.90071
75.9238 -3.88223
3.43576 -2.65364
65.761 2.65697
86.6812 -1.8071
42.952 2.39217
20.0291 0.663197
93.5024 0.197261
3.47823 2.56389
57.5029 3.45136
41.9459 -4.33769
34.6814 -2.7566
60.4346 -4.10779
34.7313 -2.18519
27.7353 -0.702278
36.7286 3.39488
27.6662 3.92136
83.6383 -2.88679
61.0857 1.83128
85.5692 3.34689
58.4469 -1.97465
60.2529 -3.69634
33.3224 -4.18094
49.9544 3.93683
34.4221 -2.48612
18.3831 4.37984
92.3872 3.87139
48.67 -4.03414
75.4936 -5.07911
18.6718 -3.63327
3.92205 3.37201
52.4422 4.95419
76.8875 -4.2562
15.732 -2.39004
1.77003 2.55636
45.5093 3.02804
52.9092 2.44348
24.1229 -4.65034
2.99265 4.11085
71.2043 -4.29526
83.4599 3.63414
60.3382 1.59169
81.7534 -2.34542
64.4742 3.91376
65.2005 -4.029
95.9146 -2.18845
85.2126 -4.43652
39.3005 -2.97988
48.3457 1.70086
55.6985 4.26888
58.0552 4.62597
31.7771 -2.08557
86.2846 2.06695
21.1693 3.21184
57.6936 -3.77193
47.5915 -1.89292
98.8273 -3.14174
17.3941 -2.3913
69.8787 -2.97221
22.3674 2.87141
48.8571 -2.85837
10.7732 4.57091
42.867 4.59401
28.0046 2.94226
21.6411 2.74888
85.7888 -2.33558
94.1946 -4.3455
15.2609 -4.59493
28.9188 -3.74132
31.0308 -4.7647
45.188 -2.88245
29.5464 2.42394
88.1873 4.36888
53.5674 -3.25803
46.6622 2.6923
24.684 3.9493
80.1026 -3.15179
0.157531 -3.61071
43.5534 3.61627
54.0552 2.67208
5.14115 2.3399
35.518 4.6636
31.6945 -3.20789
6.52444 -2.10294
86.5688 3.6126
17.0558 1.82053
29.3137 3.04692
32.3616 3.76659
23.8101 2.59278
24.2368 -2.2844
67.7983 -2.03828
72.8882 3.0581
12.7892 0.925682
34.157 2.47355
41.5699 4.49917
55.2064 -1.62478
20.5273 -3.19188
30.4078 -1.91541
40.149 3.78341
28.9674 1.51135
13.8844 1.75453
90.5666 -2.05974
13.9466 3.80177
21.5754 -0.575616
89.3249 -4.44689
86.4025 3.1494
71.5018 -2.23524
22.2401 0.457865
64.0448 -1.22154
50.4508 3.07402
98.7437 -0.873651
85.8797 1.88949
38.7953 4.64182
34.2761 2.94283
80.9425 0.995191
52.2548 -3.15364
45.8548 -3.35953
1.23066 2.61188
86.3225 4.02989
33.2449 -0.71126
40.791 2.47617
50.3541 -1.60318
10.3064 3.75717
61.9462 -1.46454
54.1963 3.34017
17.2667 -2.16936
36.647 -4.08938
98.5795 -2.32386
21.7613 -2.17784
2.23788 -2.95809
77.0579 -1.48737
22.5849 2.37752
19.2411 -0.341776
24.7484 -1.28064
75.0846 -3.931
24.6706 -3.6062
50.4092 -2.80483
80.7636 3.66504
8.73696 -2.39893
53.8745 3.08609
5.48113 -3.30122
75.2529 -3.314
60.5307 -3.31153
12.4826 -4.57377
28.5315 2.42589
66.3267 -2.90881
63.2068 3.24992
18.6544 2.65544
49.4995 -3.69264
59.6863 3.38711
84.6128 -3.97761
91.5784 2.36372
73.9044 3.21168
39.3154 -3.1048
73.7224 3.65742
75.9817 -3.17209
15.1616 4.67766
32.5905 2.45082
0.780736 1.81669
58.089 3.27873
12.95 -4.19003
60.0852 -3.86984
48.4935 2.86276
88.3027 -2.6574
78.8082 2.54333
42.3512 1.46322
58.3628 3.82312
70.269 2.69358
36.6617 2.39778
76.3496 -3.38253
4.5693 2.03936
43.8406 -2.0464
47.5016 2.57387
46.558 4.14988
24.2596 -1.9464
67.4444 -3.63321
20.7922 -2.9946
83.5811 -3.1263
3.67895 2.4053
97.0144 -2.92645
43.1013 2.018
71.1856 3.08298
21.8584 -2.34195
38.0754 1.87035
97.4585 -3.4916
17.5363 2.8454
82.2963 4.3212
90.2798 4.57599
60.3192 3.10119
5.83549 -4.81292
89.4784 4.29079
94.3222 -2.43023
92.615 -2.81226
42.7192 -3.87589
39.782 -4.69342
81.4491 -3.33974
42.8914 0.63993
38.2755 2.75936
67.1281 3.94316
32.5238 3.14596
16.8572 -2.46737
64.4956 3.00298
97.3305 -1.99749
40.0059 -2.647
89.6549 4.33328
69.4928 -1.25899
6.2176 -2.54404
99.8987 2.43299
37.9538 -5.27011
46.6081 -2.45223
50.7391 2.8648
37.0034 -4.06803
14.9188 -2.93386
72.8059 -1.86726
26.808 3.63157
10.6663 -3.1611
63.0155 -4.07055
28.9983 3.05836
94.4997 1.91836
85.7907 3.46027
55.6447 3.61778
90.0732 3.0476
74.1614 -3.49333
26.444 -2.23531
58.9235 -2.24382
70.8232 5.10251
67.1673 1.66283
66.2906 -1.28584
80.1389 -0.623812
89.3399 3.49464
8.46929 -2.79403
56.0789 -2.3702
40.4059 -1.86188
61.278 2.59419
88.6861 3.71248
43.1889 -5.35401
29.1899 -1.29134
6.19476 2.48488
57.9088 -3.94909
69.8291 -1.28952
31.9845 4.25663
78.6572 2.08972
89.5331 2.14945
80.3413 2.76613
76.4734 2.15384
10.6421 3.59693
6.10499 -2.84745
23.1477 -1.99102
36.0871 2.41824
56.8916 3.93549
64.0452 2.08272
90.8823 2.44537
39.4149 -3.94342
17.6507 -2.28793
40.0553 -2.80046
57.7204 0.98801
52.0989 -2.6227
21.8207 -2.94272
35.9778 2.90142
31.7099 1.60037
44.9824 -3.77776
52.3908 3.85124
68.082 4.00876
24.2479 -4.82923
41.1574 -3.43943
60.4525 -3.73562
96.0541 -0.743437
44.7413 -3.00564
20.6463 1.95448
29.4293 3.66142
4.26391 4.04606
90.0679 4.34786
41.5082 2.47399
29.8249 -2.58433
33.8052 4.03719
98.9917 1.18971
9.52519 0.279399
13.8536 -3.80207
20.0342 -3.63957
32.8913 -2.26363
66.2088 2.68192
2.6981 -3.22072
60.7179 3.01668
4.58197 -3.67021
91.5033 -3.90558
2.23458 1.98683
45.4901 4.06576
25.1812 -2.25803
60.6707 2.29468
66.6498 -1.7138
88.9946 -0.991424
3.8202 -3.87382
93.5035 5.20063
76.2663 -3.02239
71.1949 2.15358
85.0909 -3.98221
90.2341 4.29209
11.6334 -1.18423
72.5865 3.29904
20.4998 -2.7313
58.6284 -3.09298
56.6635 -1.97424
69.4819 2.73757
19.1278 -2.73038
89.0205 -3.75564
10.7523 3.71943
55.2561 -3.1749
56.0109 0.864839
54.9794 -3.34524
9.65978 0.577481
61.2241 -2.44864
63.1888 2.79556
95.3858 -4.83429
50.7073 1.3918
66.746 -3.14621
22.2657 -3.35044
33.0981 4.47985
24.4234 -3.66679
93.4639 3.94806
22.007 -3.51448
87.1259 -3.71538
40.9129 4.30649
15.4019 2.93764
39.4284 2.4702
48.2775 3.60905
45.2124 -3.28297
10.4188 -4.57916
97.1896 4.75434
63.3036 -2.05109
72.3113 3.73357
54.0815 -2.73833
60.9691 3.56801
35.9144 2.49753
20.4723 2.1322
34.6956 -3.24563
82.5796 2.33569
26.9831 -2.38783
75.6777 4.65447
99.2201 -0.382858
63.0103 -3.28374
60.0383 -1.0932
92.3344 2.38083
78.9123 1.0952
18.4877 2.28936
91.2046 2.45419
6.04458 2.29734
51.9919 4.80637
96.3376 -1.24126
24.7906 1.07559
17.9498 3.12722
50.6402 1.9576
77.5697 2.92561
56.2866 -3.64798
17.9581 -2.88631
2.59715 0.104446
81.1888 -2.90179
50.8404 2.34207
42.4241 -2.06386
63.9486 -1.66772
57.7273 2.62381
23.8904 3.11809
22.3887 -3.7044
61.452 3.65382
5.02662 4.87037
56.3039 -3.82358
52.806 -3.31375
16.9596 -3.00638
95.0782 2.92248
8.89376 2.84673
38.0429 2.74011
38.3754 -3.19308
81.3463 -3.44365
86.6179 3.28324
31.5176 -3.07325
15.0251 -4.56311
50.5244 3.86552
11.959 -1.04864
84.1457 -3.71507
10.233 -3.81069
82.3809 1.40952
81.7404 -2.2032
38.3815 2.61313
37.8147 -5.18616
30.0017 -3.46513
83.3507 3.83973
75.2599 -1.41807
7.50211 -5.66816
