93.6719 1.09245
88.8617 -3.40879
15.7553 -4.10539
94.1582 -2.98699
57.2564 -1.81756
83.3033 -0.172287
11.1453 -6.00814
27.8386 -3.98689
21.2051 -1.17654
34.8798 -4.59569
11.799 5.91434
59.5642 -2.04059
25.6701 -0.852886
82.8024 -1.73351
36.7277 0.409836
27.2917 3.88237
56.151 4.25296
96.4845 3.81324
58.7766 -3.59567
38.8587 2.30817
75.6114 -3.69637
33.8252 0.601769
88.4866 2.21675
76.9819 -2.93561
64.8211 -2.32568
7.48879 3.44916
71.598 0.31974
28.5861 4.82668
85.0871 -0.155855
67.5516 -2.14141
9.93115 4.77913
39.1946 -2.42648
73.0279 -2.08015
54.3224 -2.14641
83.6655 -3.67838
95.3878 2.09754
64.1283 3.1581
62.8263 -1.48472
63.5428 -5.38685
47.869 0.303385
51.5738 1.16611
47.946 4.33931
47.8913 1.59456
35.5723 4.42867
82.6935 1.91977
12.5059 5.13865
3.94989 4.60509
88.3301 3.64966
55.0594 3.05831
65.2858 -0.945012
90.2277 2.61859
47.061 1.28202
41.9535 -3.99531
40.6517 -0.630264
13.6775 5.71738
97.7499 4.37226
14.3913 4.31921
96.0803 -2.58647
24.4438 -2.6182
25.8034 4.437
17.811 -2.1872
52.3049 -2.44769
55.2951 -2.45327
69.1091 4.79022
57.3097 -1.55969
99.1729 3.85064
47.5133 -1.40247
7.51328 -3.63744
70.3216 2.79614
79.6821 -0.972659
10.4859 -0.629985
19.0307 -2.61708
51.7301 2.0234
0.616158 -1.28256
76.7369 6.39542
8.93317 -5.6422
96.0311 3.23698
53.9711 3.35174
63.6404 -4.32965
47.8813 -0.686115
78.1497 6.18603
99.2807 0.588986
37.6733 -3.30588
91.1282 3.59247
32.2248 4.79998
89.6885 -1.84923
2.31034 2.91456
15.6125 -5.75949
68.2424 -2.23017
33.5169 0.665653
38.1371 2.99049
72.199 -0.0411432
46.2924 1.58549
28.5281 3.66874
99.9523 -3.22608
28.9251 -5.63661
20.123 -0.977637
74.6104 -2.39856
62.8481 3.46561
5.75725 -0.925596
47.1106 2.57513
96.7579 -0.124045
21.9725 -4.04578
71.8035 -4.20567
76.7321 0.203812
40.8168 -0.602476
27.3751 -4.30319
58.9982 -1.14391
44.7184 1.63209
71.1108 -2.96628
12.0274 6.15583
59.7274 -2.2415
88.9477 1.28406
59.3281 -2.12447
44.535 4.65593
74.9049 0.272612
48.5409 -2.84297
35.4026 2.68891
22.5663 -2.89098
74.537 -0.566462
72.3603 -2.68116
43.4325 2.2819
84.9949 -0.012743
33.292 -1.40273
28.7571 7.42408
50.7664 -0.285676
53.066 -0.418595
63.393 -0.242384
97.112 -4.3674
0.831849 4.85687
10.1123 5.12766
96.075 4.49626
13.7802 1.77576
14.4979 2.12361
65.3022 2.24625
26.4312 -0.64375
84.1014 -1.4333
2.44971 -3.45583
30.815 4.47286
1.12064 -6.21918
40.3381 4.03399
89.3419 -0.995089
77.2375 -0.80105
90.5871 -5.04697
22.6265 3.18257
82.2077 -3.92112
90.6467 -1.49664
42.2097 -0.0810665
91.3744 -3.37809
89.006 -0.830694
69.1146 -4.51149
79.9899 4.82835
24.8895 -3.73591
2.05698 0.801565
66.2244 0.0769123
41.601 2.04606
66.731 3.2601
29.1905 0.973665
1.48512 -1.48492
4.41256 0.584461
32.9658 0.351399
87.2529 -1.54125
40.6158 -3.53984
82.7265 -4.74466
57.5142 0.317075
84.6664 -2.60035
63.2047 -0.0964712
44.4594 3.51213
18.8374 5.35635
15.4311 -0.00952031
22.9651 -0.348985
84.1943 -8.47488
91.2624 2.84051
5.70026 5.95986
62.6658 0.948233
21.3908 -4.09155
22.4069 0.214081
67.1242 4.84781
34.4 3.39591
50.6857 -3.31963
88.1635 1.64671
75.473 3.26988
20.8581 3.26666
45.1839 2.22774
13.6216 5.02379
32.4876 -1.9641
62.7645 -5.46695
62.9714 3.13312
68.3158 -5.17619
57.1933 0.434518
65.1552 2.06897
54.5156 3.41189
9.95906 5.19312
1.37318 4.74292
92.0716 4.10357
22.8721 4.98391
98.4946 1.98416
83.3542 2.82039
58.5622 0.763974
7.00767 -1.60078
0.952595 -5.25144
36.1765 4.03344
24.5306 3.40379
85.8947 -6.2685
55.7365 1.83592
54.4278 1.45344
24.6569 -4.08519
0.505006 -0.406167
19.3712 -6.00428
33.3537 3.14267
61.6217 2.10312
1.69704 -5.28639
93.4583 -1.57535
36.3913 -2.48509
86.1802 2.40452
43.8949 3.21158
80.1709 -4.13373
47.0619 -1.83807
20.9641 -4.59339
90.817 -1.45952
60.8216 -0.538755
99.9071 -4.91116
53.7281 2.15257
47.1585 -0.413261
84.698 -1.21557
15.7967 -4.39603
5.32513 -3.27301
90.8905 -1.98567
30.7459 -2.75247
6.35032 -0.238549
20.2336 1.0306
97.4531 4.11278
67.0969 1.94592
9.23177 1.63442
51.2989 -5.24103
81.0319 0.262721
62.7784 -2.24447
20.2592 0.230264
95.756 1.49448
6.34121 4.20491
90.3182 -2.66687
38.5319 2.73466
96.598 -0.890901
19.2945 3.01914
40.8122 -1.31771
90.0072 -1.64963
6.23802 -5.68434
71.9709 -0.311594
1.79619 1.4942
30.427 4.49586
55.1561 -0.468092
65.7151 5.13423
11.7219 -1.37708
20.9265 -3.55106
85.9929 -3.89145
94.4268 -4.65953
98.1008 0.181583
7.35071 5.04176
79.298 -1.52503
41.9681 -0.607548
53.316 1.16604
82.9434 1.60626
20.232 -4.69772
94.6723 4.64162
13.7067 -6.34226
87.0978 3.65109
36.6069 2.23592
80.2246 2.48708
22.7521 3.08492
56.2565 1.6708
12.0246 4.13563
19.5751 -4.11614
72.3874 -1.47226
7.37804 -3.5687
48.6959 -1.7916
59.4564 1.01419
59.2501 2.10371
86.7202 3.04695
1.02308 -1.13614
11.9941 -4.07711
89.5206 -3.15346
21.69 2.65299
5.31214 0.801791
22.944 -1.13335
62.4383 0.476904
36.5622 2.47238
15.1443 -4.49075
52.6294 1.65737
61.7063 0.206839
38.707 2.09128
22.8276 -0.606985
2.70227 3.64258
84.1092 0.992424
79.6726 1.83302
1.76745 5.00996
58.8122 -2.35815
86.42 3.5383
73.6709 0.226063
0.286656 0.229212
74.3688 3.83959
93.8091 -6.32094
73.2268 -0.465064
77.5795 -6.5574
34.7924 -5.08354
83.8073 -2.05245
23.4909 -3.74257
48.2924 -0.679836
67.624 -0.881929
60.2041 1.66149
35.9618 1.41431
40.654 -3.747
43.594 -0.759808
92.8145 2.72009
28.8533 2.51181
69.9747 -2.30868
33.006 2.62973
7.20867 3.97139
51.9275 -2.26064
14.9489 -3.51115
59.0203 -1.69989
76.7819 -2.79943
22.8684 -4.77973
44.8946 -3.59279
51.5989 -3.45172
25.8378 -1.4455
57.0549 1.59991
91.4876 -1.50856
9.78462 2.49381
75.5248 -3.58856
88.9708 2.37859
1.60248 -4.07995
64.587 2.49319
52.0282 2.46391
24.8073 0.796486
14.9947 2.64362
55.81 8.47015
32.3975 -0.0196202
23.6621 3.14046
70.7939 0.941165
84.9375 -6.04087
0.713274 -2.66377
97.0168 -5.32657
8.50818 3.80701
51.1792 1.07671
69.7759 3.48078
11.7553 3.42964
78.8363 -2.48729
48.9375 -0.790298
1.19757 0.810394
47.0714 5.17222
80.4658 3.82045
44.441 -1.67168
36.6404 -0.55051
83.8786 4.64296
83.3904 -1.22703
4.20208 -0.102645
61.6061 -2.95508
39.7593 -3.93952
37.809 -1.57485
9.19463 4.20245
29.6268 -3.81924
6.60167 -4.38997
73.6865 -6.26503
77.5264 0.459514
7.09438 5.21659
19.1866 -6.58809
62.9899 -2.57576
70.2151 3.76652
40.6858 1.60253
2.43804 -4.6125
61.4552 -3.9282
30.7014 -2.36155
42.6531 -1.61423
18.2799 -4.39689
92.1353 -3.09632
1.41096 -1.12388
87.5284 1.73273
80.2254 -5.388
3.84298 6.65048
67.6556 -2.56791
96.5216 -1.8668
32.8974 4.71038
88.5366 1.18842
72.1219 2.00065
69.5015 0.0984895
0.237415 -4.83943
36.8556 -2.59203
3.31888 -1.52566
77.0857 -2.72561
52.939 -2.07974
4.25914 -4.05463
46.3121 -0.868938
20.8152 -3.73555
92.474 2.27532
18.857 -0.168503
52.4366 -1.80908
42.2736 3.72813
38.3903 0.195913
25.2907 3.74992
32.9247 -0.179159
82.1955 -3.09141
72.7281 -1.55026
43.0302 0.236631
19.6005 -3.66618
74.6173 -1.27252
45.2683 0.187405
8.56199 -5.1406
44.1491 -0.159578
10.7302 7.49264
82.0172 0.890336
66.5186 -1.97429
82.5868 -2.8702
70.1009 0.968903
60.4182 -2.74499
12.0634 -5.15604
97.1222 0.676989
31.4659 -3.1497
38.2406 -3.38375
32.4711 5.50361
44.6918 1.32431
37.2205 -4.63225
19.2071 -6.82561
48.259 1.09428
71.2124 -2.40999
33.7864 0.562842
18.7403 6.88035
7.13631 4.05764
40.9124 4.19246
80.9557 3.80495
37.2971 -1.76242
17.5321 4.5035
99.3433 2.23242
59.0757 -0.201883
89.6451 -2.07256
79.7711 -3.05513
93.1723 2.49843
40.7436 5.07977
97.9677 -1.10873
31.2818 1.97671
90.2898 -1.04101
95.3128 2.32032
93.9074 -2.75128
10.5084 -2.82861
16.6249 -2.35345
46.1068 0.30716
60.4635 -0.830361
30.4523 -2.9358
13.7455 4.97998
79.2217 1.60506
68.3734 -0.1672
24.4795 -1.33319
15.5263 5.51157
48.4936 -1.48722
2.83221 -3.69737
55.3971 -5.61709
63.9142 -3.55525
22.1033 -5.44685
24.6737 -4.02124
83.1916 0.863167
87.673 -2.03758
55.5693 1.27122
46.4568 -1.39117
64.1505 3.50725
58.9526 -5.23775
54.2675 0.731679
68.5226 -0.173701
81.2567 1.35396
30.8151 3.47179
34.9061 0.908627
3.23106 -4.93193
4.8595 2.7533
88.2585 -1.74153
57.279 -2.34382
50.6805 0.0430326
40.4752 -5.66811
9.90131 0.350486
38.8795 0.88488
31.6223 -4.79733
39.1659 4.44446
35.764 -0.634556
74.7367 4.5599
40.7142 0.507667
70.2778 2.23145
23.1545 3.92631
94.1203 -3.92235
9.80904 2.35281
39.3058 5.59422
75.35 -0.0964173
72.3669 3.51552
94.5378 4.08216
32.7086 2.15227
40.54 2.96087
49.2607 -1.2188
80.5529 -3.60576
70.3925 -1.06418
71.4909 2.1529
58.2784 2.27035
0.535022 -2.6058
42.158 -1.45552
25.4609 3.68825
68.7632 2.26413
96.2878 -4.39567
61.4215 1.57122
57.5718 3.63454
5.58555 -3.70831
20.5813 6.06987
37.1952 -0.14479
51.1872 -0.310062
55.8268 -0.300981
0.526266 -3.11892
90.5151 1.58687
40.5004 -1.90502
36.8551 -2.60882
3.41048 -4.21242
81.7792 -5.98651
40.5215 -1.49238
63.8156 3.03567
41.4276 3.62518
55.1563 -0.0597946
72.573 -0.958249
15.8811 -4.78963
13.7965 -1.39638
85.708 0.0436889
73.4569 0.850806
11.0382 -4.47474
95.2223 2.32654
54.5362 -0.935826
22.7027 4.1116
89.8148 -1.16025
0.873687 -6.36916
40.4823 -4.04621
84.0483 1.68587
20.3156 -1.61303
72.7361 0.210642
62.1914 0.170279
20.5502 -1.14332
70.9614 -3.7602
4.84697 -4.02058
66.9799 0.240792
33.8539 0.624998
89.0258 -1.69937
92.3211 2.73568
26.424 -3.62343
29.5761 -6.01668
1.70846 2.52068
59.6895 -1.11094
81.856 0.861293
91.5913 -0.298839
41.8653 1.71655
36.5002 -1.81045
97.9172 -1.5609
88.9387 -4.6332
15.321 -5.80166
72.8364 -4.50674
68.0651 -5.2366
21.9652 4.95029
72.6972 1.62151
60.6741 2.73759
26.1116 -6.43252
75.2247 -0.699056
27.235 0.166528
13.1166 -1.43333
14.1384 -4.71119
56.8843 -3.01345
98.8056 -2.73935
34.6566 -0.907161
33.9071 3.35543
51.6458 -2.92882
1.29364 -3.56157
7.69643 3.81636
75.814 -3.38899
43.6485 -2.00641
98.5137 -1.56859
7.03164 -3.20125
42.0577 3.18006
40.5427 -1.06426
44.6045 1.24895
26.7628 -0.805176
65.1506 0.0019896
4.84874 -8.12533
78.7834 -7.25553
22.0022 1.71407
32.0526 2.98758
69.7523 3.13383
15.1256 -4.06655
39.828 3.06671
92.7039 -2.19165
80.6729 3.70843
11.2159 -4.46425
15.1947 -5.19453
1.35755 -4.56498
76.9649 3.43507
67.4959 -1.92979
66.8374 4.04556
61.5309 3.49876
73.4116 -2.29395
19.2273 -0.664782
77.2144 -2.58926
1.47754 -0.680624
80.0094 2.77105
92.1752 -3.19997
25.6331 -3.33744
90.3109 2.45008
8.0767 0.888753
37.069 -2.57341
17.7927 -1.42939
14.4499 6.0646
3.08043 -0.986471
76.3033 3.30941
13.1555 -2.90817
41.6968 2.82129
38.8716 0.727803
66.9921 -1.65162
17.1091 -1.43601
17.3241 -0.121027
49.8556 3.47893
40.2615 5.03049
48.7466 0.0655909
3.58903 -0.626933
80.835 1.45581
76.2469 2.93979
58.0802 3.67609
70.288 0.612285
39.6656 -2.67577
30.0222 4.39694
94.1711 -3.98178
70.3403 0.851467
67.966 4.9702
96.5551 -4.93661
62.9058 1.66923
64.5218 0.523934
33.2339 4.47656
64.5136 3.1791
13.2928 -3.97933
12.244 -1.46449
81.128 -6.04843
8.96112 -4.13679
57.403 0.389233
72.3896 0.443603
68.8513 -0.829832
87.3484 -2.44976
35.3707 -0.0197719
98.4059 3.88178
90.5619 1.19647
57.6512 -2.94292
92.1893 3.66564
75.295 0.0692889
97.7767 -0.887825
97.7035 3.71599
22.5363 3.16418
11.3334 1.22802
59.076 1.10361
71.9327 -2.30537
48.4775 4.47416
48.0375 2.63148
16.7018 8.45013
36.8294 -1.87007
71.7322 0.162923
52.1132 -3.53108
10.415 -6.3766
99.6871 2.60452
6.39448 -3.95617
32.3341 -0.143609
15.2636 4.57697
56.1643 2.55291
7.07044 -2.36682
25.6134 4.1288
49.4704 -1.57775
2.94911 -0.444746
74.8427 0.242467
91.6512 -3.20921
87.0328 -2.95879
33.9328 2.77217
89.9444 -2.99446
21.2744 4.76049
73.063 -0.309924
80.6151 5.00604
64.753 -0.803702
16.5902 2.80859
18.323 6.18674
59.8271 1.99894
29.4191 3.68416
5.06617 -0.935812
44.4707 -0.449927
58.5637 1.2256
88.6176 2.94744
81.8178 -6.69803
63.7682 -3.57461
91.2272 -0.126418
71.1938 1.24876
13.1038 -5.04909
23.8764 -2.14959
98.5768 -0.567184
63.8724 -1.46018
26.0155 4.13842
3.53721 3.4644
89.3106 -2.3597
24.9999 -2.91357
14.1491 0.658452
98.8428 1.11291
24.9433 -4.04915
89.4693 -1.52453
66.7862 -4.79386
60.0495 -2.23752
10.4973 -3.62111
1.24962 -4.10689
58.9705 3.28318
22.9136 1.55939
35.7421 2.46069
93.1926 1.64706
42.3566 -2.87275
88.2063 -3.12494
82.2698 -0.122145
30.4012 1.08894
3.57558 -4.7099
38.7706 -0.403709
37.8764 -2.60446
9.98568 0.134302
7.7935 -3.8181
47.2118 0.656475
67.2428 -0.528139
44.0123 -2.47131
41.9204 1.71338
12.1921 6.39986
56.3921 1.30676
82.1851 -5.7658
73.6016 0.475725
34.3586 1.25827
13.8788 3.3666
82.827 6.15426
94.0174 4.36567
30.5073 -4.16422
56.2121 -0.0080901
74.3587 -2.75399
77.8604 5.85803
3.98772 1.65059
22.1918 4.34492
93.95 0.0580525
89.2502 0.965172
10.8379 6.92703
58.3695 -3.50526
15.5883 3.95997
94.3539 4.75403
20.0473 6.86301
67.2706 -1.10321
32.0815 -3.03429
5.86873 -5.1471
46.2231 -2.76029
99.5063 0.248578
2.39826 4.82086
49.9394 -4.06606
3.43735 3.32943
67.6839 -1.17123
32.3254 0.941065
86.5578 -0.00305192
5.89631 3.87107
50.7718 -0.741393
91.4173 4.51344
67.1601 3.27032
70.772 4.39346
96.6185 2.83577
51.4018 -4.94307
93.3401 -2.69472
73.2111 -0.458906
39.9645 2.30907
48.2176 0.559832
55.4481 1.89501
76.5384 -4.04223
51.7479 -0.118076
10.0692 -3.76375
73.6601 3.13854
63.089 -3.27392
93.6682 -1.90593
82.9487 4.28413
64.9194 -5.41278
45.7608 2.22743
60.4027 0.653255
87.7816 4.49258
16.9084 3.193
29.0487 -4.57781
72.5639 3.62975
68.2693 -1.05545
99.1082 -5.07984
0.66339 -3.40624
51.3324 2.82578
34.1896 4.33374
32.5613 -0.113286
79.4096 -2.72838
27.217 0.246803
36.484 -3.40207
0.353467 -0.924793
92.1883 0.711757
94.7254 2.7082
35.5128 -0.927119
12.3152 -1.47655
29.3224 4.83695
90.4357 3.71181
51.1781 -2.11069
89.3274 2.33851
41.0661 3.32424
97.3311 -5.45683
37.2114 -2.3408
87.083 0.0353564
10.8411 -3.77518
68.5096 1.9814
79.432 -1.09458
28.6795 5.69906
98.4927 4.9521
19.2806 1.55652
4.28686 -2.01263
20.9392 5.13816
82.0468 -1.74981
67.0957 -1.6127
36.2319 2.11649
68.0771 1.65321
3.35048 4.57505
4.0967 -4.89285
75.0123 0.782695
98.4849 0.279323
37.734 -1.24437
84.198 -4.50494
93.1662 -2.2984
30.2215 -3.6045
62.0517 1.04553
18.5125 4.61856
97.1503 5.4309
15.9656 -3.71941
50.4568 -4.99053
15.1186 -1.36443
82.7715 -2.71969
88.7738 -3.60436
99.0099 -1.81951
91.5545 -0.0232951
85.6874 -1.52042
60.9692 1.40245
51.7444 1.35581
98.8864 -2.33323
31.8305 3.63355
63.7729 0.793453
20.2132 -0.318098
43.0915 -3.54333
92.3065 -3.50633
23.8614 -2.62093
12.4715 -3.76688
80.7072 2.94101
69.5389 -0.782361
76.471 -1.27819
8.23257 -3.81926
51.6389 4.21173
58.0856 -3.40843
26.914 -3.45616
16.1624 2.7401
64.3256 1.50868
37.4024 -3.1367
49.7179 -3.87464
87.1376 -5.48547
85.8275 3.91061
23.0619 -2.09803
81.1054 -1.21623
1.28569 -0.000575767
25.3536 0.444179
48.6011 5.38689
34.4475 2.68751
70.5701 0.898386
57.7769 -2.38818
33.0487 1.16848
32.1637 0.648869
96.1955 1.66269
38.9674 -2.41958
57.3146 -3.70442
57.2343 1.27665
56.6546 -4.34689
32.5715 4.01055
82.5627 0.369779
80.0517 -1.89099
63.0073 -1.00968
14.1775 5.81871
18.5405 -2.84739
45.3245 -4.30044
63.3947 1.70261
84.372 4.68712
26.0271 2.97997
66.7094 4.7248
74.4369 1.49061
11.5679 1.79408
34.9787 -5.67213
77.6392 2.97691
62.1395 -4.38359
24.2027 5.20289
43.3585 3.88089
35.8754 -3.18377
6.07142 -1.10251
31.1567 -2.10876
71.6897 -3.91762
64.3912 0.0376246
30.2399 -1.35811
25.5008 4.3792
69.9048 -2.75974
76.8811 5.25476
88.7335 4.62343
41.2649 -1.6458
19.6845 5.7111
76.0005 -2.54805
18.1099 -2.74498
5.557 2.96954
99.6344 2.64959
44.1634 1.84553
11.8283 5.7345
50.3579 1.63773
9.51283 -1.40762
56.7791 0.150213
16.4383 0.588511
63.7504 1.72519
99.4114 -3.07623
79.8403 -7.02704
70.6165 2.21853
99.6674 -1.71294
66.5207 -2.69343
87.6728 1.73949
44.9684 -1.13321
61.6521 -2.43152
55.1621 5.67945
42.098 0.533567
75.4235 -5.83126
22.8474 -2.47144
49.342 0.456263
89.1238 -2.70809
1.77156 1.89608
27.1558 5.82271
16.6742 6.23991
87.5924 -0.0438049
55.7745 -1.55621
98.4077 0.282445
66.0765 5.27621
81.3084 1.86638
59.9725 0.809912
66.7269 -3.10401
37.7521 -2.56815
33.1419 -0.665726
46.7098 -0.465876
44.914 -0.822255
2.04211 2.06581
29.4525 -2.10429
79.1214 -0.619755
18.5422 5.85946
43.9884 3.1219
86.2287 2.18875
20.0447 -5.67433
87.8879 5.15886
2.27295 0.353075
50.714 -2.06326
29.3716 1.48248
51.7192 -0.226494
90.2276 -1.6336
37.216 -1.78116
81.3542 3.06821
87.8803 -1.44004
6.16533 6.25013
89.5404 -3.73555
17.4436 0.634164
39.3261 -0.357679
33.9127 -5.23613
12.884 -6.85263
5.01912 6.0697
45.5782 -1.97487
31.1986 -0.191228
5.02553 0.988018
54.2259 1.46748
61.6454 -2.37751
26.3752 -3.77633
94.6202 1.22316
26.3871 1.23402
73.5363 1.36453
53.2065 2.78734
67.5387 -1.6042
40.7154 -2.44047
60.25 1.20062
63.1666 -0.754815
21.0325 3.91513
11.7769 -4.02076
19.5274 0.219312
42.5527 -1.93375
41.0112 -1.34334
70.9072 -1.13995
37.0278 0.991659
18.777 -4.57804
60.3133 0.972683
24.8887 1.80632
26.2823 -4.19306
87.8059 -2.73191
33.5942 -2.89738
43.6571 -0.541897
83.8278 0.92042
53.7456 -1.35667
65.3776 3.38214
96.5693 1.90284
0.481451 1.12241
38.0647 -1.58299
44.1588 -3.9796
42.5346 1.91676
