1.04982
0.0376455
0.335206
-0.610044
-0.53244
0.336034
0.498475
1.45538
-0.285847
0.279419
-0.529519
-0.42447
0.0654661
-0.556099
-0.682362
0.386734
0.772918
0.466757
0.114354
-0.370318
-0.724882
-0.675494
1.17099
0.978873
-0.911327
-0.227325
0.236851
0.843581
-0.0669797
-0.303498
0.989395
0.927133
0.392928
0.33189
0.735828
0.523811
-0.381362
-0.344803
0.44245
0.202405
0.448544
-0.0992604
0.127701
0.936741
-0.251152
1.47716
0.865094
1.03809
-0.322704
-0.537695
-0.119717
0.753816
-0.130329
0.811432
-0.31581
-0.279258
0.176916
0.514576
1.35545
1.00191
-0.224886
-0.253557
-0.726675
-0.304941
-0.343589
0.657419
0.452192
0.498384
0.140011
0.074659
0.463423
-0.152031
0.0552065
0.520176
0.147159
0.0148041
-0.521796
-0.448247
0.38889
0.162346
-0.503491
-0.503498
-0.568024
0.507267
0.337557
-0.131685
0.195107
-0.250879
0.11959
0.333185
-0.408634
-0.210227
1.45972
1.83717
0.586931
0.205002
-0.598266
0.0925376
0.217442
0.151993
-0.378085
-0.40576
0.202993
-0.571639
-0.24399
-0.400512
-0.205194
1.56404
1.12277
0.048612
-0.791505
-0.063747
-0.423063
-0.176096
-0.92901
-0.134906
0.492254
1.08077
0.2773
-0.200158
0.180593
-0.0537014
0.618248
0.00620574
0.212288
-0.117525
-0.474552
-0.550817
-0.897827
-0.673091
0.0557894
-0.137652
-0.204399
-0.605935
-0.290373
-0.451211
0.206641
0.406795
-0.166312
-0.2011
0.525853
-0.098378
-0.34254
0.312236
1.10306
0.748345
0.223562
-0.295332
-0.65196
0.323553
-0.199512
-0.290301
-0.470541
-0.596218
-0.733068
0.00567449
0.0731764
0.568769
0.346669
0.611035
0.754349
-0.391946
-0.417379
-0.302204
0.421329
0.564647
0.660038
-0.596702
0.245534
-0.201186
-0.89289
-0.541472
-0.556419
0.0640557
0.857436
-0.388569
-0.199226
-0.991863
-0.375948
-0.402229
0.131663
-0.0700426
-0.605181
-1
0.238617
-0.0774216
-0.115384
-0.589667
-0.400662
0.13571
-0.133569
-0.495522
0.291007
-0.251507
-0.53452
-0.108951
0.369071
1.18907
0.433807
-0.794878
-0.160506
0.223445
0.435405
-0.692764
-0.170382
0.464662
0.87765
1.31675
-0.0669832
-0.758475
-0.254474
-0.401394
-0.296132
-0.525741
-0.118904
0.245533
0.443847
0.894168
0.926836
0.593805
1.32232
0.32534
-0.678762
-0.554187
0.151032
-0.508105
-0.0758403
0.348039
-0.256304
0.440689
-0.493761
-0.641272
-0.178374
0.814002
-0.0110417
-0.423767
-0.0998121
-0.273337
0.867472
-0.402737
0.12921
0.651587
0.321238
0.434682
0.833078
-0.262177
-0.812757
-0.150688
-0.543789
0.0500539
0.645901
-0.27789
0.023403
-0.345784
-0.491497
0.565878
-0.0621626
-0.0559157
-0.511961
-0.0344894
-0.155961
0.675841
0.0814665
0.132826
0.0673206
-0.332947
-0.466935
-0.31801
-0.576655
0.157871
0.339884
0.501488
0.343686
0.0450667
0.93234
-0.296004
-0.45693
-0.0848044
0.294448
0.305079
-0.0859329
-0.184384
0.35994
0.931601
0.783446
0.949779
0.101027
-0.242963
1.26645
0.553321
-0.424466
-0.394719
-0.3906
0.498937
0.13205
0.129923
0.912465
0.488188
0.432773
-0.163544
0.412273
-0.161068
0.678662
0.294197
1.33743
0.286672
-0.403362
-0.461365
0.252241
0.559924
-0.0649522
0.525878
0.782433
0.387031
0.95525
2.00162
0.557945
0.209651
-0.349881
-0.887062
0.252183
-0.317121
-1
-0.632857
-0.199668
0.136569
-0.419586
0.358063
0.389231
0.216609
-0.475561
-0.116357
-0.245243
-0.455457
-0.725343
-0.37498
-0.0367895
-0.94983
0.0627354
1.27394
0.182745
0.485039
-0.0412637
-0.773105
0.31047
-0.404661
-0.542115
-0.644877
0.718562
-0.499936
-0.605875
-0.382593
0.034558
0.154047
-0.391827
-0.0654682
0.461796
0.9805
1.16287
0.963131
0.246649
0.305631
1.27172
-0.15275
1.0667
0.920746
-0.356813
-0.461914
-0.195813
0.295499
0.225753
0.447442
0.777778
-0.28914
-0.579276
-0.15495
-0.806649
-0.352896
-1
-0.275124
0.956447
0.765441
0.0983566
0.526661
1.26343
1.60081
0.580775
0.767744
2.15807
-0.191411
-0.858695
0.339877
-0.553042
0.0369782
0.678411
-0.0937252
-0.726548
-0.163193
0.18293
0.0839218
0.774683
-0.177525
0.985558
1.01964
0.269985
0.243696
-0.610949
-0.752403
0.695345
0.924546
-0.50754
0.366563
0.0231194
-0.563488
-0.441097
-0.048938
0.267136
1.06491
0.332252
-0.602693
-0.255349
0.748144
0.0790255
-0.219779
0.585394
0.131298
-0.503058
-0.435305
-0.368747
-0.453434
-0.0869329
-0.602762
-0.379271
0.272854
0.491686
0.99058
0.146903
-0.359755
-1
-0.612427
-0.171202
-0.1771
-0.170699
0.055225
0.574246
0.984945
0.223207
0.361571
-0.490319
-0.124246
-0.278708
0.376426
0.483233
-0.254958
-0.804793
1.06725
0.568383
0.731912
0.159944
0.705986
0.643098
1.08018
0.900185
0.140165
0.122341
-0.0736866
-0.470476
0.62791
0.0521925
0.0500442
-0.0854765
0.0493878
0.00453756
-0.329096
-0.306177
0.273315
0.346139
0.912291
-0.521237
0.486578
0.0319483
0.161285
-0.354078
-0.339648
-0.614596
-0.133924
0.359033
0.874494
-0.0488128
0.712094
0.0806658
0.0844146
0.603397
0.194841
0.312024
-0.525146
-0.180005
0.811781
0.820185
0.436056
-0.448405
0.36421
1.93576
0.576181
0.198918
0.572471
-0.255398
0.354627
0.121881
0.289249
0.38745
-0.288249
-0.140799
-0.307584
0.306113
-0.174475
0.248699
-0.568666
-0.545935
0.460025
-0.0880433
-0.4287
-0.310972
0.169966
0.454379
-0.503259
0.0350903
-0.0784686
-0.290089
0.278664
0.553695
0.268468
-0.218838
-0.431335
1.08026
0.418484
0.221189
1.38488
-0.135784
-0.944967
-0.262905
0.39455
-0.22345
-0.211756
0.508415
0.680896
-0.330506
-0.414119
-0.949125
-0.219562
-0.765516
-0.152481
0.0041094
-0.667567
-0.133565
-0.665832
0.0633136
-0.7285
-0.0533332
-0.165746
-0.308169
-0.442474
-0.0476198
0.101514
-0.320605
-0.479982
0.550539
-0.0254561
-0.153754
1.26729
-0.117847
-0.354869
-0.327724
-0.43435
-0.813519
-0.718694
0.16139
0.50691
-0.73859
0.826143
0.223055
0.260822
-0.218674
-0.0516348
-0.588104
-0.550917
-0.648666
0.0182027
0.149825
-0.101571
-0.232807
0.166023
0.442657
0.9664
0.436695
-0.480019
-0.26612
-0.374921
-0.0899334
-0.591502
0.327617
0.321996
-0.250276
-0.669869
-0.077694
-0.496754
0.182928
1.33502
-0.271864
-0.060028
-0.907116
-0.109779
0.282234
0.447282
0.215091
0.0664761
1.41113
0.417925
-0.238188
0.449097
0.271078
-0.357371
-0.595626
0.378534
0.981458
0.240458
0.0270935
-0.203207
-0.623619
0.861762
0.595538
0.169801
-0.0216977
0.930821
0.166044
0.962435
1.04864
0.279726
0.261131
-0.52169
-1
-0.539178
0.147669
-0.0230889
-0.718202
0.655643
-0.183863
-0.488422
-0.0244938
0.918624
0.175984
-0.0960764
0.190541
-0.022895
0.675538
0.473216
-0.253011
-0.410058
-0.560363
0.392425
-0.105529
-0.306408
0.637424
0.65229
0.128344
0.00783006
-0.545534
0.896023
-0.18323
-0.556127
0.860681
-0.0641766
-0.865997
-0.687981
-0.861803
-0.728597
-0.435689
-0.171993
0.178973
-0.333067
-0.466888
0.0356312
-0.81618
-0.487932
-0.0993577
-0.849898
0.158008
-0.0407966
0.0922471
0.0945152
-0.0270229
0.305047
-0.157445
0.160766
-0.808168
0.490327
0.732743
-0.574676
0.0846246
0.226504
0.144119
0.509669
-0.112315
-0.0795885
-0.187187
-0.801378
0.0514178
0.093124
0.137884
-0.0416853
-0.0555341
-0.558964
-0.321761
-0.308374
0.208401
-0.661081
0.245296
0.817354
-0.1246
0.266466
0.85082
-0.763956
0.36507
0.85782
-0.48287
-0.30012
-0.247288
-0.571434
-0.477178
-0.470637
-0.535977
0.489909
-0.616095
-0.71992
-0.068586
-0.303335
0.26059
-0.0570358
0.8596
-0.0239934
0.119695
-0.247438
0.164889
-0.066517
0.101222
0.00396678
0.185972
0.374906
0.970877
0.056355
0.120733
1.69529
0.277624
-0.0106683
0.888133
-0.933354
0.72852
0.480129
-0.920489
-0.0280651
-0.636418
0.00600975
-0.663944
-0.450359
-0.197327
0.0313491
0.0463936
-0.537423
-0.0891449
0.540918
0.0830948
0.645373
0.00696365
-0.261723
0.0202562
-0.228841
-0.663521
0.219558
-0.440673
-0.323831
-0.42592
0.416271
-0.496923
-0.718834
-0.0802723
0.0155805
-0.541991
0.820984
-0.219335
-0.670167
-0.578346
0.515773
-0.0721997
0.959364
-0.0232669
-0.319428
0.275032
0.155556
0.870922
-0.688437
-0.387862
0.255061
-0.47752
-0.00105644
-0.667673
0.0546432
0.19689
-0.348241
-0.119271
0.0560225
1.28198
1.10377
-0.461599
0.294702
-0.173355
0.602819
0.475347
-0.395923
0.733725
-0.191252
0.389397
0.748758
0.517702
0.405085
0.0722758
1.18642
0.461341
0.0966152
0.177286
-0.19756
-0.138847
0.533101
-0.206558
-0.77179
-0.356648
0.0833598
0.964587
-0.247213
-0.312488
-0.242857
-0.801627
0.5299
-0.344622
-0.208867
-0.515996
0.317755
0.677109
0.409254
0.145648
-0.509965
-0.575913
-0.749399
0.142451
0.415904
0.64163
0.494698
0.289931
-0.176176
0.14881
-0.539745
-0.321907
0.306413
0.25901
0.477435
-0.049252
-0.0242516
0.77635
0.773548
-0.480453
-0.181667
-0.0148771
-0.134396
0.213134
0.320212
0.454317
-0.0607975
-0.269882
-0.276476
0.0517851
-0.102501
0.041203
0.00482226
0.00776373
0.317087
0.304583
1.46512
0.232409
0.158028
-0.227997
1.10704
0.298533
0.111912
0.264343
0.178852
-0.242467
0.406616
-0.648119
-0.388974
-0.0387091
0.158012
-0.160299
0.865705
0.680016
0.96481
0.243044
0.156092
-0.158773
0.817238
0.4136
-0.669179
0.313969
-0.284112
0.741822
0.144473
-0.535209
-0.485873
-0.268387
0.435567
-0.0922041
0.454379
-0.648103
-0.525387
1.44556
1.15786
0.327572
0.222378
0.841031
0.200162
0.120931
0.518975
1.32257
0.951764
0.702525
0.215158
-0.120412
0.492012
0.725012
-0.2124
0.57619
0.126651
0.204963
-0.0597203
-0.606554
0.0984483
1.0396
0.2068
-0.554108
-0.206371
0.630745
0.433186
0.758654
0.120103
-0.764253
0.0818051
1.2491
1.41059
0.511538
0.323027
1.06231
0.940838
0.135673
-0.282141
0.622896
-0.371
-0.44034
0.9515
1.72533
0.312464
1.14413
1.53836
0.157811
1.4668
1.08783
-0.218637
0.300648
-0.0791018
0.710053
0.493571
-0.219425
-0.40771
-0.115704
0.562569
2.14207
0.754139
0.2636
0.305287
0.430541
-0.538169
-0.678632
-0.138214
0.24932
0.941184
1.70559
0.303804
0.897965
0.752119
1.13533
1.6114
1.40274
-0.294352
1.15564
0.589229
0.327608
-0.435415
-0.711601
0.654212
1.55451
1.49931
0.97038
0.609839
0.162534
-0.161557
0.641678
0.574082
0.67978
-0.158934
-0.0553579
0.254281
0.477082
1.06562
-0.395371
-0.274223
1.50313
0.82631
0.246899
-0.828495
0.0850191
-0.258158
0.155148
1.77309
-0.144636
0.00701915
0.57916
0.408105
0.0438981
0.608208
-0.0555875
-0.0454279
-0.149115
0.203336
0.102906
-0.136165
0.0233959
-0.806958
-0.574649
-0.284249
-0.55056
-0.178478
-0.0533246
-0.251745
-0.649252
-0.681587
-0.435868
-0.126293
-0.541626
-0.449491
-0.0215857
0.823994
0.648711
0.584662
-0.0479216
1.26021
-0.0051504
0.0510584
1.64732
-0.503224
-0.195565
0.705604
0.174312
-0.842603
-0.341303
0.889652
0.138522
-0.116917
0.0561815
-0.140777
-0.265886
-0.579649
0.217932
0.898712
-0.224729
-0.158083
0.957465
0.0443863
-0.716006
-0.773647
0.413373
0.0474996
0.553131
-0.339279
0.0304804
-0.246972
-0.672212
0.13386
-0.358317
-0.138972
-0.658993
-0.441379
-0.0921142
0.061053
0.31026
0.618481
0.211043
0.186432
-0.0105959
-0.42238
-0.332816
0.10651
0.0438606
-0.950354
-0.62715
-0.96325
-0.154853
-0.173104
-0.624043
-0.991519
-0.482691
-0.195176
-0.692214
-0.833808
-0.0242174
-0.308927
0.478697
-0.217469
-0.179075
-0.7982
-0.478892
0.154724
0.438182
-0.0341367
-0.0602363
0.022482
0.0627759
-0.933899
-0.885076
-0.411832
-0.669709
0.237321
0.932699
0.33122
-0.720448
-0.214328
0.182552
-0.88953
-0.113974
-0.524283
0.0572627
0.264797
0.0892991
-0.825617
-0.323556
-0.962102
-0.234836
-0.0225744
-0.720283
-0.231687
-0.551717
-0.503045
-0.431298
-0.617856
0.178071
-0.231953
-0.0141154
-0.872059
-0.592545
-0.560701
1.05382
0.815094
-0.359813
0.130242
-0.275099
-0.430745
-0.591759
-0.645396
-0.943645
-1
-1
-0.457964
0.0142001
-0.917836
0.0596002
-0.0490492
-0.552951
-0.929952
-0.258222
-0.583026
-0.908014
-0.407041
0.154134
0.681347
-0.129392
-0.00876982
0.344206
-0.457227
0.900289
-0.211968
-0.316389
0.450667
-0.567443
0.0510113
0.637499
0.354457
-0.773766
-0.785012
-0.805388
-1
-0.261721
-0.588
-0.623998
-0.736817
0.139122
-0.651786
-0.542598
0.302544
-0.346732
-0.419855
-0.342263
-0.157811
-0.583425
-0.648247
-0.0768911
-0.599617
-0.53169
-0.575376
0.0335272
-0.380791
0.121541
-0.248802
-0.534715
-1
-0.645074
-0.786634
0.766472
-0.513908
-0.169849
-0.168187
-0.56762
-1
-0.879915
-0.174139
-0.717146
-0.921331
-0.0540146
-0.167099
-0.189573
0.0133148
-0.0242836
-0.741815
-0.4806
0.0135611
-0.541535
-0.943426
-0.777748
-0.717846
-0.242985
-0.525451
-0.0965175
-0.756083
0.241944
0.204434
-0.493114
-0.692634
-0.276633
0.464206
0.0892267
-0.150285
0.0748054
0.130215
-0.00966145
-0.539474
-0.365726
0.572869
-0.349296
-0.361466
-0.0972424
-0.422329
-0.432584
-0.809827
-0.722409
0.0277244
-0.666916
-0.179415
-0.3028
0.00927995
0.178896
-0.0354679
-0.229862
0.26227
-0.739702
-0.979353
0.421749
-0.0497705
-0.935025
-1
-1
-0.83241
0.649098
0.0505116
-0.771649
-0.0536996
-0.913458
-0.140684
0.101856
-0.123853
-0.17502
-0.572567
0.140989
-0.0335856
0.282552
1.43261
-0.295094
-0.952093
-0.453606
0.0740252
0.0782533
0.682146
-0.103926
-0.942306
-0.648094
-0.941298
-0.174965
-0.0962138
-0.343623
-0.833297
-0.0623729
-0.662125
-0.3902
-0.580706
-0.64217
-0.0227127
1.20573
-0.135523
0.454214
-0.715537
0.0629817
-0.0490802
-0.965901
-0.400087
-0.280933
-0.535568
-0.629522
-0.253903
-0.0773812
-0.14609
0.5338
-0.247117
-0.771971
0.933804
0.0622105
-0.467951
-0.258276
1.38944
1.63055
0.847685
1.09461
0.616087
-0.650936
-0.447592
-0.291948
-0.0441993
0.39347
-0.270473
-0.559704
-0.562459
0.431193
0.502847
-0.409993
-0.619036
0.616584
-0.539948
-0.489153
0.280868
-0.461774
0.127162
0.595798
-0.181397
-0.023262
0.421018
0.071869
0.145891
0.811897
-0.550992
0.714808
0.329797
-0.00812687
0.377882
0.311686
-0.407383
0.308308
0.202874
-0.0312765
0.0982357
0.0111548
-0.0856106
-0.623172
-0.335285
-0.678199
-0.61112
-0.261322
-0.451888
-0.331349
-0.148336
-0.328195
-0.852605
-0.503244
-0.367134
-0.19777
0.549584
0.451177
1.11655
-0.150883
-0.358555
-0.820099
-0.182084
0.0500243
-0.597325
0.0105094
-0.51359
-0.0679199
0.0393642
0.38009
-0.864297
-1
-1
-0.575106
-0.605694
-0.705075
0.123447
0.838586
-0.280934
-0.680088
0.0069886
-0.284079
-0.0846406
-0.257675
-0.299491
-0.0166944
-0.120343
-0.633385
-0.232188
-0.654409
-0.312547
-0.32349
0.440574
0.753931
0.378142
-0.268506
-0.498609
0.400234
-0.150698
-0.127581
-0.483469
-0.783763
-0.531703
0.0186201
0.291225
0.933532
1.0449
0.391204
-0.243647
-0.599002
-0.690962
-0.606646
-0.0699726
-0.62588
-0.649502
-0.769096
0.201292
0.0489566
-0.114257
-0.0463279
0.00423231
0.913999
0.362801
-0.551843
-0.628957
-0.323932
-0.443016
0.308728
0.734784
-0.671676
-0.0943332
-0.0379748
-0.456787
-0.233393
-0.656554
-0.933846
-0.487544
-0.0102977
-0.168571
-0.578195
-0.478592
-1
-0.470621
0.186033
-0.0320207
-0.816191
-1
0.282316
-0.234316
-0.540948
0.436998
-0.0288499
-0.911416
-0.182485
-0.0364782
-0.818983
-0.593038
-0.3294
-0.688842
-0.641575
-0.100823
-0.244314
-0.718246
-0.61721
-0.0537461
0.108423
-0.437661
0.365877
0.0745397
-0.705823
-0.679394
-0.575797
-0.730611
0.0338016
-0.520641
-0.122854
-0.162584
0.167148
-0.089145
-0.43184
-0.540306
0.290653
0.191969
0.406998
0.000117333
-0.0600188
0.413546
0.326311
-0.907973
-0.188204
0.33225
-0.721426
-0.726442
-0.174888
0.596997
-0.182129
0.0447619
1.11023
-0.688898
-0.345973
-0.844044
-0.597614
-0.793215
0.100873
0.496344
0.770316
-0.226399
-0.441792
0.120094
0.0984351
-0.113457
-0.577349
-0.603451
-0.709157
-0.302627
0.552864
1.37412
-0.884656
-0.337253
-0.95889
-0.78942
-0.774282
-0.0992586
-0.28904
-0.633702
-0.330992
-0.806506
-0.39291
-0.0968052
-0.0526853
-0.315824
-0.0279683
-0.198607
-0.499361
-0.642217
-0.261935
-0.139903
-0.110728
-0.501151
-0.670292
-0.235665
0.0596388
-0.854386
-0.79645
0.409664
-0.311587
0.204772
0.201388
0.126967
-0.341729
-0.0213446
0.846878
-0.488159
-0.710449
-0.0825937
-0.0552218
0.240138
-0.295873
-0.0754162
1.16638
-0.726793
-0.24665
-0.611917
-0.854107
-0.0437693
-0.0450418
1.33229
0.856066
-0.381242
-0.900992
-0.690149
-0.490651
-0.800486
-0.776401
-0.113113
-0.331098
-0.733735
0.269135
-0.139668
-0.859234
-0.510337
0.476822
0.755247
0.239202
0.157889
-0.511566
-0.653857
-0.830704
0.301158
-0.0319163
-0.141425
-0.00366043
0.15433
-0.713381
-0.5093
-0.395611
0.905938
0.399248
-0.500137
-0.98494
-0.715872
0.129155
1.05877
0.158359
-0.590201
-0.641178
-0.375746
-0.30199
-0.250493
0.293051
-0.752657
-1
0.366119
-0.213837
-0.606586
-0.07414
-0.175015
-0.0128989
-0.139641
-0.66257
-0.654159
-0.80404
-0.379541
-0.0345061
-0.0346457
0.0674031
-0.503728
-0.428115
-0.568952
0.491764
-0.296911
-1
-0.633898
0.0931765
-0.131212
-0.181033
-0.050514
0.447477
-0.26668
-0.513628
0.741938
0.69199
0.159874
0.104992
0.912326
-0.391419
0.161697
0.0581126
-0.35634
0.351658
0.0669198
0.661911
1.34071
0.22829
0.127653
-0.278709
1.82345
1.6447
1.48561
0.559917
-0.463336
0.118277
1.02943
-0.184244
-0.364395
-0.215592
-0.00881863
0.147219
1.87692
0.312681
-0.335445
-0.415781
-0.352973
-0.424399
-0.596482
0.0344657
-0.2699
-0.679393
0.0180249
0.18887
0.274972
0.378533
0.21456
0.338894
0.068472
-0.794
0.0579474
-0.344914
-0.150233
-0.349412
0.373284
-0.758198
-0.452338
-0.318862
-0.925689
0.313601
-0.51708
-0.413233
-0.384248
-0.140289
1.00268
0.0107654
-0.392264
0.294561
-0.0764425
0.614934
0.759195
0.0996484
-0.22008
-0.571607
-0.293866
-0.366987
-0.502095
-0.0226976
-0.433062
-0.179828
-0.134075
-0.401741
-0.0883788
-0.579931
0.0856483
0.796582
-0.208023
0.317201
0.0984733
-0.205181
-0.341486
0.355715
0.67558
-0.0100325
-0.03289
-0.652507
-0.4147
0.193265
0.0848216
0.884819
0.228449
-0.0870845
-0.0956295
-0.132972
-0.157964
0.877452
1.44274
0.219895
0.0269078
-0.0623034
-0.166139
0.481239
0.0507374
0.422791
0.461874
-0.406765
0.0645432
-0.132903
-0.390174
0.179612
-0.544444
0.276046
1.42407
-0.11862
0.702763
0.284896
-0.130388
-0.298505
0.387708
0.204978
-0.162805
-0.333881
-0.806395
0.329902
0.55213
0.515975
0.00520515
0.496199
1.09951
1.0313
0.861957
1.09106
0.0666692
-0.141463
0.713129
-0.190633
-0.144541
-0.736916
0.246701
0.330748
-0.214186
-0.31912
1.46409
-0.341181
0.0572322
1.27177
0.0988389
-0.216748
-0.0524135
0.490699
0.420652
-0.597013
0.196707
0.190027
-0.160262
-0.325271
0.631239
0.705878
1.07293
-0.859249
0.289969
-0.290865
-0.321314
0.328974
0.637326
1.19528
0.183666
0.550861
1.16727
0.39172
-0.271882
0.861132
0.21463
-0.029436
0.0534557
0.725272
0.149564
-0.06173
-0.184637
0.928492
0.58694
1.16481
0.291658
0.691898
1.40108
0.764476
-0.0323256
0.18856
-0.207263
-0.510086
0.489658
1.43656
0.907269
0.942243
0.331522
0.10922
0.393205
0.201693
0.326226
0.843505
-0.584351
1.2928
0.199111
0.346138
0.413807
1.68727
0.0747394
-0.1103
0.503129
-0.315676
0.325818
-0.312629
-0.940809
0.967884
0.363925
0.40548
-0.0243112
-0.285322
-0.523646
0.301722
0.62291
0.687885
0.993421
0.899914
-0.108576
-0.463649
0.439182
1.10285
-0.139742
1.5286
-0.249941
0.823133
0.304219
-0.152587
-0.47094
-0.418756
0.610071
-0.172066
-0.330163
0.324902
0.710722
1.63081
-0.415301
-0.296347
0.0126121
0.227415
0.447623
0.44091
0.198487
-0.327594
-0.620928
-0.748415
-0.129141
-0.417912
0.038689
-0.118939
-0.0869536
-0.338442
-0.464488
-1
-0.866558
-0.0474032
0.293045
0.365982
0.852036
-0.862702
-0.34178
0.672303
0.994185
1.22572
-0.334324
0.231143
0.301048
0.147289
0.160497
-0.367876
-0.0120369
-0.749773
-0.0602201
0.443428
-0.461749
-0.162957
0.567011
1.00509
0.578638
-0.425131
-0.268946
-0.695496
-0.0172921
0.426813
0.655771
-0.484017
0.128269
0.807453
0.394727
-0.0347975
-0.393
-0.0863282
-0.267267
0.52004
0.186144
0.265981
0.587782
0.853381
-0.0202537
0.140986
0.259807
0.108162
-0.457436
-0.221274
-0.114632
-0.0944065
0.986343
0.187337
-0.0587658
-0.568183
0.367778
0.112954
0.0421778
0.0556328
0.283932
0.62072
-0.333218
-0.0760758
0.215699
0.156983
-0.673756
-0.300753
0.435641
0.318408
0.091222
-0.444033
0.267821
-0.200772
0.649982
-0.0882404
0.41578
0.591259
-0.545758
-0.14879
0.817578
1.08502
0.298706
-0.266304
-0.657959
1.02684
-0.00800999
1.01314
0.0183935
-0.661815
-0.65417
-0.580367
-0.0243721
-0.28557
0.23493
-0.305893
-0.13148
-0.173835
-0.186889
0.209042
0.0773894
0.179267
0.231522
-0.522215
-0.538305
0.0187111
1.33351
1.17766
0.063698
-0.697321
-0.73455
-0.469593
0.266833
-0.443591
-0.0786783
0.0953198
0.305803
0.563519
-0.0775702
-0.692298
0.208578
-0.0847509
1.24836
0.440649
0.436744
-0.365283
-1
-1
0.4311
0.53168
-0.372718
0.22893
0.591925
0.895615
-0.196438
1.14107
0.0698985
-0.515102
-0.120244
0.24429
0.195195
0.414849
-0.536374
-0.660406
0.689796
0.158511
0.958004
-0.258253
0.0511677
0.153378
0.0877019
-0.0403232
-0.0565835
-0.251448
0.478582
0.871742
0.226285
0.136658
-0.425406
0.570013
-0.600292
-0.315569
-0.138635
-0.231757
0.259484
-0.114744
-0.420592
0.323016
-0.807604
-0.707027
-0.568274
0.329244
-0.186742
-1
-1
-0.0188306
-0.231859
-0.246241
0.514662
0.725694
1.24541
0.0137036
0.0669047
-0.0703386
0.0390371
-0.117029
-0.0851656
-0.00697096
0.884503
0.482262
0.21276
-0.0400104
-0.283541
-0.743651
0.0463625
0.126328
0.518034
-0.582538
-0.644687
-0.609887
0.162545
0.134641
-0.364279
-0.0171247
-0.101148
0.194984
0.602328
1.11687
0.104301
-0.344834
-0.553704
-0.0416967
-0.356599
-0.926992
-0.141033
0.822799
0.301184
-0.550358
-0.648901
0.718953
0.159748
-0.7266
-0.0935394
0.0761292
0.998096
0.249217
0.142026
0.339809
0.188879
-0.0805552
0.727898
-0.0767606
-0.707807
-0.209255
0.177778
0.650487
-0.657673
0.0566615
0.340966
-0.115751
0.430422
0.668752
0.34261
1.57454
-0.164873
-0.3406
-0.527686
0.179327
0.0678917
0.487412
0.917061
-0.331064
0.467233
-0.330205
-0.414392
-0.757037
-0.869159
-0.00144633
1.36069
0.814047
0.156787
-0.425231
0.229473
-0.180196
-0.537156
-0.176815
0.270703
-0.132156
0.585693
-0.144121
-0.117136
-0.00628437
-0.236439
-0.375308
-0.305996
0.511959
0.0137267
0.229811
-0.319517
0.18235
-0.26895
-0.538781
-0.389623
0.442792
0.577889
0.252818
-0.144538
0.029444
-0.574108
-0.473581
-0.535622
-0.740028
-0.154649
-0.633157
0.439056
0.390912
-0.617194
0.116024
-0.156581
-0.180641
0.401846
-0.669219
0.217944
0.0323242
-0.355753
0.105215
0.207615
-0.680631
0.29211
0.477853
0.725169
-0.834183
0.222055
0.296205
-0.281675
0.255215
0.606471
-0.586719
-0.792824
0.621792
0.188951
0.271814
-0.325239
-0.532202
0.0844264
0.791595
0.884154
-0.308015
-0.301803
0.196379
-0.324925
-0.306613
-0.0661474
0.332994
-0.0586421
0.00121984
0.160851
-0.128956
-0.633831
-0.0948626
0.502563
2.36474
1.14606
0.995783
1.00416
0.116651
-0.793271
-1
-0.0648507
0.218861
-0.26704
-0.296124
1.31649
0.0239304
0.0914137
-0.0418678
0.985293
0.646297
0.236891
-0.474236
-0.448911
-0.626875
1.06783
-0.344702
-0.482782
-0.510155
-0.154888
0.765959
0.0580017
0.123158
0.173046
-0.445209
0.114427
0.371473
-0.537928
-0.246872
1.05968
0.217732
-0.125245
-0.278005
-0.0994552
1.18267
0.240256
-0.536264
-0.137867
0.680847
0.75778
-0.232037
-0.202116
-0.722607
-0.8159
0.224311
-0.0674444
0.818579
0.419037
0.629428
0.200423
0.0616114
0.217456
0.951794
-0.343687
0.455431
0.73615
-0.435859
-0.028931
0.0344918
0.396833
-0.49203
0.843381
-0.128916
-0.518808
0.232679
-0.585229
-0.295387
-0.475813
-0.51247
0.624886
0.314583
-0.365061
-0.752773
-0.59028
0.425116
-0.54108
-0.617438
-0.223785
0.119914
0.368659
0.820017
-0.214918
-0.27991
0.33297
-0.330885
-0.603144
-0.577825
-0.602975
-0.0619553
0.294487
0.281812
0.2578
0.464487
-0.468853
-0.379132
-0.606246
-0.122346
-0.138386
-0.691268
-0.68257
-0.110578
-0.722871
-0.376367
0.321727
0.108242
0.0723172
-0.327878
-0.20015
0.423954
-0.0336172
0.370033
0.348521
-0.0882563
0.0698113
-0.0819666
1.00496
0.933708
-0.572153
-0.476646
0.143402
-0.0898224
-0.505801
-0.00562868
-0.254945
0.980837
0.54304
0.828908
0.469779
-0.140852
-0.323034
-0.448504
-0.0270603
0.847524
0.732438
0.0488069
0.511114
-0.671639
-0.658783
-0.32892
-0.44228
-1
-1
-0.2945
0.0930641
-0.496386
-0.0287378
-0.546367
-0.0859698
-0.263468
-0.643236
-0.829468
0.425376
0.117258
-0.238827
-0.378339
-0.189462
0.391997
0.610352
-0.0107869
-0.381678
-0.0918335
0.0672921
-0.278044
0.0233664
0.720095
0.0171011
-0.487278
-0.520005
-0.763917
-0.549563
0.000550818
0.0199051
0.00634343
-0.211378
-0.350659
-0.587952
0.682449
0.650053
0.889484
-0.490033
-0.367216
-0.626185
0.464368
0.850456
-0.592258
0.289156
-0.587306
-0.877414
-0.0840175
0.0769567
0.290037
-0.159217
-0.11202
0.139772
0.103213
0.789149
-0.224769
-0.169503
-0.890957
0.282846
-0.327101
-0.122121
-0.665866
-0.611176
-0.36625
0.322923
0.716815
-0.0648041
-0.672708
-0.72855
-0.517885
-0.3394
0.403181
0.777317
-0.513185
0.0341941
0.438728
0.715597
-0.186074
0.193574
0.0252664
-0.379107
-0.46125
0.0243765
0.317343
-0.0102193
-0.181106
-0.915679
-0.631645
-0.290944
-0.536321
0.177996
0.463206
0.421047
0.174004
-0.118685
-0.763876
-0.487926
-0.63032
-0.506139
0.57235
0.174803
1.29597
-0.323754
-0.918891
0.333691
0.528252
0.673448
0.142275
0.613539
0.581608
0.347715
-0.16133
-0.00122749
-0.0149038
-0.189589
0.206519
-0.289604
-0.0214001
-0.924018
-0.289879
-0.0852318
0.526628
0.302831
-0.032299
0.216249
0.703801
-0.0226144
-0.0443512
0.0537388
0.161344
1.4478
0.080785
-0.666178
-0.810229
0.882277
0.731373
0.210977
0.416171
-0.647652
-0.528205
-0.472313
-0.00678111
0.27875
0.351947
-0.527916
-1
-0.439409
0.513813
-0.47031
-0.256771
0.435321
-0.218284
0.828013
-0.36176
-0.403392
0.262648
-0.0804298
-0.271789
0.723182
0.123737
-0.0113913
-0.579401
-0.0387277
-0.642141
-0.0302727
0.168563
0.0236275
0.488513
-0.0303805
-0.0537971
0.838906
-0.448024
-0.142768
-0.613303
0.6783
1.08998
-0.138778
0.286012
-0.0882468
0.327442
0.223146
0.19577
0.963004
0.105407
-0.0935795
0.660803
0.252343
0.40496
-0.652675
-0.0541508
0.797058
-9.73167e-05
-0.889868
-0.778573
-0.223054
0.0105072
-0.388327
-0.373509
-0.560644
-0.95995
-0.204957
-0.254561
0.159544
-0.0536751
-0.638096
-0.230336
-0.724575
-0.15353
-0.795861
0.661417
0.154645
-0.412739
-0.322767
-0.890077
-0.26411
-0.201283
-0.492778
-0.174654
-0.684855
-0.439133
-0.145643
-0.367224
0.55234
0.328514
0.245238
0.610168
1.0109
-0.555163
-0.815415
-0.774985
-0.504417
0.662926
-0.576582
-0.0321186
0.38863
-0.33958
-0.238677
-0.139035
0.181253
0.576123
0.0353658
0.162761
-0.220035
1.10641
-0.213924
-0.598746
1.11916
0.625231
0.0673492
0.299487
0.386921
0.491532
0.381432
0.175855
0.654248
0.175623
0.681567
0.368028
-0.202067
0.163417
0.40517
-0.637225
-0.0889048
-0.814773
-0.355053
0.730529
-0.035665
0.702543
0.983662
-0.0779199
1.14069
1.34599
0.629062
-0.457979
-0.143905
-0.497697
0.0423999
-0.375463
0.43594
0.411655
0.967401
-0.458591
-0.156842
-0.115874
0.371878
-0.37141
0.10466
0.997579
-0.0576667
0.136433
-0.0570956
0.443283
0.15469
0.100844
-0.310872
-0.182899
-0.951512
-0.174477
-0.232272
-0.545251
-0.727358
-0.863042
0.842642
0.121715
-0.250452
-0.475367
-0.470903
0.132359
-0.281141
-0.247822
-0.384311
-0.483378
-0.451375
-0.211875
-0.283695
-0.699503
0.544927
0.134444
0.960196
0.981967
0.0244698
0.0474476
0.722755
-0.625453
0.107024
-0.0502851
-0.513337
-0.515841
-0.689607
-1
-0.647898
0.0173588
-0.269325
1.33616
1.23752
-0.261556
0.494642
-0.174568
0.0138449
1.0998
-0.0752353
-0.349326
-0.266816
-0.0410878
0.288338
0.871095
-0.198562
0.702645
0.201893
0.59272
-0.632087
-0.558576
-0.207026
0.0139766
-0.733627
-0.488636
-0.703262
-0.840387
0.013118
-0.0127114
0.759182
-0.00119401
-0.593208
-0.40687
0.707043
0.219761
0.0284553
0.0904
-0.650343
0.369359
0.418189
0.644054
0.703546
0.508582
-0.258834
0.556692
0.710607
0.675952
-0.194072
0.35369
-0.0752516
0.502241
0.243774
0.675001
0.945457
-0.142967
-0.723666
-0.856263
-0.734137
-0.462204
0.227097
-0.635693
0.0566589
0.578786
-0.132828
0.771477
-0.252763
0.0114811
-0.331612
-1
-0.486504
-0.694296
0.336769
1.29639
0.677295
0.0840938
-0.20047
0.215571
0.777074
0.337808
-0.122052
0.158999
0.146711
1.64525
-0.0069763
0.00313007
-0.277681
-0.237159
-0.38027
-0.349142
-0.0863344
-0.109394
-0.215082
0.154295
-0.0325524
-0.151115
0.62877
0.457977
0.606492
-0.470666
-0.169244
-0.641457
0.125173
0.556495
0.334098
-0.480958
-0.609371
0.344671
0.0716013
0.623214
1.18364
-0.0260253
-0.200366
0.50425
0.0922138
0.822574
0.615257
0.211712
0.113614
-0.354884
0.122992
0.388658
0.229411
0.70683
0.0611372
0.270932
1.58196
0.522327
0.178658
1.69489
1.69974
-0.292198
-0.393278
-0.708361
-0.882039
-0.288613
0.186164
0.516258
-0.433129
-0.802091
0.0168369
-0.42338
0.0349845
-0.513288
0.187446
0.227031
0.697758
0.105138
-0.460685
-0.710254
0.171985
-0.203211
1.19326
0.322475
-0.851067
-0.103362
-0.145819
-0.0735688
-0.179682
-0.556888
1.37649
1.93085
0.889671
2.05031
-0.0745236
-0.296909
-0.0154007
-0.0363433
0.557454
0.0572999
-0.361654
0.185931
-0.398166
0.359578
0.843665
0.8827
0.816746
-0.26897
0.873658
0.300328
0.24932
0.436058
0.0266783
0.255407
0.386316
-0.139305
-0.782578
0.188528
0.508624
1.43094
-0.543469
0.349844
0.0233778
-0.485552
1.10708
1.78252
0.0904784
-0.760993
0.792814
-0.322925
0.645116
-0.0846436
-0.111734
-0.026291
0.518644
-0.18957
0.851604
0.942169
0.454666
-0.0183675
0.302506
-0.224852
0.249449
0.464321
-0.516384
-0.611118
-0.566099
0.534203
1.13141
0.447582
1.42705
-0.657739
-0.155181
-0.591672
0.0645082
-0.27848
0.136229
1.35378
1.82855
0.908593
0.171722
1.24452
0.989482
0.0340039
0.0503904
0.640054
1.13981
0.134063
0.752386
0.507595
-0.0933575
-0.67827
-0.409588
-0.159883
-0.323577
1.23609
0.396439
-0.595477
-0.679824
-0.280652
1.14711
0.174349
0.0716889
0.751687
0.105235
0.536155
0.499823
-0.630039
-0.152207
0.650612
0.913671
0.303631
0.192066
0.182077
0.635682
0.189261
1.09856
-0.723288
0.752426
-0.294826
0.175318
0.00888459
0.195116
0.823961
0.865701
-0.0839987
0.531761
1.29046
0.0728642
-0.66259
0.198647
0.379807
0.303855
-0.0400465
-0.0820198
0.0655678
-0.947783
-0.147334
0.00359227
1.47868
0.0748427
0.475643
0.223729
0.0860499
0.821133
0.629755
0.619018
-0.145522
0.472337
-0.531693
0.185437
0.903104
1.09808
0.0815412
0.505497
0.376646
-0.192933
-0.241517
0.249702
0.0673982
-0.398291
-0.752035
0.0643346
0.0854907
-0.940191
-0.349801
0.494977
0.867004
0.837933
0.932287
-1
-0.865551
-0.475326
0.247503
-0.317712
-0.0427303
-0.359151
0.157736
0.219038
-0.0309103
-0.104884
0.402389
-0.601469
0.422607
-0.307243
0.355291
1.31964
0.398809
0.415966
-0.56246
-0.403192
-0.584523
-0.320298
-0.103943
0.219067
0.245925
0.217573
0.524337
1.04542
1.55433
0.139426
0.736445
0.812157
-0.00700594
-0.238989
-0.387932
0.51337
-0.648153
-0.148006
0.210124
-0.0267591
-0.392753
-0.649743
-0.522414
-0.271316
0.222337
1.04368
-0.166771
0.632363
0.463589
0.00354156
-0.156921
-0.286596
-0.834302
-0.305565
0.897785
-0.72502
-0.529826
0.620539
0.704609
-0.477611
0.124752
0.839556
-0.00154046
-0.00325855
-0.520626
-0.207484
0.560583
0.169523
-0.537136
0.392448
0.545425
-0.296129
-0.353444
-0.223391
1.49275
-0.0966961
-0.301052
-0.6984
-0.25602
0.168764
-0.0610569
0.338262
1.12165
0.856942
0.59523
-0.789762
-0.123332
1.40052
-0.590792
0.288842
0.181915
0.465171
0.473417
0.919353
0.197245
0.17983
0.108422
0.739093
-0.446088
-0.625621
0.657479
0.398078
0.366712
0.0672759
0.269778
-0.206166
-0.303455
-0.116364
0.118644
-0.575102
0.28247
0.0922736
-0.909202
0.174148
0.745917
0.545269
0.475125
0.705495
1.45947
-0.246155
-0.680232
-0.0836105
-0.159128
-0.630899
0.0755244
0.222433
1.10368
0.550709
0.1375
0.371521
0.141353
-0.294975
-0.453062
-0.186912
-0.987569
-0.552137
0.0865944
-0.67472
-0.309024
-0.655784
-0.287281
-0.3591
0.964127
0.123896
2.44905
0.604677
0.150695
0.639117
-0.410009
-0.43583
-0.097213
-0.511704
-0.293355
0.108821
0.931253
0.62081
-0.582231
-0.269227
-0.621201
-0.0178099
0.247449
-0.375708
0.018376
0.0489338
0.571018
0.125374
-0.293345
-0.0216764
-0.133127
-0.564108
-0.502497
-0.132305
-0.210978
-0.561237
0.882513
0.734107
0.206366
0.414777
-0.409948
-0.145808
-0.412189
-0.661421
0.347273
-0.0214037
0.0140194
0.0299448
-0.293905
0.210415
-0.0799514
0.0936733
-0.18584
-0.835609
-0.324294
-0.0163721
-0.0265691
-0.188398
0.284659
-0.289908
-0.392347
-0.0644941
-0.00611682
0.426891
0.402092
0.539225
-0.646767
-1
-0.51641
-0.0955833
0.298729
0.379321
1.56771
1.26591
1.00056
-0.43144
-1
-0.564737
0.384664
-0.290805
0.940796
-0.312367
-0.454104
-0.149847
-0.659376
-0.611565
-0.265667
-0.415392
-0.271809
-0.649301
0.0460494
0.472969
-0.245833
0.0768657
0.0758267
0.11793
0.334399
-0.0816158
0.323902
0.696361
1.23418
-0.25525
-0.129852
-0.216761
0.280941
0.307629
-0.364468
-0.18631
-0.0607818
-0.0112927
-0.327379
0.206713
0.0929733
-0.391087
-0.221441
0.924329
0.0422745
-0.300795
-0.139501
0.360173
-0.33364
-1
-0.626346
-0.109975
0.415715
-0.143923
0.325877
0.576323
-0.295095
-0.136862
-0.290731
-0.703783
-0.0240701
0.774384
0.537467
1.83066
0.97372
0.110769
0.305748
-0.244403
0.29655
-0.278089
-0.193253
0.0826406
0.59715
-0.0455392
0.814627
0.778575
0.172298
-0.150308
-0.056717
0.0716185
0.21581
-0.33074
-0.9765
-0.734405
-0.43755
-0.599245
-0.758994
-0.343635
-0.668571
-0.784386
-0.355307
-0.0940527
-0.629131
0.0607293
0.216449
-0.173226
-0.532253
-0.546651
-0.292784
0.142746
-0.410533
-0.872134
-0.354251
-0.44145
0.545873
-0.335888
-0.626695
-0.819455
-0.373527
0.661764
-0.0744181
-0.160123
-0.957697
-0.579362
0.194617
0.717938
-0.203775
-0.214218
-1
-0.769902
-0.443243
-0.342247
-0.31354
0.327128
0.766346
-0.625379
-0.267835
0.545957
-0.275684
-0.782944
-0.807456
-0.670639
-0.281411
0.470383
0.158706
0.82013
-0.76277
-1
-0.875266
0.320337
0.116986
-0.289921
-0.528986
0.525723
-0.133444
-0.653263
-0.378299
0.751313
0.090692
-0.705874
-1
-1
-0.965123
-0.0573879
-0.692242
-0.125471
-0.265606
-0.552822
-0.654949
-0.595258
-0.279876
-0.265733
0.129428
-0.302161
-0.973229
-0.617171
-0.220999
0.12784
0.192913
0.258791
0.168683
-0.384836
-0.599992
0.327474
-0.13085
-0.246296
-0.437861
-0.405266
-0.719466
-0.870934
-0.975503
-0.614897
-0.778574
-0.397479
0.0464705
-0.00321734
-0.786106
-0.804294
-0.534168
0.180627
-0.598458
-0.705946
-0.502161
-0.257773
-0.188178
-0.324861
-0.744281
-0.284877
-0.274376
-0.392747
-0.666033
0.523762
-0.474133
-0.843363
-0.265385
0.100705
-0.563364
-0.89699
-0.420421
0.420242
-0.572011
-0.874307
-0.124082
0.0754588
0.325193
-0.276474
0.0434166
0.0045834
-0.18029
-0.392866
-0.741074
0.278905
0.438885
-0.0203167
-0.536765
-0.384093
-0.515131
-0.791395
-0.270617
-0.664961
-0.446258
-0.762822
-0.623519
0.151021
0.364954
-0.615656
-0.479065
-0.0749151
-0.39802
-1
-0.885401
0.0524866
-0.938285
-0.497164
-0.00120536
-0.833795
0.408151
-0.00609429
-0.973891
-0.94355
-0.246559
0.00736414
0.997062
0.215425
-0.201215
-0.114625
0.327551
-0.565153
0.281334
-0.37255
-0.348401
-0.273195
-0.767713
-0.272123
-0.477398
-0.603299
0.0780166
-0.975375
-0.00888504
0.486058
-0.159014
0.110639
-0.148503
-0.687827
-0.372444
-0.330258
-0.342276
0.251526
0.0882443
-0.64726
-0.461665
-0.0550094
-0.435326
-0.829969
-0.352322
-0.24949
-0.110619
-0.286198
-0.400986
0.0574271
-0.110988
-0.737975
0.3073
-0.590482
-0.913299
-0.456072
-0.428575
-0.340675
-0.726677
-1
-0.711814
-0.82437
-0.304566
-0.52085
-0.405154
-0.223522
-0.472793
-0.372764
0.704338
-0.314905
-0.102112
-0.010509
0.311574
-0.512554
-0.569976
-0.610824
-0.651643
-0.416854
0.433514
-0.088217
-0.329824
0.0363342
-0.228292
-0.354539
-0.175246
-0.784817
-0.462557
-0.478406
-0.853729
-0.383524
-0.434708
-0.748061
-0.704777
0.0329423
-0.672534
-0.266444
0.412362
0.659853
0.843113
-0.29267
-0.59818
0.334692
0.0128949
-0.773636
0.0766941
0.058553
-0.445494
-0.610296
-0.980104
-0.627133
-0.963267
-0.33679
-0.0283237
-0.586886
-1
-0.38085
-0.0600038
-0.920746
-0.875606
-0.365816
-0.61152
-0.167358
-0.695373
-0.826727
-0.589982
0.543532
0.605033
-0.0783834
-0.0563387
0.374357
-0.000268772
0.201721
0.22394
-0.543179
0.082764
0.192296
0.350686
1.45349
-0.55647
-0.524919
-0.285531
0.300594
-0.622944
-0.622792
-0.689264
-0.0495442
-0.666294
0.228602
0.192529
-0.405701
-0.221612
0.21194
0.466391
-0.0937029
-0.338212
-0.558099
-0.71498
-0.458159
-0.140137
0.349423
-0.0309431
-0.713845
0.165214
-0.23386
-0.638877
0.992863
-0.105824
-0.566615
-0.0878564
-0.561844
-0.962172
-0.262026
0.832113
-0.0323309
-0.366828
0.244673
0.339893
-0.420521
-0.738867
-0.15889
-0.0625168
-0.138613
-0.451285
0.0145239
-0.404248
0.388973
-0.159327
-0.540314
-0.638745
-0.301201
0.857489
-0.368649
-0.292812
-0.105878
-0.792441
-0.298646
-0.472554
-0.434086
-0.410542
-0.72696
-0.119288
-0.452958
-0.401829
-0.0442163
-0.073619
-0.339439
-0.823143
-0.282726
-0.0945787
1.20563
0.80865
-0.262551
-0.0315423
-0.467601
1.29425
0.190905
-0.921557
-0.626459
-0.0281349
-0.454089
-0.507938
0.0547962
-0.354158
-0.193972
0.288941
-0.531326
-0.472741
-0.361896
0.0737865
-0.231227
0.510815
0.366183
-0.83498
-1
-0.434249
-0.296734
-0.0201278
-0.351974
-0.308548
0.127719
0.306162
-0.13287
-0.547145
-0.84164
-0.718194
-0.696465
-0.799892
-0.684443
-0.677011
0.179204
-0.679971
0.0205659
0.214491
-0.241127
0.236686
-0.908838
-0.840518
-0.625574
-0.193001
0.131767
-0.527138
-0.111228
0.253543
0.218509
-0.27331
0.361502
-0.792952
-0.659122
-0.654901
-0.217786
-0.599845
-0.784932
0.442385
-0.516831
-0.0937673
-0.524855
0.0797583
0.500526
0.410802
-0.460325
0.0631819
0.0951842
0.17122
-0.733891
-1
-0.427298
0.225778
-0.161538
-0.0471181
-0.803382
0.937905
0.798504
-0.201482
-0.185249
-0.187881
0.109383
-0.413278
0.0263591
-0.281075
-0.376724
1.11425
0.0240135
0.0471385
-0.32424
1.0711
0.862084
0.466116
0.0649557
0.244567
-0.406065
-0.106847
0.682924
1.07434
0.00975759
0.0235118
0.273717
-0.248704
-0.51366
-0.347873
0.468638
0.740887
-0.00767707
-0.0723934
-0.945212
-0.0217737
0.655989
-0.402801
-0.564454
-0.980016
-0.531063
-0.205904
0.254136
-0.00358524
0.0346606
0.199121
0.0665947
1.00673
-0.176602
0.252154
0.0331338
-0.218827
-0.0585856
0.0288454
-0.955192
-0.913354
0.11984
0.0335002
0.333484
-0.656199
0.0260452
0.137754
0.685818
-0.197571
-0.178475
0.0509949
0.846163
-0.744358
-0.689849
-0.232932
0.966098
-0.307154
-0.344692
-0.341285
-0.695585
1.41368
-0.195207
0.00168695
-0.613765
0.12338
0.262567
0.388205
-0.245186
-0.917905
0.503111
-0.674209
-0.0733354
0.758886
-0.237359
-0.0172329
-0.380312
-0.201899
0.718689
0.141024
-0.501573
-0.370028
0.323249
0.0158338
-0.351779
-0.166615
-0.19543
-0.393818
-0.0624413
0.457829
0.507823
0.474523
0.417193
-0.36721
0.685086
0.211573
0.443631
0.590576
0.428016
0.018226
-0.119297
0.253843
0.152851
0.0451134
0.647918
0.541203
-0.149001
1.17732
-0.506868
-0.0330654
0.399353
0.290737
0.057318
-0.556029
0.256619
-0.0709591
0.273499
0.590623
-0.0316428
0.41503
0.355742
0.432981
0.426166
0.289702
0.471092
-0.0870048
0.711222
1.31704
0.83691
-0.24089
-0.494636
0.550871
0.910097
0.813917
0.778587
0.204438
0.0932209
-0.277738
-0.668535
-0.553654
0.617012
0.475016
0.874875
0.704396
0.606581
-0.268505
0.364181
0.478496
0.48108
0.268374
0.740482
0.0280283
-0.646357
0.288026
-0.581839
-0.719207
-0.0575683
0.203712
0.122206
-0.848453
0.203847
-0.307394
-0.856766
0.239721
0.467344
-0.5735
-0.115697
-0.286696
0.260238
-0.0419975
-0.0697999
-0.32793
1.265
1.37717
0.291703
0.14845
-0.259344
-0.48572
0.415308
0.164072
-0.381772
0.417382
0.311786
1.44958
0.768642
1.48478
0.441398
0.100406
-0.80839
0.41279
1.28941
-0.0933889
0.159997
0.261978
0.465877
0.0819902
0.415809
0.834095
-0.413094
-0.762322
-0.133699
1.16259
0.657772
-0.750701
0.424836
0.767108
0.329489
-0.22352
0.94481
-0.296176
0.355377
0.0232119
0.954213
0.942003
-0.065473
-0.396256
-0.0161343
-0.256095
0.142329
0.366983
-0.301171
-0.764018
0.633645
-0.471968
-0.158665
0.506617
-0.0946495
0.20022
-0.827141
-0.447082
0.412966
0.529318
1.50123
0.16716
-0.340118
-0.623557
-0.0423245
-0.331135
-0.319987
0.112472
-0.391787
-0.594704
-0.179226
0.875103
-0.335863
-0.641227
-0.582307
